

# Original Graph 200 in [200, 225)
14 vertices
0 1
0 2
0 3
0 4
0 5
1 5
1 6
1 7
2 8
2 6
3 6
3 9
4 9
4 10
5 11
5 9
6 8
6 12
6 7
7 12
8 12
9 11
9 13
9 10
10 13
11 13

# Unit Distance Graph 200
14 vertices
0 1
0 6
0 3
0 9
0 5
1 4
1 9
1 3
2 5
2 9
2 11
3 5
4 7
4 6
5 6
6 11
6 13
6 10
7 10
7 9
8 9
8 13
8 11
9 12
10 12
12 13

# Embedding 200 (with cost 9.64158e-15)
(1.0584, 0.158012, -0.0150917) (0.786637, 0.0614249, -0.972596) (0.670966, 0.094813, -0.0899317) (0.378324, 0.777752, -0.406772) (1.12555, 0.492694, -0.136447) (1.0206, 0.297983, -1.00453) (0.186586, 0.368651, -0.457319) (0.487205, 0.051311, -0.767078) (0.425479, 0.0943646, -0.273589) (0.82396, 0.968118, -0.552459) (1.12133, 0.711782, -0.364998) (1.07243, 0.551956, -0.883561) (0.357904, 0.0840661, -0.517181) (1.09665, 0.750333, -0.618898) 


# Original Graph 201 in [200, 225)
14 vertices
0 1
0 2
0 3
0 4
0 5
1 6
1 7
1 2
2 8
2 9
3 10
3 8
4 8
4 7
5 7
5 11
6 11
6 12
6 7
7 12
8 13
8 9
9 13
9 10
10 13
11 12

# Unit Distance Graph 201
14 vertices
0 1
0 2
0 8
0 4
0 7
1 4
1 8
1 3
2 5
2 7
2 4
3 7
3 6
5 9
5 8
6 8
6 13
6 10
7 10
7 9
8 11
9 11
9 12
10 12
11 13
12 13

# Embedding 201 (with cost 8.29034e-15)
(1.71356, -1.16624, -0.356013) (0.741909, -1.02087, -0.542481) (0.878379, -0.89225, -0.832887) (1.70928, -0.781959, -0.626852) (1.29407, -0.279775, -0.160522) (1.49714, -1.13685, -0.0863611) (0.894525, -1.01917, -0.097789) (1.05307, -0.567063, 0.0964862) (1.36722, -0.241108, -0.511524) (1.13977, -0.668745, -0.894546) (1.51421, -0.644537, -0.787457) (1.24652, -1.08743, 0.00728779) (1.08475, -0.932753, 0.0684041) (1.39766, -0.455132, -0.752549) 


# Original Graph 202 in [200, 225)
14 vertices
0 1
0 2
0 3
0 4
0 5
0 6
0 7
0 8
1 9
1 2
2 10
2 11
3 11
3 4
4 12
4 5
5 13
6 13
6 7
7 8
8 13
8 9
9 13
10 12
10 11
11 12

# Unit Distance Graph 202
14 vertices
0 1
0 2
0 10
0 12
0 4
0 5
0 13
0 9
1 5
1 4
2 6
2 13
2 5
3 8
3 9
3 13
4 9
4 8
6 11
6 10
7 10
7 11
7 12
8 12
8 11
11 13

# Embedding 202 (with cost 8.35509e-15)
(0.102074, 0.158532, -0.0812953) (0.576889, -0.708403, 0.0702782) (0.420735, -0.785656, -0.164741) (0.149946, -0.259518, -0.538376) (0.746432, -0.184774, -0.764628) (0.947166, -0.0420079, -0.57688) (0.757235, 0.150047, -0.0587797) (0.513136, 0.135346, 0.094674) (0.781998, -0.203953, 0.234556) (0.799478, -0.508849, 0.179915) (0.429275, -0.73335, -0.393521) (0.316626, -0.595056, -0.559464) (0.582774, -0.448077, -0.714504) (1.07289, -0.0303099, -0.229124) 


# Original Graph 203 in [200, 225)
14 vertices
0 1
0 2
0 3
0 4
0 5
0 6
1 7
1 8
1 9
1 2
2 3
3 9
3 10
3 11
3 4
4 5
5 12
5 6
6 12
7 13
7 8
8 10
9 10
11 13
11 12
12 13

# Unit Distance Graph 203
14 vertices
0 3
0 11
0 13
0 7
0 8
0 10
1 3
1 4
1 5
1 12
1 11
2 11
2 12
2 13
3 7
3 13
3 12
3 6
4 8
4 7
5 9
5 10
5 8
6 10
6 9
9 12

# Embedding 203 (with cost 9.86581e-15)
(0.15883, 0.134835, 0.0683573) (-0.140694, 0.26431, -0.727284) (-0.185718, 0.0310557, -0.360833) (-0.76145, 0.522174, 0.0131001) (-0.0435033, 0.364738, 0.262902) (0.186037, 0.476105, 0.193797) (0.225831, 0.665531, 0.0818398) (-0.0535069, 0.822099, -0.626323) (-0.301922, 0.635663, -0.664363) (-0.550559, 0.368209, -0.473875) (-0.700015, 0.521548, -0.267556) (-0.391725, 0.960506, -0.0547548) (0.161538, 0.905413, -0.0218454) (0.0118181, 1.01089, -0.390897) 


# Original Graph 204 in [200, 225)
14 vertices
0 1
0 2
0 3
0 4
0 5
1 6
1 7
1 8
2 9
2 7
3 7
3 4
4 6
4 5
5 6
7 10
7 8
8 11
8 9
9 11
9 12
9 10
10 12
10 13
11 13
12 13

# Unit Distance Graph 204
14 vertices
0 7
0 8
0 11
0 13
0 10
1 2
1 7
1 10
1 9
2 8
2 7
3 8
3 9
3 11
4 9
4 12
4 13
4 11
5 10
5 13
5 12
6 9
6 10
6 12
7 9
7 8

# Embedding 204 (with cost 9.14059e-15)
(-0.210228, -0.0707167, -0.0538038) (0.525384, -0.222024, 0.360118) (-0.109527, -0.144877, -0.408605) (-0.142654, -0.760108, 0.179424) (-0.15846, -0.419718, 0.297688) (-0.133927, -0.187065, 0.209899) (0.26616, -0.233526, 0.397597) (0.049113, -1.03355, 0.0216134) (0.749613, -0.321656, 0.0716303) (0.256343, -0.279218, -0.601311) (0.313458, -0.856296, -0.383378) (0.724212, -0.406609, -0.172118) (0.394474, -0.646392, -0.504111) (0.579195, -0.607986, -0.35071) 


# Original Graph 205 in [200, 225)
14 vertices
0 1
0 2
0 3
0 4
0 5
1 5
1 6
1 7
2 8
2 9
3 10
3 11
4 11
4 12
5 6
6 12
6 11
6 7
7 9
7 8
8 9
9 13
9 10
10 13
11 13
11 12

# Unit Distance Graph 205
14 vertices
0 6
0 7
0 9
0 13
0 11
1 3
1 11
1 13
1 10
2 6
2 11
2 12
3 7
3 6
4 7
4 8
4 9
5 9
5 10
5 13
6 10
6 9
7 11
8 12
8 11
9 12

# Embedding 205 (with cost 8.09541e-15)
(-0.0596268, 0.798555, 0.377482) (-0.23901, 1.03982, -0.482277) (0.147723, 1.10179, 0.16824) (0.254591, 0.654848, 0.297566) (-0.00669481, 0.330687, -0.0774545) (-0.348864, 0.738353, -0.209185) (-0.218608, 0.54378, -0.57636) (0.108978, 1.22406, -0.51163) (0.266097, 1.27054, -0.28302) (0.573643, 1.10368, -0.333764) (0.647117, 0.750271, -0.120422) (0.398121, 0.281274, -0.345628) (-0.0622589, 0.339889, -0.444474) (0.633879, 0.583304, -0.310062) 


# Original Graph 206 in [200, 225)
14 vertices
0 1
0 2
0 3
0 4
0 5
0 6
1 7
1 8
1 9
2 9
2 8
2 3
3 10
3 11
3 4
4 11
5 12
5 10
6 10
6 13
7 13
7 8
8 13
8 9
10 12
11 12

# Unit Distance Graph 206
14 vertices
0 2
0 3
0 10
0 6
0 13
0 8
1 3
1 11
1 12
1 10
2 6
2 10
2 5
3 7
3 13
3 6
4 7
4 8
4 13
5 8
5 9
7 11
8 12
8 11
9 10
9 12

# Embedding 206 (with cost 9.76501e-15)
(1.27221, 0.335935, 0.847381) (0.768999, -0.0121418, 1.00295) (1.16417, -0.487057, 1.40507) (1.54379, -0.310629, 1.56026) (1.58503, 0.149371, 1.22542) (1.33067, 0.495445, 1.48854) (0.869225, 0.399951, 1.76035) (0.613809, 0.0346594, 1.43414) (0.692142, -0.268282, 1.39368) (0.867362, -0.360241, 1.25801) (1.12577, 0.41576, 1.83338) (1.60546, 0.113108, 1.53646) (1.40691, 0.374661, 1.66887) (0.670226, 0.171235, 1.62872) 


# Original Graph 207 in [200, 225)
14 vertices
0 1
0 2
0 3
0 4
1 5
1 6
2 6
2 7
2 8
3 9
3 7
3 10
4 10
4 11
5 12
5 13
6 13
6 7
7 10
7 9
7 8
8 9
10 13
11 13
11 12
12 13

# Unit Distance Graph 207
14 vertices
0 6
0 7
0 10
0 13
1 3
1 10
1 7
2 4
2 11
2 13
2 10
3 6
3 13
3 5
4 7
4 6
5 7
5 9
6 10
7 12
7 11
8 11
8 12
8 13
9 13
9 12

# Embedding 207 (with cost 9.2615e-15)
(-0.405077, 0.28066, -0.464204) (-0.376696, 1.07539, -0.293735) (-0.807555, 0.709395, 0.155843) (-0.453417, 0.115365, -0.024547) (0.0491923, 0.432517, -0.279268) (-0.111001, 1.03789, -0.202583) (-0.60761, 1.09843, 0.0745353) (-0.578369, 0.496906, 0.496633) (-0.718299, 0.493117, 0.302676) (-0.61057, 0.282985, 0.222325) (0.155392, 0.505851, 0.332767) (0.137403, 0.700915, -0.171238) (0.0760587, 0.918234, -0.131226) (0.173673, 0.887128, 0.0809973) 


# Original Graph 208 in [200, 225)
14 vertices
0 1
0 2
0 3
0 4
0 5
1 6
1 7
1 8
2 9
2 3
3 7
3 10
3 4
4 11
5 12
5 10
5 13
6 13
6 7
7 9
7 8
8 9
10 13
10 12
10 11
11 12

# Unit Distance Graph 208
14 vertices
0 3
0 10
0 13
0 6
0 7
1 3
1 4
1 11
1 10
2 5
2 13
2 10
3 6
3 13
3 5
4 7
4 6
5 7
5 9
7 12
7 11
8 10
8 11
8 12
9 10
9 12

# Embedding 208 (with cost 9.99207e-15)
(-0.215102, -0.0068503, -0.53878) (-0.612588, 0.324238, -0.854854) (-0.0690865, 0.419627, -0.927967) (0.141987, 0.92568, -0.592398) (0.0872964, 0.687634, -0.239953) (-0.47391, 0.390741, -0.0140282) (-0.84545, 0.767671, -0.59149) (-0.651719, 0.816574, -0.901187) (-0.503326, 0.479826, -0.972557) (-0.280483, 0.480727, -0.991008) (-0.318081, 0.871021, -0.0710853) (-0.0795762, 0.688378, -0.0911138) (-0.31056, 0.566248, 0.00487459) (-0.820439, 0.770869, -0.369309) 


# Original Graph 209 in [200, 225)
14 vertices
0 1
0 2
0 3
0 4
0 5
1 5
1 6
1 7
2 8
2 9
3 10
3 11
4 12
4 13
4 5
5 13
5 6
6 9
6 8
6 7
7 8
9 10
10 13
11 13
11 12
12 13

# Unit Distance Graph 209
14 vertices
0 5
0 6
0 9
0 10
0 13
1 3
1 11
1 13
1 10
2 4
2 5
2 13
3 6
3 5
4 9
4 6
4 8
5 10
5 9
6 12
6 11
7 11
7 12
7 13
8 13
8 12

# Embedding 209 (with cost 6.0966e-15)
(0.636475, 0.283584, 0.642564) (0.28023, -0.232111, 0.610635) (0.112362, 0.0320056, 0.00022404) (0.0250513, 0.649072, 0.21264) (0.25505, 0.5209, 0.860818) (-0.285649, 0.0112465, 0.91737) (-0.155271, -0.301273, 0.466271) (0.119015, -0.289893, 0.435495) (0.0593302, -0.181836, 0.176818) (-0.0982199, 0.251498, -0.0350741) (-0.14099, 0.475852, 0.0437478) (-0.0596559, 0.693952, 0.446674) (-0.0289605, 0.660818, 0.707986) (-0.321054, 0.557612, 0.732268) 


# Original Graph 210 in [200, 225)
14 vertices
0 1
0 2
0 3
0 4
0 5
1 6
1 7
1 8
2 9
2 10
3 11
3 4
4 12
4 7
4 13
5 13
5 6
6 7
7 13
7 8
8 9
9 12
9 10
10 12
10 11
11 12

# Unit Distance Graph 210
14 vertices
0 4
0 7
0 8
0 9
0 12
1 3
1 4
1 12
1 11
2 4
2 13
2 7
3 8
3 7
4 9
4 8
5 9
5 10
5 12
6 10
6 11
6 12
7 11
7 10
9 13
10 13

# Embedding 210 (with cost 7.55223e-15)
(0.360187, -0.0279746, -0.891538) (0.19603, 0.37952, -0.193999) (-0.107899, -0.158298, -0.733876) (-0.137021, 0.160264, -1.11106) (-0.190359, 0.797469, -1.0162) (0.445517, 0.501103, -0.724107) (0.311037, 0.534651, -0.360169) (0.0625991, 0.734605, -0.317157) (-0.170825, 0.338947, -0.127736) (-0.374845, 0.184748, -0.24774) (-0.410748, -0.0118483, -0.784865) (-0.339108, 0.123213, -0.998943) (-0.539279, 0.408539, -0.87111) (0.176503, 0.797016, -0.814434) 


# Original Graph 211 in [200, 225)
14 vertices
0 1
0 2
0 3
0 4
0 5
0 6
1 7
1 8
1 2
2 8
2 9
3 9
3 8
3 4
4 8
4 10
5 10
5 11
6 12
6 7
7 13
8 9
10 13
11 13
11 12
12 13

# Unit Distance Graph 211
14 vertices
0 1
0 8
0 4
0 10
0 13
0 7
1 5
1 10
1 4
2 5
2 11
2 13
2 10
3 6
3 7
3 13
3 12
4 7
4 6
5 8
6 8
8 12
8 11
9 11
9 12
9 13

# Embedding 211 (with cost 8.83896e-15)
(1.03669, 0.363532, -0.514185) (0.566921, 0.0656661, 0.316834) (0.368539, 0.217398, -0.0162431) (0.493478, 0.760592, -0.271971) (0.644561, 1.04064, 0.108517) (1.29836, 0.558454, -0.154504) (1.09748, 0.160861, 0.252913) (0.790248, 0.101227, 0.418801) (0.35567, 0.805867, 0.0693825) (0.335449, 0.562724, -0.104783) (0.938583, 0.992126, 0.257337) (1.31428, 0.522369, 0.0958826) (1.24307, 0.396051, 0.280496) (1.16738, 0.598809, 0.448917) 


# Original Graph 212 in [200, 225)
14 vertices
0 1
0 2
0 3
0 4
0 5
0 6
1 7
1 2
2 8
2 9
3 9
3 10
3 11
4 11
4 10
4 12
5 12
5 8
5 6
6 13
7 13
7 8
8 13
9 10
10 12
10 11

# Unit Distance Graph 212
14 vertices
0 2
0 9
0 10
0 12
0 5
0 8
1 4
1 12
1 10
2 5
2 12
2 4
3 5
3 6
3 13
3 8
4 8
4 7
5 9
6 10
6 9
7 10
7 11
8 11
10 13
11 13

# Embedding 212 (with cost 9.40623e-15)
(1.20106, -0.773439, -0.00952079) (0.907292, -0.157643, -0.168105) (0.824706, -0.0829343, -0.627229) (1.03314, -0.769147, -0.745231) (0.734424, -1.07401, -0.529191) (0.21512, -0.731403, -0.171276) (0.570978, -0.531446, 0.109116) (0.66305, -0.171617, -0.104236) (0.426687, -0.175453, -0.21632) (0.847579, -0.321829, -0.828729) (0.641966, -0.854265, -0.834679) (0.832088, -0.924542, -0.740262) (0.301842, -0.910978, -0.42485) (0.549145, -0.326661, 0.00972504) 


# Original Graph 213 in [200, 225)
14 vertices
0 1
0 2
0 3
0 4
0 5
1 5
1 6
1 7
2 8
2 9
3 10
3 11
4 11
4 12
4 13
5 13
5 12
5 6
6 9
6 7
7 8
8 9
9 10
10 12
11 12
12 13

# Unit Distance Graph 213
14 vertices
0 5
0 6
0 9
0 10
0 12
1 3
1 11
1 12
1 10
2 5
2 12
2 13
3 6
3 5
4 6
4 7
4 8
4 9
5 10
5 9
6 11
7 12
7 11
8 13
8 12
9 13

# Embedding 213 (with cost 9.42903e-15)
(-0.592121, 0.60264, 0.62775) (-0.0265372, 0.649282, 0.0916653) (-0.691977, 0.542517, 0.306101) (-0.596226, -0.0607282, 0.505597) (-0.175614, 0.045272, 0.75709) (0.281507, 0.328293, 0.225869) (-0.0140755, 0.401755, -0.163141) (-0.23725, 0.538269, -0.110755) (-0.561399, 0.456805, -0.0686278) (-0.575389, -0.0163788, -0.157448) (-0.543762, -0.205011, 0.0400759) (-0.331352, -0.151709, 0.606933) (-0.133737, -0.271435, 0.466883) (0.176824, 0.0842855, 0.493737) 


# Original Graph 214 in [200, 225)
14 vertices
0 1
0 2
0 3
0 4
0 5
1 5
1 3
1 6
2 7
2 8
3 8
3 5
3 9
3 10
3 4
4 10
5 9
6 11
6 12
7 13
7 11
8 11
9 10
11 13
11 12
12 13

# Unit Distance Graph 214
14 vertices
0 1
0 6
0 11
0 8
0 3
1 3
1 8
1 2
2 3
2 5
3 7
3 13
3 12
3 6
4 6
4 12
4 11
5 8
5 11
5 7
7 9
9 11
9 13
10 11
10 12
10 13

# Embedding 214 (with cost 9.97869e-15)
(-1.8025, 0.408476, -0.372972) (-0.952313, 0.619358, 0.109438) (-1.76693, 0.132853, -0.206335) (-0.926493, 0.104595, -0.747506) (-1.33262, 0.398249, -0.719878) (-0.9834, 0.753626, -0.233181) (-1.00174, 0.338294, 0.221887) (-1.63584, 0.018787, -0.0478899) (-1.03277, -0.228544, -0.414574) (-0.984995, 0.571985, -0.567863) (-1.08934, 0.425794, -0.723695) (-1.13049, -0.190091, 0.0630654) (-1.16258, 0.115633, 0.224163) (-1.43723, -0.0146992, 0.103912) 


# Original Graph 215 in [200, 225)
14 vertices
0 1
0 2
0 3
0 4
0 5
1 6
1 7
1 8
2 9
2 3
3 7
3 10
4 10
4 11
5 12
5 10
5 6
6 10
7 9
7 13
7 8
8 13
9 13
10 12
10 11
11 12

# Unit Distance Graph 215
14 vertices
0 1
0 7
0 3
0 10
0 6
1 4
1 10
1 3
2 5
2 6
2 10
3 6
3 5
4 8
4 7
5 7
5 9
7 12
7 11
8 11
8 10
9 10
9 12
10 13
11 13
12 13

# Embedding 215 (with cost 8.97155e-15)
(-0.781026, 0.277056, -0.0955981) (0.0260636, 0.839872, -0.274046) (-0.748279, 0.616108, 0.113886) (-0.881973, 1.17318, -0.527772) (-0.860615, 0.515643, -0.603708) (-0.260052, 0.418324, -0.736123) (0.00435667, 0.710231, -0.537789) (-0.315379, 1.16164, -0.0694754) (-0.15862, 0.970782, -0.0559382) (-0.563095, 0.803222, 0.135667) (-0.801055, 0.963774, -0.822246) (-0.734093, 0.606478, -0.788136) (-0.52152, 0.545499, -0.829657) (-0.349722, 0.946985, 0.0699514) 


# Original Graph 216 in [200, 225)
14 vertices
0 1
0 2
0 3
0 4
0 5
0 6
1 7
1 8
1 9
2 10
2 3
3 4
4 8
4 11
5 11
5 12
6 12
6 11
6 13
6 7
7 13
8 10
8 9
9 10
11 13
11 12

# Unit Distance Graph 216
14 vertices
0 1
0 8
0 4
0 11
0 13
0 7
1 5
1 11
1 4
2 6
2 13
2 11
3 6
3 7
3 13
4 7
4 6
5 9
5 8
6 8
6 10
8 12
9 12
9 11
10 11
10 12

# Embedding 216 (with cost 9.51051e-15)
(0.405259, -0.288739, 0.329658) (-0.375408, 0.21981, -0.0335732) (0.0201651, -0.421586, 0.330664) (0.000725883, -0.391647, 0.566825) (-0.367703, -0.0674212, 0.924257) (0.285709, 0.263525, 0.715435) (0.123413, 0.573065, 0.333848) (-0.210828, 0.461703, 0.0903401) (-0.579456, -0.134173, 0.409941) (-0.429225, -0.117034, 0.128883) (-0.205224, -0.369723, 0.277747) (-0.0471694, 0.402442, 0.893198) (0.175694, 0.46798, 0.669097) (-0.106562, 0.570233, 0.315277) 


# Original Graph 217 in [200, 225)
14 vertices
0 1
0 2
0 3
0 4
0 5
1 5
1 6
1 3
1 7
2 8
2 9
3 10
3 6
3 11
3 4
4 11
5 6
6 11
7 12
7 13
8 13
8 12
9 12
9 10
10 12
12 13

# Unit Distance Graph 217
14 vertices
0 1
0 7
0 12
0 10
0 3
1 3
1 10
1 9
1 2
2 3
2 6
3 8
3 13
3 7
4 7
4 13
4 12
5 9
5 10
5 12
6 9
6 12
6 8
8 11
11 12
11 13

# Embedding 217 (with cost 9.99304e-15)
(1.21253, -0.0178567, -0.0293446) (0.557458, -0.538273, 0.518426) (1.2421, -0.344221, -0.18415) (0.277211, -0.147727, -0.358463) (0.720577, 0.121859, -0.119515) (0.643317, -0.192786, 0.44058) (0.359546, -0.0935239, 0.213662) (0.659528, -0.773685, 0.32125) (1.09435, -0.677531, -0.131309) (0.915176, -0.644048, -0.409393) (0.500855, -0.556947, -0.479796) (0.405154, 0.0405449, -0.0344487) (0.747309, -0.862273, -0.294929) (0.843068, -0.852437, 0.0695438) 


# Original Graph 218 in [200, 225)
14 vertices
0 1
0 2
0 3
0 4
0 5
1 6
1 7
1 8
2 9
2 10
3 10
3 7
3 11
4 11
4 12
5 13
5 6
6 13
6 11
7 10
7 9
7 8
8 9
11 13
11 12
12 13

# Unit Distance Graph 218
14 vertices
0 1
0 7
0 3
0 11
0 6
1 4
1 11
1 3
2 6
2 11
2 13
3 6
3 5
4 8
4 7
5 7
5 10
6 10
7 13
7 12
8 12
8 11
9 11
9 12
9 13
10 13

# Embedding 218 (with cost 9.59732e-15)
(-0.499278, -0.368125, -0.0641996) (-1.42293, -0.567599, 0.263035) (-0.724412, -0.644336, -0.281889) (-1.29208, -0.10754, -0.615159) (-0.733864, 0.0289887, -0.148395) (-0.76125, -0.208532, 0.226279) (-1.39981, -0.286301, 0.362817) (-1.39091, -0.686349, -0.386278) (-1.3513, -0.749672, -0.0367506) (-0.999867, -0.76706, -0.255926) (-1.23783, -0.519457, -0.596036) (-1.27037, 0.18846, -0.373441) (-1.08332, 0.212975, -0.075463) (-1.18654, 0.116171, 0.174254) 


# Original Graph 219 in [200, 225)
14 vertices
0 1
0 2
0 3
0 4
0 5
0 6
1 6
1 7
2 7
2 3
3 7
3 8
3 9
4 10
4 5
5 11
6 12
6 8
6 7
7 8
9 13
9 10
10 13
11 13
11 12
12 13

# Unit Distance Graph 219
14 vertices
0 3
0 9
0 13
0 12
0 6
0 8
1 9
1 10
1 13
2 11
2 12
2 13
3 6
3 12
3 11
3 5
4 6
4 7
4 8
5 8
5 7
6 10
6 9
7 11
7 13
7 10

# Embedding 219 (with cost 9.33686e-15)
(0.225479, 0.088874, -1.10697) (0.703275, 0.104336, -0.998814) (0.659341, 0.542173, -0.784184) (0.624924, 0.993216, -0.956612) (0.139744, 0.363974, -1.41943) (0.300861, 0.278714, -1.57667) (1.13669, 0.298269, -1.46173) (0.950543, 0.511831, -0.853087) (0.948913, 0.770093, -0.994796) (0.48663, 1.03748, -1.28569) (0.302913, 0.845038, -1.53832) (0.5679, 0.417307, -1.77214) (0.899849, 0.450896, -1.75053) (0.604085, 0.742411, -1.76237) 


# Original Graph 220 in [200, 225)
14 vertices
0 1
0 2
0 3
0 4
0 5
0 6
1 7
1 8
2 8
2 9
2 10
3 10
3 4
4 11
5 11
5 9
5 12
6 12
6 7
7 12
7 13
7 8
8 13
9 11
9 10
12 13

# Unit Distance Graph 220
14 vertices
0 2
0 9
0 5
0 12
0 13
0 8
1 5
1 9
1 11
2 6
2 12
2 5
3 7
3 13
3 12
4 7
4 8
4 13
5 8
6 10
6 9
7 11
7 9
7 10
8 11
10 12

# Embedding 220 (with cost 8.32562e-15)
(0.548064, -0.244457, 0.659334) (0.737172, -0.294968, 0.280455) (0.112045, -0.122265, -0.23227) (0.174335, -0.0995313, 0.478162) (0.166177, -0.263163, 0.645982) (0.0192717, -0.990643, 0.254877) (0.582852, -0.844314, 0.274669) (0.62414, -0.824712, -0.0431712) (0.392147, -0.268798, -0.328136) (-0.233017, -0.316262, 0.0390465) (-0.0279772, -0.0767412, 0.0804524) (-0.222059, -0.545723, 0.410825) (0.229642, -1.04082, 0.145123) (0.414074, -0.876528, -0.103905) 


# Original Graph 221 in [200, 225)
14 vertices
0 1
0 2
0 3
0 4
0 5
0 6
1 7
1 8
1 2
2 8
2 9
3 10
3 11
4 11
4 12
5 12
5 8
5 7
5 6
6 7
7 8
9 13
9 10
10 13
11 13
12 13

# Unit Distance Graph 221
14 vertices
0 2
0 9
0 13
0 12
0 5
0 8
1 4
1 12
1 13
1 11
2 5
2 12
2 4
3 5
3 7
3 8
4 8
5 10
5 9
6 9
6 10
6 13
7 11
7 13
7 10
8 11

# Embedding 221 (with cost 8.9523e-15)
(-0.275989, -0.167613, 0.50411) (0.408259, -0.454227, 0.0577155) (0.224938, -0.891367, 0.0295022) (-0.371348, -0.626084, 0.569893) (-0.094093, -0.556889, 0.916263) (0.569007, -0.530936, 0.896512) (0.306272, -0.128843, 0.412061) (0.52121, -0.299934, 0.258499) (0.531298, -0.631704, 0.139546) (0.0436031, -1.07932, 0.245958) (-0.16387, -1.01143, 0.41483) (-0.221707, -0.701818, 0.793815) (0.357454, -0.752359, 1.01089) (0.13289, -1.01739, 0.836833) 


# Original Graph 222 in [200, 225)
14 vertices
0 1
0 2
0 3
0 4
0 5
1 6
1 7
2 8
2 3
3 4
4 9
5 10
5 6
6 10
6 11
6 12
6 7
7 12
7 13
7 8
8 13
9 13
9 10
10 13
10 11
11 12

# Unit Distance Graph 222
14 vertices
0 7
0 13
0 10
0 11
0 12
1 9
1 10
1 13
2 6
2 11
2 10
3 6
3 12
3 11
4 6
4 7
4 12
5 7
5 8
5 13
6 9
6 13
6 8
7 10
7 9
8 10

# Embedding 222 (with cost 7.94242e-15)
(-0.139094, 0.083159, 0.174442) (-0.0352304, 0.347481, -0.141313) (0.270587, -0.0110509, 0.159104) (0.045114, -0.157927, 0.201773) (-0.000510801, -0.394397, 0.0796596) (-0.366826, 0.0655562, -0.300887) (-0.194311, 0.200141, -0.700703) (0.612008, 0.162901, -0.480911) (0.620524, -0.00153432, -0.157223) (0.0733141, -0.642356, -0.233183) (-0.0942303, -0.532823, -0.612039) (-0.00557245, -0.117316, -0.796115) (0.293664, 0.119233, -0.726346) (0.464851, -0.483066, -0.386485) 


# Original Graph 223 in [200, 225)
14 vertices
0 1
0 2
0 3
0 4
1 5
1 6
2 7
2 8
3 8
3 9
4 10
4 11
5 11
5 12
5 6
6 12
6 13
6 7
7 13
8 13
9 13
9 10
10 13
10 12
10 11
11 12

# Unit Distance Graph 223
14 vertices
0 6
0 13
0 10
0 12
1 9
1 10
1 13
2 10
2 11
2 12
3 5
3 6
3 12
4 6
4 7
4 13
5 9
5 13
5 8
6 10
6 9
7 11
7 10
8 12
8 11
11 13

# Embedding 223 (with cost 9.00763e-15)
(0.335981, -0.631412, 0.332067) (-0.139567, -0.59816, 0.167234) (0.208529, -0.222138, 0.163108) (0.394535, -0.262029, 0.510588) (-0.0259907, -0.757861, 0.797134) (-0.560188, -0.55566, 0.462791) (-0.539808, -0.178905, 0.164044) (-0.16186, -0.0496289, 0.104352) (0.292482, -0.0334052, 0.448494) (0.114084, 0.0501347, 0.88513) (-0.165319, -0.215034, 1.09057) (-0.347474, -0.687446, 0.851839) (-0.549829, -0.468524, 0.766588) (0.00206074, 0.236902, 0.698848) 


# Original Graph 224 in [200, 225)
14 vertices
0 1
0 2
0 3
0 4
0 5
1 6
1 7
2 8
2 3
3 9
4 9
4 10
4 11
5 11
5 10
5 12
5 6
6 12
6 13
7 13
7 8
8 13
9 13
9 10
10 12
10 11

# Unit Distance Graph 224
14 vertices
0 6
0 13
0 9
0 10
0 12
1 4
1 10
1 9
2 5
2 12
2 10
3 5
3 6
3 12
4 7
4 13
4 6
5 9
5 13
5 8
6 9
7 11
7 10
8 10
8 11
11 13

# Embedding 224 (with cost 8.67359e-15)
(0.187907, 0.821863, -1.08241) (0.715267, 1.40021, -0.832558) (0.538305, 0.7536, -0.74072) (0.318419, 0.68981, -0.667313) (-0.199279, 1.06669, -0.603718) (0.119848, 1.6589, -0.813733) (0.609862, 1.6457, -0.703921) (0.798548, 1.13258, -0.603204) (0.737123, 0.918143, -0.548679) (0.197346, 0.969589, -0.0934227) (-0.12718, 1.35295, -0.295855) (-0.186077, 1.30224, -0.561639) (0.197804, 1.67716, -0.564356) (0.753106, 1.08081, -0.299146) 
