

# Original Graph 175 in [175, 200)
14 vertices
0 1
0 2
0 3
0 4
0 5
0 6
0 7
0 8
0 9
1 9
1 10
2 10
2 11
3 11
3 4
4 11
4 12
5 12
5 6
6 12
6 7
7 13
7 8
8 13
9 13
9 10

# Unit Distance Graph 175
14 vertices
0 2
0 11
0 4
0 12
0 6
0 7
0 13
0 9
0 10
1 5
1 6
1 12
2 7
2 6
3 7
3 8
3 13
4 9
4 13
4 8
5 10
5 9
6 10
7 11
8 11
9 12

# Embedding 175 (with cost 9.9065e-15)
(0.395472, -0.438713, 1.00904) (0.524266, 0.256922, 1.39492) (0.515954, 0.553737, 0.986054) (0.49496, 0.162878, 0.600619) (0.813065, 0.305799, 0.488155) (1.10494, -0.0998263, 0.663108) (1.30155, -0.0487044, 0.844998) (1.30145, -0.041503, 1.15542) (1.07844, -0.049187, 1.38457) (0.76749, 0.357738, 1.48576) (0.583789, 0.51101, 1.25916) (0.588221, 0.493414, 0.702464) (1.03913, 0.167798, 0.542295) (0.985768, 0.224092, 1.46973) 


# Original Graph 176 in [175, 200)
14 vertices
0 1
0 2
0 3
1 3
1 4
2 5
2 3
3 5
3 6
3 7
3 8
3 9
3 10
3 11
3 12
3 13
3 4
4 13
5 6
6 7
7 8
8 9
9 10
10 11
11 12
12 13

# Unit Distance Graph 176
14 vertices
0 3
0 10
0 9
1 3
1 9
1 8
2 3
2 11
2 10
3 5
3 6
3 7
3 8
3 9
3 10
3 11
3 12
3 13
3 4
4 8
4 7
5 12
5 11
6 13
6 12
7 13

# Embedding 176 (with cost 9.95152e-15)
(-0.27364, -0.999716, -0.768516) (-0.155846, -1.08056, -0.5772) (-0.348135, -0.831472, -0.904357) (0.628295, -0.655557, -1.02941) (-0.0098726, -1.04693, -0.366412) (-0.368304, -0.603408, -0.965604) (-0.325254, -0.370092, -0.93321) (-0.216958, -0.171477, -0.803109) (-0.0862467, -0.0841653, -0.625754) (0.0375938, -0.109791, -0.435098) (0.141619, -0.247422, -0.257034) (0.193165, -0.458128, -0.150959) (0.181632, -0.697226, -0.135683) (0.110624, -0.908654, -0.212127) 


# Original Graph 177 in [175, 200)
14 vertices
0 1
0 2
0 3
0 4
0 5
0 6
0 7
0 8
0 9
0 10
0 11
1 11
1 2
2 3
3 12
4 12
4 5
5 12
5 6
6 7
7 8
8 9
9 13
9 10
10 13
11 13

# Unit Distance Graph 177
14 vertices
0 1
0 2
0 3
0 12
0 5
0 6
0 7
0 8
0 9
0 13
0 11
1 7
1 6
2 8
2 7
3 9
3 8
4 9
4 10
4 13
5 11
5 13
5 10
6 11
9 12
10 12

# Embedding 177 (with cost 9.93067e-15)
(1.29364, 2.30358, -0.110582) (0.977423, 1.48463, -0.589472) (1.0971, 1.36856, -0.405732) (1.11374, 1.31994, -0.101417) (1.08453, 1.55555, 0.241567) (0.867655, 1.51062, 0.325019) (0.632404, 1.69327, 0.325641) (0.440475, 1.861, 0.165532) (0.351811, 1.96749, -0.112771) (0.385581, 1.95911, -0.348858) (0.57888, 2.00415, -0.495368) (0.78115, 1.64539, -0.662074) (1.03806, 1.36511, 0.121714) (0.585905, 1.78794, -0.593518) 


# Original Graph 178 in [175, 200)
14 vertices
0 1
0 2
0 3
0 4
0 5
0 6
0 7
0 8
0 9
1 9
1 2
2 10
3 11
3 4
4 11
4 10
4 5
5 6
6 7
7 12
7 13
7 8
8 13
9 12
10 11
12 13

# Unit Distance Graph 178
14 vertices
0 1
0 2
0 10
0 4
0 5
0 6
0 7
0 12
0 9
1 6
1 5
2 7
2 6
3 7
3 13
3 12
4 9
4 12
4 13
4 8
5 9
7 11
7 10
8 10
8 11
11 13

# Embedding 178 (with cost 9.97207e-15)
(-0.145659, 0.219353, -0.154205) (-0.752949, 0.3022, -0.944354) (-0.619225, 0.110439, -1.0282) (-0.214853, -0.21833, -0.60638) (-0.530839, -0.519589, -0.707017) (-0.775118, -0.523807, -0.381129) (-0.975516, -0.33608, -0.207425) (-1.10297, -0.0691916, -0.171626) (-0.862568, 0.211997, -0.111419) (-0.934525, 0.39459, -0.743257) (-0.552854, -0.111121, -1.00566) (-0.384902, -0.292122, -0.830932) (-1.05887, 0.315054, -0.550305) (-1.05627, 0.230546, -0.30549) 


# Original Graph 179 in [175, 200)
14 vertices
0 1
0 2
0 3
0 4
0 5
0 6
0 7
0 8
0 9
1 10
1 11
1 2
2 3
3 4
4 12
4 13
5 13
5 12
6 12
6 7
7 8
8 11
9 11
9 10
10 11
12 13

# Unit Distance Graph 179
14 vertices
0 1
0 2
0 3
0 4
0 12
0 6
0 7
0 8
0 11
1 6
1 12
1 5
2 7
2 6
3 8
3 7
4 9
4 11
4 8
5 11
5 10
9 13
9 12
10 12
10 13
11 13

# Embedding 179 (with cost 8.3695e-15)
(-1.08096, -2.07247, -0.00205997) (-0.662938, -1.22722, 0.330817) (-0.427487, -1.37684, 0.296388) (-0.22588, -1.55512, 0.0323633) (-0.213869, -1.61655, -0.202803) (-0.59844, -1.86299, -0.438358) (-0.743476, -1.39178, -0.652257) (-0.99319, -1.21711, -0.512604) (-1.0715, -1.10487, -0.254369) (-1.12375, -1.43996, 0.172603) (-0.908466, -1.20501, 0.247889) (-1.02902, -1.07382, -0.000399859) (-0.509155, -1.52359, -0.611793) (-0.383473, -1.69015, -0.451413) 


# Original Graph 180 in [175, 200)
14 vertices
0 1
0 2
0 3
0 4
0 5
0 6
0 7
0 8
0 9
1 9
1 10
2 10
2 11
3 11
3 4
4 11
4 5
5 6
6 12
6 7
7 12
8 12
8 13
9 13
10 11
12 13

# Unit Distance Graph 180
14 vertices
0 1
0 10
0 11
0 4
0 5
0 6
0 12
0 13
0 9
1 6
1 5
2 6
2 7
2 12
3 8
3 13
3 12
4 9
4 13
4 8
5 9
6 10
7 11
7 10
8 11
11 12

# Embedding 180 (with cost 9.46815e-15)
(1.38857, -1.06437, -0.765313) (0.894071, -1.72437, -0.199733) (1.03225, -1.79561, -0.64889) (1.36082, -1.87697, -0.766261) (1.64389, -2.01532, -0.590642) (1.87337, -1.84181, -0.364619) (1.89166, -1.67363, -0.152369) (1.76934, -1.42226, -0.085594) (1.37785, -1.28733, 0.0412216) (0.992935, -1.55363, 0.0119293) (0.953472, -1.8952, -0.418291) (1.15647, -2.02277, -0.59918) (1.5821, -1.47879, 0.123956) (1.23104, -1.46682, 0.136474) 


# Original Graph 181 in [175, 200)
14 vertices
0 1
0 2
0 3
0 4
0 5
0 6
0 7
0 8
0 9
1 9
1 2
2 9
2 3
3 10
4 10
4 11
5 12
5 13
6 13
6 7
7 9
7 8
8 9
10 11
11 12
12 13

# Unit Distance Graph 181
14 vertices
0 2
0 3
0 10
0 11
0 12
0 13
0 6
0 7
0 9
1 5
1 13
1 12
2 6
2 13
2 5
3 7
3 6
4 7
4 8
4 9
5 9
7 10
8 11
8 10
9 12
9 11

# Embedding 181 (with cost 9.01197e-15)
(-0.613196, -0.380197, 0.760683) (0.0758827, 0.0803681, 0.503438) (0.207793, -0.0736975, 0.278982) (0.193006, -0.394114, 0.169205) (-0.0322648, -0.774554, 0.374028) (0.0298554, -0.835867, 0.901426) (0.290499, -0.555709, 1.15123) (0.296242, -0.238391, 1.1516) (0.0964103, -0.00963446, 1.00517) (0.250601, 0.121641, 0.71582) (0.200062, -0.653085, 0.246733) (0.223177, -0.848893, 0.476423) (0.253222, -0.878305, 0.725917) (0.278876, -0.76434, 0.998677) 


# Original Graph 182 in [175, 200)
14 vertices
0 1
0 2
0 3
0 4
0 5
0 6
0 7
0 8
0 9
1 9
1 10
2 11
2 3
3 11
3 4
4 12
5 12
5 6
6 12
6 13
6 7
7 13
8 13
8 9
9 10
10 11

# Unit Distance Graph 182
14 vertices
0 3
0 4
0 12
0 6
0 13
0 8
0 9
0 10
0 11
1 5
1 6
1 12
2 6
2 7
2 13
3 8
3 13
3 7
4 9
4 8
5 10
5 9
6 11
6 10
7 11
9 12

# Embedding 182 (with cost 8.96377e-15)
(1.09833, -0.7016, 0.762297) (0.50754, -0.872125, 0.125185) (0.857027, -0.376164, 0.0441637) (0.729061, -0.130613, 0.0290736) (0.655735, 0.0300114, 0.243784) (0.695956, -0.152608, 0.793613) (0.238448, -0.193179, 0.808282) (0.268317, -0.477093, 0.846182) (0.137678, -0.786716, 0.497898) (0.241234, -0.879364, 0.27878) (0.485824, -0.682601, -0.0279422) (0.641029, -0.415423, -0.0797131) (0.512758, 0.0604894, 0.486023) (0.110449, -0.569532, 0.68074) 


# Original Graph 183 in [175, 200)
14 vertices
0 1
0 2
0 3
0 4
0 5
0 6
0 7
1 8
1 2
2 9
3 10
3 4
4 10
4 11
4 9
4 5
5 6
6 8
6 12
6 13
6 7
7 13
8 12
9 11
10 11
12 13

# Unit Distance Graph 183
14 vertices
0 1
0 2
0 9
0 4
0 5
0 6
0 8
1 5
1 4
2 6
2 5
3 6
3 12
3 8
4 8
4 12
4 13
4 7
6 10
6 11
6 9
7 9
7 11
10 13
10 12
11 13

# Embedding 183 (with cost 9.59156e-15)
(-0.839073, 0.20894, 0.869563) (-0.417442, -0.675922, 1.06767) (-0.20134, -0.53395, 1.07306) (-0.444135, 0.159214, 0.614605) (-0.239649, -0.221573, 0.194768) (-0.458967, -0.341431, 0.126186) (-0.952377, -0.681891, 0.429584) (-1.04275, -0.209183, 0.790487) (-0.641308, -0.769534, 0.928532) (-0.066191, -0.423167, 0.81395) (-0.152505, -0.0847103, 0.489418) (-0.059426, -0.274302, 0.620662) (-0.839477, -0.739432, 0.804709) (-1.02583, -0.497812, 0.747593) 


# Original Graph 184 in [175, 200)
14 vertices
0 1
0 2
0 3
0 4
0 5
0 6
0 7
1 7
1 2
2 8
2 9
3 10
3 8
4 8
4 5
5 11
6 11
6 12
7 13
7 11
8 10
8 9
9 10
11 13
11 12
12 13

# Unit Distance Graph 184
14 vertices
0 1
0 2
0 8
0 4
0 5
0 11
0 7
1 5
1 4
2 6
2 11
2 5
3 7
3 11
3 13
4 7
6 9
6 8
7 8
8 13
8 12
9 12
9 11
10 11
10 12
10 13

# Embedding 184 (with cost 9.97198e-15)
(-0.0182575, -1.11074, -2.31422) (0.577239, -0.30875, -2.3611) (0.672421, -0.402649, -2.16735) (0.268447, -0.949141, -1.82647) (-0.0719346, -0.406077, -1.60671) (-0.250223, -0.284996, -1.80008) (-0.196103, -0.847286, -2.38635) (0.362123, -0.201644, -2.48409) (0.239233, -0.524891, -1.54579) (0.574624, -0.565107, -1.81508) (0.416275, -0.762677, -1.72782) (-0.299099, -0.174173, -2.10452) (-0.18888, -0.411732, -2.4424) (0.019907, -0.23057, -2.47599) 


# Original Graph 185 in [175, 200)
14 vertices
0 1
0 2
0 3
0 4
0 5
0 6
0 7
1 8
1 9
2 9
2 10
3 11
3 12
4 12
4 5
5 12
5 6
6 8
6 13
6 7
7 13
8 13
8 9
10 12
10 11
11 12

# Unit Distance Graph 185
14 vertices
0 2
0 10
0 12
0 5
0 6
0 8
0 9
1 4
1 5
1 12
2 6
2 5
3 6
3 13
3 8
4 9
4 8
5 9
6 11
6 10
7 10
7 11
7 12
8 12
11 13
12 13

# Embedding 185 (with cost 9.50146e-15)
(0.282907, -0.681981, 0.099115) (-0.440037, -1.08522, 0.150336) (-0.557796, -1.11382, -0.227582) (0.072266, -1.01518, -0.550756) (0.3114, -1.30212, -0.472798) (0.305009, -1.61887, -0.249816) (0.154939, -1.66842, 0.201866) (0.196093, -1.09321, 0.349587) (-0.37239, -1.42277, 0.246837) (-0.568407, -1.19524, -0.0096384) (-0.413695, -1.1547, -0.440588) (-0.128516, -1.13537, -0.595321) (0.143351, -1.37461, -0.608553) (-0.0553033, -1.3801, 0.371501) 


# Original Graph 186 in [175, 200)
14 vertices
0 1
0 2
0 3
0 4
0 5
0 6
0 7
0 8
0 9
1 10
1 2
2 3
3 11
3 12
4 12
4 5
5 11
5 6
6 7
7 13
8 13
8 9
9 13
9 10
10 13
11 12

# Unit Distance Graph 186
14 vertices
0 1
0 2
0 3
0 11
0 5
0 6
0 7
0 13
0 10
1 6
1 5
2 7
2 6
3 8
3 13
3 7
4 9
4 10
4 13
5 10
5 9
8 12
8 11
9 11
9 12
12 13

# Embedding 186 (with cost 9.08473e-15)
(0.145741, 0.246603, 0.444765) (0.415555, -0.326125, -0.329303) (0.0930643, -0.228358, -0.433664) (-0.140641, -0.25758, -0.369965) (-0.283965, -0.0381807, 0.188845) (-0.378721, -0.57586, 0.224554) (-0.13423, -0.712815, 0.411107) (0.259186, -0.746167, 0.405549) (0.554601, -0.35849, 0.341692) (0.613707, -0.477245, 0.151336) (0.565236, -0.484913, -0.0927368) (-0.372343, -0.47459, -0.0150928) (-0.313776, -0.24394, -0.1408) (0.468347, -0.68819, 0.29615) 


# Original Graph 187 in [175, 200)
14 vertices
0 1
0 2
0 3
0 4
0 5
0 6
0 7
1 8
1 2
2 8
2 3
3 9
3 10
4 10
4 9
5 9
5 11
6 11
6 12
7 12
7 13
8 13
8 12
9 11
9 10
12 13

# Unit Distance Graph 187
14 vertices
0 2
0 3
0 9
0 11
0 6
0 12
0 8
1 5
1 11
1 9
2 6
2 11
2 5
3 7
3 12
3 6
4 8
4 12
4 13
5 8
7 10
7 9
8 9
9 13
10 13
10 12

# Embedding 187 (with cost 9.84817e-15)
(0.701767, -0.438132, -0.406484) (-0.129108, -0.543384, -0.455042) (-0.284206, -0.323996, -0.284699) (-0.185096, -0.0482038, -0.158633) (0.424601, 0.115195, -0.258806) (0.409093, 0.261603, -0.704713) (0.168772, 0.0645251, -1.08711) (0.380795, -0.527269, -0.82965) (-0.259649, -0.481417, -0.678157) (0.178643, 0.405124, -0.53002) (0.0169408, 0.147583, -0.187634) (0.216323, 0.280435, -0.904485) (0.0367928, -0.21519, -1.1193) (0.0430488, -0.487747, -0.959433) 


# Original Graph 188 in [175, 200)
14 vertices
0 1
0 2
0 3
0 4
0 5
0 6
0 7
1 8
1 9
2 10
2 11
3 11
3 5
3 4
4 5
5 7
5 12
5 6
6 12
7 12
7 8
8 9
9 13
10 13
10 11
11 13

# Unit Distance Graph 188
14 vertices
0 3
0 5
0 7
0 8
0 9
0 13
0 11
1 3
1 4
1 5
2 5
2 12
2 7
3 8
3 7
4 9
4 8
5 10
5 13
5 9
6 10
6 11
6 13
7 11
10 12
11 12

# Embedding 188 (with cost 8.72299e-15)
(1.32574, 1.5215, 0.371516) (1.03805, 1.70808, -0.312274) (1.04119, 1.08455, -0.0147125) (0.513244, 0.986663, 0.139544) (0.598798, 1.28427, 0.47984) (0.335842, 1.66079, 0.398125) (0.656334, 1.83492, 0.382843) (0.558886, 1.95634, -0.100558) (0.704681, 1.84059, -0.344352) (0.795244, 1.50298, -0.475972) (0.848896, 1.04655, -0.20145) (0.646757, 0.960206, -0.101708) (0.51366, 1.91524, 0.163233) (0.755397, 1.20249, -0.385419) 


# Original Graph 189 in [175, 200)
14 vertices
0 1
0 2
0 3
0 4
0 5
0 6
0 7
1 8
1 2
2 8
2 9
2 10
3 10
3 4
4 10
4 11
4 12
4 5
5 12
6 11
6 13
6 7
7 13
8 9
9 13
11 12

# Unit Distance Graph 189
14 vertices
0 2
0 10
0 4
0 11
0 6
0 13
0 9
1 4
1 12
1 11
2 6
2 11
2 12
2 5
3 6
3 7
3 13
4 8
4 9
4 13
4 7
5 9
5 8
6 10
7 10
8 12

# Embedding 189 (with cost 8.55692e-15)
(1.47879, -0.689267, -1.4399) (1.36464, -0.202094, -1.76946) (1.48472, 0.268194, -1.7284) (1.8339, 0.0883815, -1.15014) (1.73858, 0.108313, -0.895498) (1.59485, -0.229257, -0.867931) (0.850558, -0.0358886, -1.01751) (0.935128, -0.320374, -1.30864) (1.2492, 0.0451458, -1.76528) (0.987001, 0.174221, -1.55184) (1.73858, 0.272935, -1.35817) (1.14959, 0.0220922, -0.818943) (1.40922, -0.0473803, -0.782512) (0.858301, 0.0917934, -1.36966) 


# Original Graph 190 in [175, 200)
14 vertices
0 1
0 2
0 3
0 4
0 5
0 6
0 7
1 8
1 9
2 10
2 11
3 11
3 12
4 12
4 5
5 12
5 13
5 6
6 13
7 13
7 8
8 13
8 9
9 10
10 11
11 12

# Unit Distance Graph 190
14 vertices
0 5
0 13
0 8
0 9
0 10
0 11
0 12
1 4
1 5
1 12
2 5
2 6
2 13
3 7
3 8
3 13
4 9
4 8
5 10
5 9
6 11
6 10
7 12
7 11
8 12
11 13

# Embedding 190 (with cost 7.90528e-15)
(0.596648, -0.920335, 0.928221) (0.296224, -0.554069, 0.220443) (0.19433, -1.19392, 0.327713) (0.567653, -1.41417, 0.208474) (1.02932, -1.22435, 0.335759) (1.15952, -1.04686, 0.111415) (1.02278, -0.634745, 0.296144) (0.611978, -0.42633, 0.3575) (0.489098, -0.427687, 0.0646636) (0.211392, -0.741529, 0.0228997) (0.162427, -1.07597, 0.0409613) (0.362895, -1.34606, 0.0540799) (0.893231, -1.34236, 0.0715219) (0.818322, -0.455939, 0.0707845) 


# Original Graph 191 in [175, 200)
14 vertices
0 1
0 2
0 3
0 4
0 5
1 6
1 3
1 7
2 8
2 3
3 9
3 7
3 4
4 10
5 10
5 6
6 10
7 11
8 11
8 12
8 13
8 9
9 13
9 12
11 12
12 13

# Unit Distance Graph 191
14 vertices
0 3
0 7
0 11
0 12
0 9
1 2
1 3
1 9
1 8
2 7
2 3
3 8
3 11
3 7
4 8
4 12
4 11
5 9
5 12
5 13
6 8
6 9
6 13
8 10
10 13
10 12

# Embedding 191 (with cost 9.74106e-15)
(1.4452, -1.141, -0.237487) (0.71403, -0.696392, -0.318985) (1.26307, -1.52029, -0.459501) (1.24677, -0.805112, -1.15825) (1.38758, -0.707534, -0.774691) (1.31937, -0.842187, -0.245372) (1.02995, -0.674962, -0.273685) (0.517356, -0.854227, -0.475945) (0.981981, -1.60947, -0.626375) (1.02625, -1.16538, -1.14517) (1.3123, -0.677909, -0.47446) (0.503241, -1.12855, -0.572972) (0.606661, -1.33159, -0.747899) (0.824065, -1.46542, -0.850567) 


# Original Graph 192 in [175, 200)
14 vertices
0 1
0 2
0 3
0 4
0 5
1 6
1 2
2 6
2 7
2 8
3 9
3 7
4 7
4 10
5 11
5 12
6 13
6 11
7 10
7 9
7 8
8 9
10 11
11 13
11 12
12 13

# Unit Distance Graph 192
14 vertices
0 2
0 7
0 10
0 11
0 6
1 4
1 10
1 7
2 5
2 11
2 10
2 4
3 6
3 11
3 13
4 6
5 8
5 7
6 7
7 13
7 12
8 12
8 11
9 11
9 12
9 13

# Embedding 192 (with cost 8.17589e-15)
(-0.0640519, 1.07646, 0.346353) (-0.477295, 0.344477, 0.218856) (-0.646964, 0.298751, 0.581677) (-0.21109, 1.00753, 0.693116) (0.211133, 0.755378, 0.816539) (0.194125, 0.747111, 0.279118) (-0.314648, 0.112246, 0.259821) (-0.209745, 0.522227, 1.16586) (-0.58245, 0.438568, 0.828419) (-0.411937, 0.679603, 0.984274) (0.32631, 0.281464, 0.810674) (0.34665, 0.189003, 0.55549) (0.258709, 0.424292, 0.287819) (0.0390118, 0.132199, 0.279297) 


# Original Graph 193 in [175, 200)
14 vertices
0 1
0 2
0 3
0 4
0 5
1 6
1 7
2 8
2 9
3 10
3 4
4 10
4 9
4 6
4 11
4 5
5 11
6 11
6 12
6 7
7 12
8 13
8 9
9 13
9 10
12 13

# Unit Distance Graph 193
14 vertices
0 4
0 6
0 12
0 13
0 9
1 4
1 9
1 10
2 4
2 11
2 6
3 6
3 7
3 12
4 8
4 13
4 12
4 7
5 8
5 9
5 13
6 10
6 9
7 10
8 11
9 11

# Embedding 193 (with cost 7.28915e-15)
(-0.884448, -0.326848, -0.765332) (-1.10101, 0.206514, -0.844507) (-1.36569, -0.393575, -0.544415) (-0.957746, -0.242822, -0.0377316) (-0.839372, 0.139147, 0.118306) (-0.704728, 0.170846, -0.282256) (-1.2003, 0.592563, -0.530985) (-1.3051, 0.389066, -0.730596) (-1.61644, -0.223981, -0.395798) (-1.61108, -0.204988, -0.0892007) (-1.19102, -0.215981, 0.0573773) (-0.878881, 0.443905, -0.296128) (-1.54787, 0.387383, -0.542304) (-1.69717, 0.123346, -0.395446) 


# Original Graph 194 in [175, 200)
14 vertices
0 1
0 2
0 3
0 4
0 5
1 6
1 2
2 7
2 8
2 9
2 10
2 3
3 4
4 11
5 11
5 10
6 12
6 13
6 8
6 7
7 8
8 13
9 12
9 10
10 11
12 13

# Unit Distance Graph 194
14 vertices
0 2
0 9
0 12
0 13
0 8
1 2
1 10
1 9
2 6
2 12
2 9
2 10
2 5
3 6
3 13
3 12
4 6
4 8
4 13
5 8
5 7
6 11
6 10
7 10
7 11
8 11

# Embedding 194 (with cost 9.93986e-15)
(-0.907417, -0.0960816, 0.605027) (-0.990825, -0.304476, 0.467511) (-0.404216, -0.797155, 1.11028) (-0.508556, -0.377063, 1.06532) (-0.476237, -0.0898774, 0.856271) (-0.467753, 0.0159694, 0.531672) (-0.783646, -0.764956, 0.185624) (-0.572595, -0.9639, 0.701568) (-0.479693, -0.973632, 0.388334) (-0.0140485, -0.403928, 0.277732) (0.00210475, -0.194113, 0.423812) (-0.255514, -0.0214194, 0.595782) (-0.187974, -0.62082, 0.15) (-0.36032, -0.816981, 0.1796) 


# Original Graph 195 in [175, 200)
14 vertices
0 1
0 2
0 3
0 4
0 5
1 6
1 7
2 8
2 3
3 8
3 9
3 10
3 11
4 11
4 10
5 10
5 12
6 13
6 9
6 7
7 9
8 9
10 13
10 12
10 11
12 13

# Unit Distance Graph 195
14 vertices
0 3
0 10
0 13
0 6
0 9
1 3
1 11
1 10
2 10
2 12
2 13
3 6
3 13
3 12
3 5
4 6
4 7
4 9
5 9
5 8
6 11
7 10
7 11
8 12
8 10
9 10

# Embedding 195 (with cost 9.9452e-15)
(0.73851, 0.0894058, 0.505134) (0.801827, 0.253486, -0.0740607) (0.632032, -0.290085, 0.247688) (0.152251, -0.506216, -0.0439884) (0.207239, 0.0642099, 0.525403) (0.235263, 0.433056, 0.288996) (0.42329, 0.390072, -0.394997) (0.691763, 0.178671, -0.341855) (0.435032, -0.43255, -0.170155) (0.455326, -0.274986, -0.38201) (-0.172382, 0.295498, 0.14764) (0.00461361, -0.266873, 0.232007) (0.0753393, 0.490788, -0.0357374) (0.228243, 0.465317, -0.268376) 


# Original Graph 196 in [175, 200)
14 vertices
0 1
0 2
0 3
0 4
0 5
1 6
1 7
2 8
2 9
3 9
3 4
4 9
4 6
4 10
4 11
4 5
5 11
6 10
6 7
7 12
8 13
8 9
9 13
9 12
10 11
12 13

# Unit Distance Graph 196
14 vertices
0 4
0 6
0 7
0 12
0 9
1 3
1 4
1 9
2 4
2 10
2 6
3 7
3 6
4 8
4 13
4 12
4 7
5 9
5 12
5 13
6 9
8 11
8 10
9 10
9 11
11 13

# Embedding 196 (with cost 8.69664e-15)
(-0.161662, -0.886708, 0.618865) (-0.195315, -0.218635, 1.09736) (-0.053912, -0.550214, 0.339141) (0.44435, -0.558554, 0.407947) (0.726417, -0.582691, 0.963666) (0.210668, -0.889819, 0.901791) (0.0820373, -0.144256, 1.24286) (-0.0722737, 0.0135305, 1.04499) (0.0748932, -0.210943, 0.302364) (0.387542, -0.118006, 0.291036) (0.336881, -0.403988, 1.24793) (0.426265, -0.724528, 1.08516) (-0.00407139, 0.0823969, 0.808602) (0.0581082, 0.0313392, 0.543749) 


# Original Graph 197 in [175, 200)
14 vertices
0 1
0 2
0 3
0 4
0 5
0 6
1 6
1 7
2 7
2 8
3 8
3 9
3 10
4 10
4 11
4 12
5 12
5 13
6 13
6 9
7 9
8 9
10 11
11 13
11 12
12 13

# Unit Distance Graph 197
14 vertices
0 3
0 10
0 11
0 13
0 6
0 9
1 4
1 11
1 10
2 11
2 12
2 13
3 6
3 13
3 5
4 7
4 9
4 6
5 9
5 8
6 10
7 12
7 11
8 13
8 12
9 12

# Embedding 197 (with cost 8.70583e-15)
(0.619417, -0.321853, 0.338873) (0.27146, -0.665782, 0.143055) (0.636159, -0.596975, -0.0478503) (1.04236, -1.15883, -0.00838822) (1.08328, -1.03006, 0.599403) (0.586109, -0.676138, 0.73917) (0.120769, -1.18774, 0.378691) (0.362967, -0.86881, -0.0752457) (0.835056, -1.03104, -0.161979) (0.37959, -1.19156, -0.0925078) (1.11487, -1.18777, 0.270258) (0.901735, -1.21318, 0.693611) (0.735805, -1.06043, 0.832649) (0.307786, -1.21325, 0.667952) 


# Original Graph 198 in [175, 200)
14 vertices
0 1
0 2
0 3
0 4
0 5
0 6
0 7
1 7
1 8
1 2
2 9
2 3
3 9
3 10
4 10
4 11
5 11
5 12
6 12
6 13
7 13
7 8
8 13
8 12
9 11
9 10

# Unit Distance Graph 198
14 vertices
0 1
0 2
0 9
0 11
0 5
0 12
0 8
1 5
1 11
1 4
2 6
2 12
2 5
3 6
3 13
3 8
3 12
4 8
4 7
6 9
7 11
7 9
7 10
8 10
9 13
10 13

# Embedding 198 (with cost 9.88869e-15)
(1.0378, -0.987425, 0.550695) (0.683293, -1.68844, -0.0680943) (0.688495, -1.45971, -0.258583) (0.756869, -0.855938, -0.0696307) (0.438413, -0.757628, 0.203237) (0.0517332, -1.08006, 0.412536) (0.357239, -1.38113, 0.68168) (0.721682, -1.70809, 0.331213) (0.468505, -1.75568, 0.257963) (0.394114, -0.935623, -0.212838) (0.522042, -0.807005, -0.0537393) (0.0927447, -0.937568, 0.227613) (0.0889003, -1.30203, 0.526034) (0.502718, -1.65976, 0.46821) 


# Original Graph 199 in [175, 200)
14 vertices
0 1
0 2
0 3
0 4
0 5
0 6
0 7
1 8
1 9
2 9
2 10
2 11
3 11
3 4
4 10
4 5
5 12
5 6
6 13
7 13
7 12
7 8
8 12
9 10
10 11
12 13

# Unit Distance Graph 199
14 vertices
0 1
0 9
0 10
0 4
0 5
0 12
0 8
1 5
1 4
2 5
2 6
2 13
2 12
3 7
3 8
3 12
4 8
4 7
5 9
6 10
6 9
7 10
7 11
10 13
11 12
11 13

# Embedding 199 (with cost 8.2461e-15)
(0.0270879, 0.387396, 0.0262606) (0.00652608, -0.293932, -0.705429) (0.367085, -0.354325, -0.159988) (0.207646, -0.165217, 0.197454) (-0.12514, -0.576499, 0.244739) (-0.602601, -0.387442, 0.0821116) (-0.513608, 0.106825, -0.0517312) (-0.434463, -0.0761949, -0.563973) (-0.233733, -0.253735, -0.69549) (0.180493, -0.423296, -0.538757) (0.191803, -0.598875, 0.0144696) (0.292556, -0.3784, 0.0525614) (-0.607013, -0.275457, -0.371912) (-0.570639, -0.0536916, -0.334038) 
