

# Original Graph 650 in [650, 674)
14 vertices
0 1
0 2
0 3
1 3
1 4
2 5
2 6
2 3
3 6
4 6
4 7
4 8
5 9
5 7
6 7
7 10
7 11
7 12
7 8
8 13
8 9
9 10
10 13
10 11
11 12
12 13

# Unit Distance Graph 650
14 vertices
0 7
0 12
0 11
1 7
1 11
1 10
2 7
2 8
2 13
2 12
3 10
3 11
3 12
3 13
4 5
4 7
4 10
4 9
5 8
5 7
6 8
6 9
6 10
6 13
7 9
7 8

# Embedding 650 (with cost 8.76442e-15)
(0.203749, 0.0457666, 0.292698) (0.0793119, -0.0681229, -0.0553447) (0.43215, 0.0367213, 0.479252) (0.193737, 0.250381, 0.192386) (0.132357, -0.192801, -0.303104) (0.715951, -0.109552, 0.504662) (0.356132, 0.464959, 0.021799) (0.896858, 0.451822, -0.302885) (0.447966, -0.436288, -0.401664) (0.892625, -0.319023, 0.334124) (1.05282, -0.249752, 0.0835541) (1.0671, -0.0294648, -0.206262) (0.931675, -0.117901, -0.373137) (0.720324, -0.371983, -0.386725) 


# Original Graph 651 in [650, 674)
14 vertices
0 1
0 2
0 3
1 3
1 4
1 5
2 6
2 7
2 3
3 7
4 7
4 8
4 5
5 8
5 9
5 10
5 6
6 11
8 11
8 12
8 13
9 13
9 10
10 12
10 11
12 13

# Unit Distance Graph 651
14 vertices
0 8
0 13
0 12
1 8
1 12
1 10
1 11
2 5
2 9
2 13
2 8
3 9
3 10
3 12
3 13
4 5
4 6
4 11
4 10
5 7
5 8
5 11
5 6
6 8
7 10
7 9

# Embedding 651 (with cost 9.25095e-15)
(0.838095, 0.172158, 0.909125) (0.758522, -0.00760191, 1.05462) (1.0872, 0.28536, 0.38577) (0.77996, 0.358674, 0.663483) (0.23067, 0.0094536, 0.364396) (0.810748, -0.378543, 1.08061) (1.22595, 0.0724501, 0.290542) (0.582851, 0.347422, 0.43174) (0.308899, -0.319613, 0.217668) (0.731234, -0.634026, 0.553158) (1.08448, -0.4975, 0.246072) (1.18983, -0.198724, 0.172891) (0.744632, -0.526754, 0.200051) (0.50034, -0.515485, 0.266422) 


# Original Graph 652 in [650, 674)
14 vertices
0 1
0 2
0 3
1 3
1 4
1 5
2 6
2 7
3 7
3 4
4 7
4 8
4 5
5 8
5 9
5 10
5 6
6 11
8 11
8 12
8 9
9 12
9 10
10 13
11 13
12 13

# Unit Distance Graph 652
14 vertices
0 8
0 9
0 12
1 8
1 12
1 13
1 11
2 5
2 9
2 8
3 9
3 10
3 13
3 12
4 5
4 6
4 11
4 13
4 10
5 7
5 8
5 11
5 6
6 8
7 10
7 9

# Embedding 652 (with cost 9.10253e-15)
(0.075257, 0.209197, -0.334083) (-0.0413671, -0.231102, -0.353704) (0.0763362, 0.409041, -0.142259) (0.294042, -0.0680655, -0.407139) (0.600753, -0.294301, -0.213901) (-0.269584, -0.440312, 0.256412) (0.0464647, 0.48928, 0.06675) (0.491223, -0.123902, -0.310207) (0.704794, -0.222375, 0.312004) (-0.0897399, -0.366577, 0.466704) (-0.0577825, -0.152296, 0.525129) (0.209809, 0.432145, 0.351289) (0.266072, -0.11861, 0.591191) (0.135825, 0.138595, 0.558396) 


# Original Graph 653 in [650, 674)
14 vertices
0 1
0 2
0 3
1 4
1 5
1 6
2 7
2 8
3 8
3 4
4 5
5 8
5 9
6 9
6 10
6 11
6 7
7 12
7 9
9 13
9 10
10 13
10 11
11 13
11 12
12 13

# Unit Distance Graph 653
14 vertices
0 9
0 10
0 13
1 7
1 9
1 13
1 12
2 6
2 10
2 9
3 10
3 11
3 13
4 11
4 12
4 13
5 6
5 7
5 12
5 11
6 8
6 9
6 7
7 9
8 11
8 10

# Embedding 653 (with cost 9.11222e-15)
(0.156976, 0.0326791, 0.588223) (-0.039751, -0.288317, 0.439656) (0.117284, 0.581042, 0.440483) (0.0721098, 0.212646, 0.776369) (-0.242171, 0.0980031, 0.918481) (-0.541335, 0.157453, 0.920237) (-0.313024, -0.218963, 0.0223592) (-0.00134566, 0.697187, 0.274405) (0.0963528, 0.430796, 0.662846) (-0.797105, 0.297074, 0.729021) (-0.770815, 0.167293, 0.240252) (-0.427868, -0.0251791, -0.0563745) (-0.303922, 0.595308, 0.053105) (-0.561561, 0.468672, 0.0463602) 


# Original Graph 654 in [650, 674)
14 vertices
0 1
0 2
0 3
0 4
1 4
1 5
1 2
2 5
2 6
2 7
2 8
2 9
3 9
3 10
4 10
5 10
5 6
6 11
6 7
7 12
7 8
8 12
8 13
9 13
11 13
11 12

# Unit Distance Graph 654
14 vertices
0 6
0 7
0 12
0 11
1 8
1 13
1 11
1 12
2 3
2 10
2 5
2 6
2 11
2 13
2 9
3 7
3 6
4 7
4 8
4 12
5 9
5 13
5 8
6 9
7 10
8 10

# Embedding 654 (with cost 8.04348e-15)
(0.032351, -0.525276, -0.123803) (0.322456, -0.401848, 0.0322971) (0.56249, -0.251743, -0.544365) (-0.0693052, -0.967939, -0.247888) (0.155675, -0.614498, 0.0720263) (0.756707, -0.899051, 0.192705) (0.894929, -1.01223, 0.0134366) (0.848837, -0.824816, -0.617389) (0.563818, -0.919896, -0.788294) (0.0100964, -1.07969, -0.447563) (0.202225, -0.882108, 0.143276) (0.688814, -1.23149, -0.388986) (0.732679, -1.02366, -0.634834) (0.190835, -1.17932, -0.58269) 


# Original Graph 655 in [650, 674)
14 vertices
0 1
0 2
0 3
1 3
1 4
1 5
2 5
2 6
2 7
2 8
3 8
3 9
4 9
4 5
5 10
5 11
6 11
6 12
6 7
7 13
8 9
9 13
10 13
10 12
10 11
12 13

# Unit Distance Graph 655
14 vertices
0 10
0 12
0 13
1 6
1 7
1 13
1 12
2 4
2 5
2 10
2 13
2 9
3 6
3 12
3 10
3 11
4 7
4 6
5 8
5 9
5 13
5 7
6 9
8 11
8 10
9 11

# Embedding 655 (with cost 9.16487e-15)
(-0.135219, 0.102185, 0.268969) (0.0604105, -0.194425, 0.407793) (-0.380462, 0.187837, -0.262635) (-0.390465, 0.0402411, 0.415742) (-0.15763, -0.455538, 0.469768) (0.206519, -0.521937, 0.126819) (-0.312724, -0.329645, -0.510077) (-0.546212, -0.10429, -0.382071) (-0.530759, 0.152866, 0.094233) (-0.7631, -0.486547, 0.368867) (-0.318019, -0.800162, -0.121357) (0.0424644, -0.607493, -0.211166) (-0.469325, -0.637115, -0.315675) (-0.786206, -0.642161, 0.120088) 


# Original Graph 656 in [650, 674)
14 vertices
0 1
0 2
0 3
0 4
1 4
1 5
2 5
2 6
2 7
3 7
3 8
3 9
4 9
5 10
5 6
6 11
7 11
7 12
7 13
8 13
8 9
9 10
10 13
10 11
11 12
12 13

# Unit Distance Graph 656
14 vertices
0 10
0 11
0 12
0 13
1 7
1 13
1 12
2 8
2 9
2 10
2 13
3 5
3 6
3 11
3 10
4 7
4 12
4 11
5 8
5 13
5 7
6 9
6 8
7 10
7 9
9 11

# Embedding 656 (with cost 9.74399e-15)
(0.262183, -0.0615844, 0.111315) (0.0876078, 0.0897899, 0.0620075) (0.00154688, -0.450666, -0.197847) (0.228389, -0.271587, 0.547472) (0.0575608, 0.123584, 0.429791) (-0.410207, 0.00175463, -0.171889) (-0.455754, -0.327388, -0.179738) (-0.177103, -0.841405, 0.312616) (-0.14513, -0.225093, 0.765274) (-0.0631368, 0.0981066, 0.635618) (-0.709559, 0.00467678, 0.337869) (-0.624036, -0.524349, 0.0897787) (-0.493601, -0.696028, 0.273401) (-0.426149, -0.477432, 0.705679) 


# Original Graph 657 in [650, 674)
14 vertices
0 1
0 2
0 3
0 4
0 5
1 6
1 2
2 7
2 8
2 3
3 8
3 4
4 9
4 10
4 5
5 11
5 6
6 11
6 12
7 12
7 9
8 9
9 10
10 13
11 13
12 13

# Unit Distance Graph 657
14 vertices
0 7
0 9
0 10
0 13
0 12
1 4
1 10
1 9
2 4
2 5
2 11
2 13
2 10
3 6
3 12
3 13
3 11
4 7
4 12
4 6
5 8
5 9
5 7
6 9
6 8
8 11

# Embedding 657 (with cost 9.90229e-15)
(-0.101737, -0.680108, -0.926801) (0.348351, -0.965925, -0.999473) (0.292351, -0.777067, -1.4192) (0.029196, -0.387099, -1.3444) (0.0602174, -0.0301851, -0.796078) (0.163498, -0.494774, -0.468565) (0.6181, -0.852449, -0.683611) (0.842875, -0.501793, -1.20232) (0.255717, -0.320514, -1.44894) (0.584113, -0.0256713, -1.24511) (0.647851, -0.0206299, -0.870181) (0.581955, -0.464197, -0.514633) (0.89193, -0.579496, -0.876774) (0.790385, -0.287301, -0.703594) 


# Original Graph 658 in [650, 674)
14 vertices
0 1
0 2
0 3
0 4
1 4
1 5
1 6
2 7
2 8
3 8
3 9
3 10
3 4
4 10
4 9
4 5
5 9
5 11
6 12
6 7
7 12
8 13
9 13
9 10
11 13
11 12

# Unit Distance Graph 658
14 vertices
0 5
0 11
0 13
0 9
1 3
1 9
1 13
1 8
2 4
2 5
2 9
3 6
3 12
3 11
3 5
4 8
4 13
4 11
4 12
4 7
5 8
6 10
6 9
7 9
7 10
10 12

# Embedding 658 (with cost 9.20681e-15)
(-0.111631, 1.10923, -0.0270909) (-0.584456, 1.06627, 0.275685) (-0.185901, 1.23685, -0.407899) (-0.0558291, 0.525322, -0.378478) (-0.505163, 0.621174, 0.31253) (-1.01892, 0.724988, -0.19794) (-0.638269, 1.27674, -0.0684156) (-0.436363, 1.31881, -0.400612) (-0.100325, 0.851173, -0.57246) (-0.619484, 0.335735, -0.40629) (-0.290551, 0.349093, -0.204676) (-0.960084, 0.926781, -0.523921) (-0.837305, 1.14191, -0.473925) (-0.80227, 0.720771, -0.637106) 


# Original Graph 659 in [650, 674)
14 vertices
0 1
0 2
0 3
1 4
1 5
1 6
2 6
2 7
2 3
3 8
3 4
4 8
4 9
5 9
5 10
5 11
6 11
6 7
7 12
7 8
8 13
9 13
10 13
10 12
11 12
12 13

# Unit Distance Graph 659
14 vertices
0 10
0 12
0 13
1 7
1 8
1 13
1 12
2 5
2 10
2 13
2 9
3 5
3 11
3 12
3 10
4 6
4 7
4 12
4 11
5 8
5 7
6 9
6 13
6 8
7 9
8 11

# Embedding 659 (with cost 9.97579e-15)
(-0.0962024, -1.84256, -0.197687) (0.0885686, -1.61494, 0.0885865) (-0.227409, -1.78375, -0.471924) (0.0582302, -2.05599, -0.529609) (0.590202, -1.97358, -0.320179) (0.58473, -1.28937, -0.162052) (-0.174481, -1.33213, -0.258502) (-0.0717424, -1.48675, -0.890121) (0.319493, -2.01301, -0.799227) (0.760509, -1.66985, -0.366831) (0.583759, -1.2058, -0.561267) (0.204935, -1.06742, -0.494702) (0.311519, -1.11342, -0.747335) (0.710569, -1.51237, -0.687683) 


# Original Graph 660 in [650, 674)
14 vertices
0 1
0 2
0 3
0 4
1 5
1 6
2 7
2 8
2 3
3 8
3 4
4 9
4 5
5 9
5 10
6 10
6 11
6 7
7 12
8 12
8 9
9 12
9 13
10 13
11 13
11 12

# Unit Distance Graph 660
14 vertices
0 9
0 13
0 11
0 12
1 8
1 9
1 12
2 5
2 10
2 13
2 9
3 6
3 11
3 13
3 10
4 6
4 7
4 12
4 11
5 8
5 12
5 7
6 9
6 8
7 9
8 10

# Embedding 660 (with cost 7.03504e-15)
(0.241079, 0.691083, -0.729553) (0.530594, 0.30323, -0.509151) (-0.0187028, 0.537531, -1.02401) (-0.100657, 0.783828, -0.682418) (0.00409757, 0.749085, -0.277606) (0.350154, 0.331127, -0.117735) (0.439935, -0.0574398, -0.677059) (0.0793475, 0.129667, -1.05905) (-0.438969, 0.417048, -0.72593) (-0.403361, 0.155645, -0.183656) (0.340369, -0.0137817, -0.270939) (-0.161359, -0.203228, -0.533972) (-0.37479, -0.0936846, -0.659945) (-0.109602, -0.136188, -0.290638) 


# Original Graph 661 in [650, 674)
14 vertices
0 1
0 2
0 3
1 3
1 4
1 5
1 6
2 7
2 8
3 8
4 9
4 10
4 11
4 12
4 5
5 12
6 12
6 11
6 10
6 13
7 13
7 9
8 9
9 13
10 11
11 12

# Unit Distance Graph 661
14 vertices
0 4
0 11
0 10
1 4
1 10
1 6
1 13
1 9
2 4
2 12
2 11
3 6
3 10
3 11
4 7
4 13
4 6
5 7
5 9
5 13
6 9
6 8
7 12
8 11
8 12
9 12

# Embedding 661 (with cost 9.23149e-15)
(0.175126, 0.125526, 0.301702) (0.497337, 0.445419, 0.150699) (-0.0801858, 0.0555195, 0.41178) (0.316581, 0.239095, 0.132879) (-0.375863, 0.819795, -0.161333) (0.434716, 0.748981, 0.15623) (-0.166721, 0.786616, 0.81599) (-0.248129, 0.14189, 0.562635) (-0.153871, 0.126339, 0.0650771) (-0.480755, 0.405663, -0.0536409) (-0.337404, 0.983516, 0.26757) (-0.176733, 1.05022, 0.447069) (0.194282, 1.01578, 0.361181) (-0.298722, 0.428469, 0.75568) 


# Original Graph 662 in [650, 674)
14 vertices
0 1
0 2
0 3
0 4
1 5
1 6
1 2
2 6
2 7
3 7
3 8
4 8
4 9
4 10
4 5
5 10
5 11
6 11
7 12
8 12
8 9
9 13
10 13
10 11
11 12
12 13

# Unit Distance Graph 662
14 vertices
0 10
0 11
0 12
0 13
1 8
1 9
1 13
1 12
2 4
2 10
2 13
2 9
3 5
3 11
3 10
4 7
4 12
4 11
4 6
5 8
5 12
5 7
6 9
6 8
7 10
8 11

# Embedding 662 (with cost 9.66628e-15)
(0.759878, -0.426868, -1.07588) (0.877456, -0.819105, -0.761828) (1.08463, -0.749755, -1.06213) (1.00298, -0.175084, -1.14401) (0.810118, 0.0445012, -0.520091) (0.962104, -0.593021, -0.236454) (1.20962, -0.850855, -0.716915) (1.42202, -0.474952, -1.11653) (1.15731, 0.131269, -0.897741) (1.11831, 0.13856, -0.604129) (1.15812, -0.312621, -0.165739) (1.47839, -0.694404, -0.433874) (1.71233, -0.271143, -0.813995) (1.42871, -0.0518882, -0.433967) 


# Original Graph 663 in [650, 674)
14 vertices
0 1
0 2
0 3
0 4
1 5
1 6
1 2
2 6
2 7
2 8
2 9
3 9
3 10
4 10
4 5
5 11
6 11
6 7
7 11
7 8
8 12
8 9
9 13
10 13
11 12
12 13

# Unit Distance Graph 663
14 vertices
0 7
0 8
0 12
0 11
1 8
1 9
1 13
1 12
2 4
2 5
2 11
2 12
2 13
2 10
3 6
3 7
3 11
4 8
4 7
5 9
5 8
6 10
6 13
6 9
7 10
9 11

# Embedding 663 (with cost 8.88554e-15)
(-0.0257924, -0.728452, -1.217) (0.403711, -0.869453, -1.17346) (0.231444, -1.38827, -1.40895) (-0.371047, -0.88252, -1.08786) (0.0169657, -0.743951, -0.674882) (0.274764, -0.87156, -0.553884) (0.480925, -1.39823, -0.99737) (0.244865, -1.6645, -0.992141) (-0.1272, -1.69047, -0.963538) (-0.508212, -1.25797, -1.04136) (-0.350424, -0.89442, -0.762773) (0.274741, -1.25132, -0.419318) (-0.0755496, -1.37683, -0.457306) (-0.442114, -1.13901, -0.713113) 


# Original Graph 664 in [650, 674)
14 vertices
0 1
0 2
0 3
0 4
1 5
1 6
1 2
2 6
2 7
2 3
3 8
4 8
4 9
4 5
5 10
5 11
5 6
6 11
7 11
7 12
7 13
8 13
9 13
9 12
10 12
10 11

# Unit Distance Graph 664
14 vertices
0 7
0 12
0 10
0 11
1 7
1 13
1 9
1 12
2 4
2 5
2 10
2 12
2 9
3 5
3 11
3 10
4 7
4 11
4 6
5 8
5 13
5 7
6 9
6 13
6 8
8 11

# Embedding 664 (with cost 9.39251e-15)
(0.398993, -0.103657, -0.192712) (0.528609, -0.458766, -0.122659) (0.268605, -0.325854, -0.646549) (0.121205, -0.0909176, -0.494932) (-0.0231268, -0.0653436, 0.273791) (0.289152, -0.698944, 0.281018) (0.290073, -0.877513, -0.218435) (-0.398533, -0.652346, -0.443494) (-0.222881, -0.0194929, -0.244499) (-0.429944, -0.24376, 0.0642879) (-0.205644, -0.861617, 0.0520528) (-0.0480407, -0.993183, -0.0983552) (-0.456568, -0.587979, -0.0098283) (-0.431375, -0.185832, -0.185412) 


# Original Graph 665 in [650, 674)
14 vertices
0 1
0 2
0 3
1 4
1 5
2 6
2 7
2 3
3 7
3 8
3 4
4 8
4 9
4 10
5 10
5 11
5 6
6 11
7 12
7 9
8 9
9 12
9 13
10 13
11 12
12 13

# Unit Distance Graph 665
14 vertices
0 9
0 13
0 12
1 7
1 9
1 12
2 4
2 10
2 13
2 9
3 5
3 11
3 12
3 13
3 10
4 7
4 12
4 11
4 6
5 8
5 9
5 7
6 9
6 8
7 10
8 11

# Embedding 665 (with cost 9.01359e-15)
(-0.786221, 1.21655, 0.0244354) (-0.329556, 1.06923, -0.0401598) (-1.02002, 1.03055, 0.228559) (-1.03034, 1.16913, -0.170382) (-0.39678, 0.866946, -0.536169) (-0.246808, 0.672242, 0.202694) (-0.667896, 0.689821, 0.40994) (-1.21823, 0.610894, -0.0266031) (-0.87796, 0.815262, -0.559667) (-0.875734, 0.381465, -0.518348) (-0.230302, 0.569201, -0.175801) (-0.630674, 0.388596, 0.31028) (-0.842956, 0.219827, 0.0820251) (-0.577219, 0.282855, -0.266297) 


# Original Graph 666 in [650, 674)
14 vertices
0 1
0 2
0 3
1 4
1 5
2 5
2 6
2 7
2 3
3 7
3 8
3 4
4 8
4 9
4 5
5 9
5 6
6 10
7 11
8 12
9 13
10 13
10 12
10 11
11 12
12 13

# Unit Distance Graph 666
14 vertices
0 10
0 12
0 13
1 10
1 11
1 12
2 4
2 9
2 13
2 12
2 8
3 5
3 6
3 10
3 13
3 9
4 7
4 11
4 10
4 6
5 8
5 12
5 11
5 7
6 8
7 9

# Embedding 666 (with cost 9.75011e-15)
(0.726022, 1.40688, 0.770322) (0.934984, 1.09478, 0.51967) (0.516086, 1.3296, 1.00725) (0.476046, 1.65597, 0.488198) (0.876185, 1.015, 0.128985) (0.823501, 0.736781, 0.673577) (0.262823, 0.759343, 0.876264) (0.190761, 1.51106, 0.662013) (0.296677, 1.29459, 0.0322477) (0.580517, 0.693296, 0.238512) (-0.0161441, 0.785992, 0.517964) (-0.0613452, 1.14617, 0.451213) (-0.0151968, 1.03014, 0.214748) (0.18028, 0.72204, 0.287459) 


# Original Graph 667 in [650, 674)
14 vertices
0 1
0 2
0 3
0 4
1 4
1 5
1 6
1 2
2 6
2 7
2 8
2 3
3 8
3 9
3 10
4 10
4 5
5 11
6 7
7 11
7 12
8 12
9 13
9 10
11 13
12 13

# Unit Distance Graph 667
14 vertices
0 7
0 12
0 13
0 11
1 3
1 9
1 13
1 12
1 8
2 4
2 5
2 11
2 13
2 9
2 10
3 6
3 7
3 11
3 5
4 8
4 12
4 7
5 8
6 10
6 9
7 10

# Embedding 667 (with cost 9.04139e-15)
(0.688158, -0.351523, -0.278768) (0.617451, -0.712288, 0.0954937) (0.0551446, -0.426445, -0.129533) (0.563365, 0.241861, -0.198912) (1.00603, -0.356265, 0.171942) (0.820613, -0.410777, 0.51375) (0.183735, -0.606315, 0.170519) (0.0648361, -0.272115, 0.499155) (0.175068, 0.182331, 0.0326109) (0.651211, 0.272569, 0.265541) (0.883913, 0.0993544, 0.0619789) (0.561991, -0.194691, 0.700766) (0.161679, 0.110566, 0.434881) (0.483764, 0.167867, 0.550965) 


# Original Graph 668 in [650, 674)
14 vertices
0 1
0 2
0 3
0 4
1 4
1 5
1 6
2 6
2 7
2 8
2 9
3 9
3 10
3 11
3 12
4 12
4 5
5 10
5 8
6 7
7 8
8 13
9 13
10 13
10 11
11 12

# Unit Distance Graph 668
14 vertices
0 5
0 8
0 13
0 10
1 3
1 10
1 13
1 9
2 4
2 5
2 10
2 11
2 12
3 6
3 7
3 8
3 5
4 9
4 13
4 8
5 9
6 11
6 10
7 12
7 11
8 12

# Embedding 668 (with cost 7.07478e-15)
(0.0995678, -0.147461, 0.0341237) (0.0920433, 0.27687, 0.336355) (0.0535999, -0.468921, 0.543684) (0.75937, -0.38901, 0.00277237) (0.468765, 0.339682, 0.126791) (0.670093, 0.297399, 0.724487) (-0.00137863, -0.0637103, 0.564414) (0.167281, -0.256484, 0.797673) (0.489543, -0.225266, 0.951656) (0.516977, -0.627468, 0.376384) (0.992997, -0.131497, 0.483043) (0.893552, -0.126553, 0.122655) (0.701375, 0.0908042, 0.0268715) (0.707548, -0.361394, 0.79871) 


# Original Graph 669 in [650, 674)
14 vertices
0 1
0 2
0 3
0 4
1 4
1 5
1 6
1 2
2 6
2 7
2 8
3 8
3 9
3 10
3 4
4 10
4 5
5 11
5 12
6 7
7 12
8 13
9 11
9 10
11 13
12 13

# Unit Distance Graph 669
14 vertices
0 5
0 12
0 13
0 11
1 3
1 9
1 11
1 13
1 8
2 4
2 5
2 11
2 9
2 10
3 6
3 7
3 12
3 5
4 8
4 13
4 12
4 7
5 8
6 10
6 9
7 10

# Embedding 669 (with cost 9.90705e-15)
(0.91804, -0.419748, -0.0594808) (0.84554, -1.10954, 0.105166) (0.541724, -0.64401, 0.45745) (0.643292, -0.240432, -0.346207) (0.854602, -0.82802, -0.474348) (0.369448, -1.20217, -0.3542) (0.555015, -0.929012, 0.37356) (0.25906, -0.871362, 0.327806) (0.216437, -0.332281, 0.114709) (0.315642, -0.525126, -0.509376) (0.620139, -0.504936, -0.529722) (0.0502457, -0.778876, -0.402934) (0.0613648, -0.8994, 0.130366) (-0.0454676, -0.687417, -0.0619102) 


# Original Graph 670 in [650, 674)
14 vertices
0 1
0 2
0 3
0 4
1 4
1 5
1 6
1 7
2 7
2 8
2 9
3 9
3 10
4 10
4 11
4 5
5 12
5 6
6 13
6 8
7 8
9 13
10 12
10 11
11 12
12 13

# Unit Distance Graph 670
14 vertices
0 5
0 6
0 13
0 12
1 3
1 10
1 12
1 13
1 9
2 4
2 5
2 12
2 11
3 6
3 5
4 9
4 13
4 6
4 8
5 9
6 10
7 10
7 11
7 12
8 11
8 10

# Embedding 670 (with cost 9.41085e-15)
(-0.0885154, -0.21107, 0.169073) (-0.202626, 0.162575, 0.732714) (0.428607, -0.118817, 0.325153) (0.178948, -0.0484875, -0.167204) (-0.46034, 0.293175, 0.12506) (-0.0337179, 0.766678, 0.37157) (0.377879, 0.56157, 0.599774) (0.178709, 0.049057, 0.682746) (0.405519, 0.233382, 0.621762) (0.485717, -0.0164994, 0.0297809) (-0.0796339, 0.300102, -0.250118) (-0.213481, 0.510074, -0.113275) (0.0861858, 0.755415, -0.0190353) (0.488985, 0.60529, 0.162033) 


# Original Graph 671 in [650, 674)
14 vertices
0 1
0 2
0 3
0 4
1 4
1 5
1 6
2 6
2 7
2 8
3 8
3 9
3 10
4 10
4 11
4 5
5 9
5 12
6 12
6 7
7 12
8 13
9 13
9 11
10 11
12 13

# Unit Distance Graph 671
14 vertices
0 5
0 12
0 13
0 9
1 3
1 9
1 13
1 8
2 4
2 5
2 9
2 11
3 6
3 12
3 5
4 8
4 13
4 12
4 7
5 8
6 10
6 11
6 9
7 11
7 10
10 12

# Embedding 671 (with cost 9.52831e-15)
(0.881684, -0.735074, 0.289074) (0.96259, -0.458174, 0.125835) (0.297708, -0.408811, 0.55307) (0.0637611, -0.86714, 0.283487) (0.764878, -0.912412, -0.173661) (0.387842, -0.245144, -0.429319) (0.768791, -0.167529, 0.167394) (0.41073, -0.026405, 0.125624) (0.0211337, -0.614293, 0.424645) (0.143366, -0.718448, -0.385174) (0.258555, -0.997663, -0.0574097) (0.315993, -0.92473, -0.303372) (0.347012, -0.00468527, -0.135966) (-0.0339847, -0.37855, 0.103486) 


# Original Graph 672 in [650, 674)
14 vertices
0 1
0 2
0 3
0 4
1 5
1 6
1 7
1 2
2 7
2 8
2 9
3 9
3 10
4 10
4 11
4 5
5 12
5 6
6 9
6 8
7 8
9 12
10 13
10 11
11 13
12 13

# Unit Distance Graph 672
14 vertices
0 5
0 6
0 9
0 12
1 3
1 10
1 13
1 12
1 9
2 4
2 5
2 12
2 13
2 11
3 6
3 5
4 9
4 6
4 8
5 9
6 10
7 10
7 11
7 13
8 11
8 10

# Embedding 672 (with cost 9.71039e-15)
(0.276266, -0.462919, 0.867479) (0.30146, 0.0314825, 0.458849) (-0.32074, -0.150071, 0.360845) (-0.0946014, -0.875058, 0.604861) (0.390564, -0.775174, 0.682236) (0.493133, -0.492926, -0.108261) (0.13181, -0.184487, -0.0820518) (0.0647051, 0.0308464, 0.354614) (-0.0717441, -0.0382878, 0.189012) (-0.457022, -0.564496, 0.195191) (0.115136, -0.945033, 0.567018) (0.287058, -0.941651, 0.423949) (0.287141, -0.819038, -0.0668989) (0.279133, -0.932672, 0.194448) 


# Original Graph 673 in [650, 674)
14 vertices
0 1
0 2
0 3
0 4
1 5
1 6
1 7
2 7
2 8
2 9
2 10
3 10
3 9
3 11
4 11
4 5
5 12
6 12
6 13
7 13
7 8
8 11
8 9
9 10
11 13
12 13

# Unit Distance Graph 673
14 vertices
0 7
0 8
0 11
0 13
1 3
1 11
1 8
1 9
2 4
2 5
2 12
2 13
2 11
3 7
3 13
3 6
4 8
4 7
5 9
5 8
6 9
6 10
7 11
9 12
10 13
10 12

# Embedding 673 (with cost 9.83881e-15)
(0.492082, -0.854782, -0.604715) (0.640775, -0.190525, -1.03403) (-0.0983612, -0.463622, -0.855161) (0.143171, -0.698277, -0.330769) (0.824878, -0.494134, -0.472149) (0.859711, -0.31957, -0.607479) (0.724025, -0.0789668, -0.859034) (0.175126, -0.0311825, -1.07506) (-0.0723572, -0.0718547, -0.343119) (-0.119192, -0.376328, -0.411193) (-0.0439201, -0.580882, -0.461113) (0.358939, -0.00636269, -0.0924094) (0.810074, -0.097467, -0.653478) (0.650131, 0.131774, -0.563164) 
