

# Original Graph 300 in [300, 325)
14 vertices
0 1
0 2
0 3
0 4
0 5
1 6
1 7
1 8
1 9
2 10
2 3
3 11
4 12
4 13
5 13
5 6
6 12
6 7
7 12
8 11
8 10
8 9
9 10
10 11
11 12
12 13

# Unit Distance Graph 300
14 vertices
0 1
0 8
0 11
0 12
0 7
1 4
1 12
1 11
1 3
2 6
2 7
2 12
3 7
3 6
4 9
4 8
5 8
5 10
5 11
6 11
6 10
8 13
9 13
9 12
10 12
10 13

# Embedding 300 (with cost 9.51229e-15)
(-0.526581, -0.0112217, 0.829417) (-0.862336, -0.371355, -0.0409692) (-0.613614, 0.271753, 0.452667) (-0.40542, 0.189041, 0.649816) (-0.215568, -0.222029, 0.706957) (-0.500351, -0.616017, 0.507535) (-0.570597, -0.701028, 0.224971) (-0.357643, -0.602996, 0.041215) (-0.57296, 0.124835, -0.160197) (-0.8065, -0.0194599, -0.0739175) (-0.66577, 0.288207, 0.113813) (0.0374431, 0.0623529, 0.00694362) (0.120849, -0.32881, 0.136618) (-0.138465, -0.451441, 0.531987) 


# Original Graph 301 in [300, 325)
14 vertices
0 1
0 2
0 3
0 4
0 5
1 6
1 3
1 7
2 8
2 9
3 9
3 6
3 10
3 4
4 10
5 10
5 6
6 10
7 11
7 12
8 12
8 13
9 13
9 11
11 13
11 12

# Unit Distance Graph 301
14 vertices
0 1
0 7
0 11
0 9
0 3
1 3
1 9
1 2
2 3
2 6
3 8
3 12
3 7
4 7
4 12
4 11
5 9
5 11
5 13
6 9
6 13
6 8
8 10
10 13
10 11
10 12

# Embedding 301 (with cost 7.49792e-15)
(-0.459403, 0.829916, 0.589769) (-0.280772, -0.0694536, 0.190738) (-0.322466, 0.697493, 0.831093) (0.429049, 0.634738, 0.174368) (-0.159277, 0.838468, 0.170969) (-0.450596, 0.539565, 0.0860352) (-0.328629, 0.163052, -0.0140904) (-0.16238, -0.116933, 0.466262) (-0.156835, 0.385706, 0.945551) (0.481982, 0.52443, 0.446687) (-0.203702, 0.634205, -0.0219466) (0.16978, 0.0616953, 0.707946) (-0.106384, 0.0500679, 0.783853) (0.141641, 0.305086, 0.856927) 


# Original Graph 302 in [300, 325)
14 vertices
0 1
0 2
0 3
0 4
0 5
1 6
1 7
1 8
2 9
2 3
3 10
3 7
3 11
4 11
4 12
5 12
5 13
6 13
6 11
7 10
7 8
8 9
9 10
11 13
11 12
12 13

# Unit Distance Graph 302
14 vertices
0 1
0 7
0 3
0 11
0 6
1 4
1 11
1 3
2 6
2 11
2 13
3 6
3 13
3 5
4 8
4 7
5 7
5 10
7 12
8 12
8 11
9 11
9 12
9 13
10 13
10 12

# Embedding 302 (with cost 9.2048e-15)
(-0.126123, 0.475249, -0.140352) (-0.300636, -0.11682, 0.646413) (0.0991847, 0.44785, 0.0325037) (0.362324, -0.392612, -0.0495914) (-0.221024, -0.0985858, -0.350246) (-0.573542, -0.0402568, -0.0507355) (-0.488644, -0.242778, 0.4538) (0.219963, -0.165732, 0.544752) (0.0400326, 0.0486924, 0.603777) (0.20186, 0.328381, 0.276762) (0.330174, 0.0335126, 0.370995) (-0.00322098, -0.513815, -0.221884) (-0.404857, -0.286894, -0.226558) (-0.60511, -0.250534, 0.159897) 


# Original Graph 303 in [300, 325)
14 vertices
0 1
0 2
0 3
0 4
0 5
1 6
1 7
2 8
2 9
3 9
3 10
4 10
4 11
5 11
5 10
5 6
6 10
6 7
7 12
7 13
8 13
8 12
9 12
9 10
10 11
12 13

# Unit Distance Graph 303
14 vertices
0 6
0 7
0 12
0 9
0 10
1 3
1 10
1 9
2 5
2 6
2 10
3 7
3 6
4 7
4 13
4 12
5 9
5 12
5 8
6 9
7 10
8 10
8 11
10 13
11 12
11 13

# Embedding 303 (with cost 8.54548e-15)
(-0.418335, -0.268873, 0.633071) (-0.0772847, -0.99751, 0.445629) (-0.0829849, -0.312785, 0.806423) (0.163283, -0.039076, 0.29223) (-0.2054, -0.229407, 0.0469466) (-0.175414, -0.752039, -0.0871721) (-0.0149252, -1.00076, 0.0838867) (0.226432, -1.01853, 0.483762) (0.146849, -0.483078, 0.820466) (0.542016, -0.217136, 0.359117) (0.204461, -0.244439, -0.148932) (-0.0846713, -0.397218, -0.148568) (0.520228, -0.613641, 0.617759) (0.320872, -0.812783, 0.665582) 


# Original Graph 304 in [300, 325)
14 vertices
0 1
0 2
0 3
0 4
0 5
0 6
1 6
1 7
1 2
2 8
2 9
3 9
3 10
3 11
4 11
4 7
5 7
5 12
6 12
6 13
7 13
8 11
8 10
8 9
9 10
12 13

# Unit Distance Graph 304
14 vertices
0 1
0 2
0 8
0 11
0 4
0 7
1 4
1 11
1 3
2 5
2 7
2 4
3 7
3 13
3 6
5 9
5 8
6 11
6 8
6 10
7 9
8 12
9 12
9 13
10 13
10 12

# Embedding 304 (with cost 9.0678e-15)
(0.116712, 0.319516, 0.168623) (-0.0587724, -0.647617, -0.0153847) (-0.390188, -0.540141, 0.105042) (-0.308151, 0.306988, 0.147527) (-0.289643, 0.0418813, -0.701891) (0.268837, 0.169556, -0.14399) (0.233229, -0.470455, -0.172615) (-0.0396343, -0.103924, -0.723708) (-0.689484, -0.0938099, -0.254709) (-0.614327, -0.24086, 0.0831233) (-0.597987, 0.042009, 0.0429324) (-0.529979, 0.056055, -0.547184) (0.302434, -0.205585, -0.314754) (0.153579, -0.231459, -0.557371) 


# Original Graph 305 in [300, 325)
14 vertices
0 1
0 2
0 3
0 4
0 5
0 6
0 7
0 8
1 9
1 10
1 2
2 10
2 11
3 11
3 4
4 12
4 5
5 13
6 13
6 7
7 12
7 8
8 9
9 10
10 11
12 13

# Unit Distance Graph 305
14 vertices
0 3
0 4
0 12
0 7
0 8
0 9
0 10
0 11
1 4
1 5
1 13
1 12
2 6
2 7
2 12
2 13
3 8
3 7
4 9
4 8
5 10
5 9
6 11
6 10
7 11
10 13

# Embedding 305 (with cost 9.91411e-15)
(0.308052, 0.0854235, -0.626895) (0.391997, -0.376396, -0.0569302) (0.154551, -0.325091, 0.123024) (-0.109064, 0.205735, 0.27396) (-0.0356096, 0.482817, 0.223973) (0.131491, 0.588849, -0.0359738) (0.559111, 0.49691, -0.277782) (0.86866, 0.374458, 0.149107) (0.879952, 0.0818023, 0.19342) (0.727859, -0.162646, 0.246159) (0.408933, -0.317477, 0.282773) (-0.00492351, -0.0857867, 0.307307) (0.598006, 0.567927, 0.199614) (0.416141, 0.623313, -0.0561429) 


# Original Graph 306 in [300, 325)
14 vertices
0 1
0 2
0 3
0 4
0 5
0 6
1 6
1 7
1 2
2 8
2 9
3 9
3 10
3 8
3 11
4 11
4 7
5 7
5 12
5 13
6 13
7 12
8 11
8 10
9 10
12 13

# Unit Distance Graph 306
14 vertices
0 1
0 2
0 8
0 11
0 4
0 7
1 4
1 11
1 3
2 5
2 7
2 4
3 7
3 12
3 13
3 6
5 9
5 10
5 8
6 11
6 8
7 9
8 13
9 12
10 13
10 12

# Embedding 306 (with cost 9.05253e-15)
(-0.124156, -0.000972197, 0.660304) (0.0175678, -0.668758, -0.0704324) (-0.300644, -0.558287, -0.151023) (-0.480184, 0.138355, 0.247074) (0.206697, 0.299426, -0.234289) (0.40392, -0.0595662, 0.35382) (0.25024, -0.537072, 0.14569) (0.432455, 0.121756, -0.161354) (-0.313881, 0.151765, -0.30958) (-0.466941, -0.306034, -0.0714501) (-0.501043, -0.00910654, -0.0686663) (-0.073005, 0.302351, -0.29121) (0.487568, -0.0473629, 0.0768838) (0.416081, -0.30275, 0.200881) 


# Original Graph 307 in [300, 325)
14 vertices
0 1
0 2
0 3
0 4
0 5
0 6
1 7
1 8
1 9
2 10
2 11
3 11
3 12
4 12
4 5
5 11
5 13
5 6
6 13
7 13
7 8
8 13
8 9
9 10
10 11
11 12

# Unit Distance Graph 307
14 vertices
0 5
0 13
0 8
0 9
0 10
0 11
1 4
1 5
1 11
1 12
2 5
2 6
2 13
3 7
3 8
3 13
4 9
4 8
5 10
5 9
6 11
6 10
7 12
7 11
8 12
11 13

# Embedding 307 (with cost 8.79676e-15)
(-0.455342, -0.558547, 0.559404) (-0.755892, -0.164275, -0.0170935) (-0.169699, -0.671293, -0.143317) (-0.087756, -0.636747, 0.35591) (0.146007, -0.235628, 0.408918) (0.136695, 0.190265, 0.261456) (-0.179586, 0.213029, 0.323457) (-0.534696, 0.164102, -0.0426937) (-0.550967, -0.0116042, -0.272287) (-0.433787, -0.291177, -0.403949) (-0.206648, -0.471275, -0.405238) (0.140197, -0.545874, -0.243822) (0.145116, -0.511209, 0.243334) (-0.296752, 0.29783, 0.0680099) 


# Original Graph 308 in [300, 325)
14 vertices
0 1
0 2
0 3
0 4
0 5
1 5
1 6
1 7
2 8
2 9
2 3
3 10
4 10
4 11
5 11
5 10
6 10
6 7
7 12
7 13
8 13
8 12
9 12
9 10
10 11
12 13

# Unit Distance Graph 308
14 vertices
0 6
0 7
0 12
0 9
0 10
1 2
1 3
1 10
1 9
2 6
2 10
2 5
3 7
3 6
4 7
4 13
4 12
5 9
5 12
5 8
7 10
8 10
8 11
10 13
11 12
11 13

# Embedding 308 (with cost 9.54612e-15)
(-0.72708, 0.123884, -0.396186) (-1.11243, -0.350679, 0.25834) (-0.357359, -0.141677, -0.363103) (-0.432753, 0.130622, -0.295188) (-0.753043, 0.365258, 0.0203053) (-1.13789, 0.00290014, 0.245062) (-0.853752, -0.335131, 0.483166) (-0.783627, -0.595452, 0.296171) (-0.326222, -0.401033, -0.176872) (-0.154058, -0.098659, 0.39256) (-0.403255, 0.298358, 0.533704) (-0.915765, 0.282047, 0.25422) (-0.257021, -0.470316, 0.256477) (-0.457563, -0.588529, 0.0749197) 


# Original Graph 309 in [300, 325)
14 vertices
0 1
0 2
0 3
0 4
0 5
0 6
1 7
1 8
1 2
2 9
2 10
3 10
3 11
3 12
4 12
4 8
5 8
5 13
6 13
6 7
7 13
8 13
9 12
9 11
9 10
11 12

# Unit Distance Graph 309
14 vertices
0 1
0 2
0 9
0 12
0 4
0 8
1 4
1 12
1 3
2 5
2 8
2 4
3 8
3 13
3 7
5 10
5 9
6 9
6 11
6 12
7 12
7 11
8 10
9 13
10 13
11 13

# Embedding 309 (with cost 6.97761e-15)
(-0.796663, 0.304539, -0.423724) (-0.314869, -0.404895, -0.938096) (-0.279017, -0.140495, -1.15447) (-0.609632, 0.502135, -0.637411) (0.197871, 0.225612, -0.35538) (-0.288395, -0.0707408, -0.156949) (-0.481502, -0.279404, -0.36182) (-0.314211, -0.453232, -0.637139) (0.116829, -0.0583865, -0.23983) (-0.0237218, 0.274219, -1.05748) (-0.282931, 0.172016, -1.12702) (-0.0715242, 0.494422, -0.844636) (0.169852, 0.421674, -0.652038) (-0.166508, -0.310499, -0.258905) 


# Original Graph 310 in [300, 325)
14 vertices
0 1
0 2
0 3
0 4
0 5
0 6
0 7
1 7
1 5
1 2
2 8
3 9
3 10
4 10
4 5
5 7
5 11
6 11
6 7
7 11
8 12
8 13
8 9
9 13
10 12
12 13

# Unit Distance Graph 310
14 vertices
0 1
0 2
0 8
0 12
0 10
0 4
0 5
1 4
1 10
1 3
2 5
2 4
3 5
3 7
5 9
5 8
6 8
6 13
6 12
7 10
7 12
7 13
7 9
8 11
9 11
11 13

# Embedding 310 (with cost 9.86615e-15)
(0.82867, -0.710847, -0.196715) (0.283517, 0.0830497, 0.0726111) (0.160628, -0.13622, 0.276069) (0.594651, -0.859562, -0.0485436) (-0.0786809, -0.569763, -0.592707) (0.0546635, -0.326531, -0.69992) (0.608299, -0.19189, -0.481392) (0.437155, 0.0879841, -0.326665) (0.0157995, -0.4011, 0.296539) (0.335689, -0.790526, 0.14016) (-0.161348, -0.713061, -0.337637) (0.295458, -0.156097, -0.631774) (-0.159345, -0.665168, -0.0492683) (0.038491, -0.673437, 0.184515) 


# Original Graph 311 in [300, 325)
14 vertices
0 1
0 2
0 3
0 4
0 5
1 6
1 7
1 8
2 9
2 10
3 10
3 7
3 11
4 11
4 12
5 12
5 13
5 6
6 13
6 11
7 9
7 8
8 9
9 10
11 13
11 12

# Unit Distance Graph 311
14 vertices
0 1
0 7
0 3
0 11
0 6
1 4
1 11
1 3
2 6
2 11
2 13
3 6
3 5
4 8
4 7
5 7
5 9
5 10
6 10
7 12
8 12
8 11
9 13
9 11
9 12
10 13

# Embedding 311 (with cost 9.37515e-15)
(-0.0668462, -0.169639, -0.242916) (0.0429371, 0.120261, 0.707823) (-0.124762, -0.454527, 0.0272799) (-0.766808, -0.398502, 0.4336) (-0.37139, 0.0326229, -0.198076) (-0.239932, 0.314391, -0.0292001) (-0.144263, 0.366724, 0.597513) (-0.264744, -0.346002, 0.72131) (-0.0367208, -0.163282, 0.723672) (-0.2015, -0.528205, 0.507973) (-0.484388, -0.553409, 0.403424) (-0.849684, 0.192759, 0.262883) (-0.534165, 0.233811, -0.0476047) (-0.399981, 0.442557, 0.372961) 


# Original Graph 312 in [300, 325)
14 vertices
0 1
0 2
0 3
0 4
0 5
0 6
1 7
1 8
2 8
2 9
2 3
3 10
3 11
3 4
4 12
5 12
5 10
6 10
6 13
7 13
7 9
7 8
8 9
9 13
10 11
11 12

# Unit Distance Graph 312
14 vertices
0 2
0 3
0 10
0 6
0 13
0 9
1 3
1 11
1 10
2 6
2 10
2 5
3 7
3 13
3 6
4 7
4 9
4 13
5 9
5 8
7 12
7 11
8 10
8 11
8 12
9 12

# Embedding 312 (with cost 9.64476e-15)
(0.118333, -0.244625, 0.826773) (0.0150548, 0.0494627, 0.831591) (-0.653694, 0.0442538, 0.260626) (-0.546752, -0.300773, 0.0821186) (-0.0221994, -0.472927, 0.475692) (0.252167, -0.35494, 0.402254) (0.281817, 0.248207, -0.0278553) (-0.0544408, 0.520882, 0.369368) (-0.478013, 0.327033, 0.444075) (-0.30878, 0.460792, 0.261123) (0.262845, -0.0128981, -0.135214) (0.0132316, -0.372359, -0.0750862) (0.0954121, -0.450882, 0.187109) (0.121646, 0.442803, 0.100528) 


# Original Graph 313 in [300, 325)
14 vertices
0 1
0 2
0 3
0 4
0 5
1 5
1 3
1 6
2 7
2 8
3 8
3 5
3 9
3 4
4 10
5 10
5 9
6 11
6 12
7 12
7 13
8 11
9 10
11 13
11 12
12 13

# Unit Distance Graph 313
14 vertices
0 1
0 6
0 11
0 8
0 3
1 3
1 8
1 2
2 3
2 5
3 7
3 12
3 6
4 6
4 12
4 11
5 8
5 11
5 13
5 7
7 9
9 13
9 12
10 11
10 12
10 13

# Embedding 313 (with cost 9.73344e-15)
(0.719917, 0.814804, 0.256983) (0.0614673, 0.198278, -0.174689) (0.646234, 0.658618, 0.493244) (1.01417, -0.0850883, -0.0648972) (0.79361, 0.723964, -0.0327287) (0.333491, 0.363949, -0.409729) (0.0512398, 0.079119, 0.149099) (0.46692, 0.45147, 0.577457) (0.907525, -0.166501, 0.214055) (0.669649, 0.334363, -0.394751) (0.681421, 0.588062, -0.268323) (0.635299, -0.174338, 0.377137) (0.171026, 0.100215, 0.439845) (0.432932, 0.0422067, 0.531861) 


# Original Graph 314 in [300, 325)
14 vertices
0 1
0 2
0 3
0 4
0 5
1 6
1 7
1 8
2 8
2 5
2 9
2 10
2 3
3 10
4 10
4 9
4 5
5 11
6 12
6 7
7 13
8 13
9 10
11 13
11 12
12 13

# Unit Distance Graph 314
14 vertices
0 2
0 5
0 11
0 13
0 8
1 2
1 9
1 4
1 5
2 6
2 12
2 11
2 5
3 11
3 12
3 13
4 8
4 13
4 7
5 8
6 10
6 9
7 9
7 10
10 13
10 12

# Embedding 314 (with cost 8.35433e-15)
(0.285917, 0.0763569, 0.583781) (0.201015, -0.206314, 0.591333) (-0.692794, 0.212021, 0.429773) (-0.0278876, 0.400347, 0.483829) (-0.0909512, 0.292263, -0.224864) (-0.0886322, 0.00996316, -0.341045) (0.0413007, -0.459334, 0.327855) (-0.235806, -0.488431, 0.383029) (-0.677622, -0.155367, 0.450003) (-0.267947, 0.421993, -0.0293967) (-0.221798, 0.501826, 0.244485) (-0.140616, -0.265696, -0.253517) (-0.105812, -0.451589, -0.0339877) (-0.509458, -0.454742, 0.291698) 


# Original Graph 315 in [300, 325)
14 vertices
0 1
0 2
0 3
0 4
1 5
1 6
1 7
2 7
2 8
2 9
2 10
2 3
3 11
4 12
4 9
5 13
5 8
5 6
6 8
7 8
8 13
9 13
9 12
10 12
10 11
11 12

# Unit Distance Graph 315
14 vertices
0 2
0 9
0 13
0 8
1 2
1 10
1 12
1 9
2 5
2 13
2 9
2 4
3 5
3 8
3 13
4 8
4 7
5 11
5 10
6 10
6 11
6 12
7 9
7 12
8 12
8 11

# Embedding 315 (with cost 8.65106e-15)
(0.11134, 0.0535068, -0.564403) (-0.0915645, -0.182954, -0.518838) (-0.0448398, 0.166917, 0.416793) (0.285527, 0.308103, -0.130946) (0.445666, -0.102444, -0.41197) (-0.0249057, -0.641636, -0.171293) (-0.174139, -0.428341, -0.312424) (-0.28932, -0.160156, 0.263652) (-0.246534, -0.466368, 0.211263) (0.640949, -0.484207, 0.0916297) (0.348694, 0.147688, 0.315936) (0.542178, 0.137477, 0.0959137) (0.69652, -0.154311, 0.0960624) (0.389566, -0.665427, 0.0725625) 


# Original Graph 316 in [300, 325)
14 vertices
0 1
0 2
0 3
0 4
0 5
1 6
1 7
1 2
2 7
2 8
3 9
3 10
3 11
4 12
4 5
5 12
5 10
5 6
6 9
6 8
6 7
8 9
10 13
11 13
11 12
12 13

# Unit Distance Graph 316
14 vertices
0 3
0 10
0 5
0 6
0 9
1 3
1 11
1 13
1 10
2 5
2 10
2 13
2 12
3 6
3 5
4 6
4 8
4 9
5 9
5 8
6 12
6 11
7 11
7 12
7 13
8 12

# Embedding 316 (with cost 8.56041e-15)
(-0.696611, 0.265864, -0.00432962) (-0.634228, -0.253593, 0.159747) (-0.477798, -0.190942, 0.390334) (0.272888, 0.163205, 0.21823) (-0.434295, 0.341237, -0.318029) (-0.12726, -0.366532, -0.529607) (-0.248602, -0.620866, -0.118342) (-0.455886, -0.474686, 0.108967) (-0.0659366, -0.180997, 0.451115) (0.1736, -0.0531672, 0.371107) (0.216025, -0.0093819, -0.306549) (0.195102, 0.271159, -0.0322114) (-0.16332, 0.334847, -0.400014) (0.0970448, 0.252899, -0.297097) 


# Original Graph 317 in [300, 325)
14 vertices
0 1
0 2
0 3
0 4
0 5
1 6
1 3
1 7
2 8
2 9
3 9
3 6
3 10
3 4
4 10
4 5
5 10
5 6
7 11
7 12
8 12
8 13
8 9
9 11
11 13
12 13

# Unit Distance Graph 317
14 vertices
0 1
0 7
0 11
0 9
0 3
1 3
1 9
1 2
2 3
2 6
3 8
3 12
3 7
4 7
4 12
4 13
4 11
5 8
5 9
5 11
5 13
6 9
6 8
8 10
10 13
10 12

# Embedding 317 (with cost 8.5965e-15)
(0.62658, -0.49336, -0.2152) (-0.00295641, -0.118292, -0.895646) (0.501862, -0.249121, -0.0423922) (-0.334353, -0.770135, -0.213534) (0.351692, -0.803444, -0.425919) (0.174348, -0.639979, -0.806319) (0.0402769, -0.411282, -0.914541) (-0.0582654, 0.075086, -0.671111) (0.301433, -0.0198831, -0.0321552) (-0.340894, -0.376812, 0.00932081) (0.0232743, -0.852109, -0.511766) (-0.289584, -0.110714, -0.0959357) (0.0272048, 0.142226, -0.405556) (-0.0328612, 0.0731511, -0.136611) 


# Original Graph 318 in [300, 325)
14 vertices
0 1
0 2
0 3
0 4
0 5
1 6
1 7
1 8
2 8
2 5
2 9
2 10
2 3
3 10
3 9
4 9
4 5
5 11
6 12
6 13
7 13
7 11
7 8
9 10
11 12
12 13

# Unit Distance Graph 318
14 vertices
0 2
0 5
0 11
0 7
0 8
1 2
1 9
1 4
1 5
2 6
2 12
2 11
2 5
3 7
3 11
3 12
3 13
4 8
4 7
5 8
6 10
6 9
7 9
9 13
10 13
10 12

# Embedding 318 (with cost 9.98416e-15)
(-0.699425, 0.689823, 0.0894578) (-0.361409, 0.817471, 0.0548058) (-0.367974, 0.123374, -0.665046) (-0.816114, 0.233302, -0.223399) (-0.477524, -0.168214, 0.177044) (-0.17227, -0.138294, 0.280062) (-0.111132, 0.689252, 0.118417) (0.162623, 0.407606, -0.331526) (-0.0885428, 0.314467, -0.60763) (-0.644513, -0.130742, -0.0892199) (-0.680504, 0.0254787, -0.366578) (0.0496455, 0.0447021, 0.240164) (0.0831496, 0.328492, 0.203524) (0.123362, 0.505596, -0.015456) 


# Original Graph 319 in [300, 325)
14 vertices
0 1
0 2
0 3
0 4
0 5
1 5
1 3
1 6
2 7
2 8
3 8
3 5
3 9
3 10
4 10
4 9
5 9
6 11
6 12
6 13
7 13
7 11
8 11
9 10
11 12
12 13

# Unit Distance Graph 319
14 vertices
0 1
0 6
0 11
0 8
0 3
1 3
1 8
1 2
2 3
2 5
3 7
3 13
3 6
4 6
4 12
4 11
5 8
5 11
5 7
6 10
7 9
9 11
9 12
9 13
10 13
10 12

# Embedding 319 (with cost 8.67301e-15)
(-0.305517, -0.0671993, -0.174235) (0.402725, 0.0983856, -0.860512) (-0.107918, -0.31957, -0.109142) (0.523556, 0.433956, 0.0737217) (-0.218133, 0.202773, -0.154321) (0.217112, 0.392307, -0.731706) (0.512271, -0.13992, -0.745142) (0.136866, -0.448042, -0.195633) (0.645032, 0.0603504, 0.108942) (0.0879201, 0.545746, -0.295584) (0.214954, 0.504071, -0.0402466) (0.677211, -0.240257, -0.108672) (0.565893, -0.306119, -0.509752) (0.324279, -0.419391, -0.408033) 


# Original Graph 320 in [300, 325)
14 vertices
0 1
0 2
0 3
0 4
0 5
0 6
0 7
1 7
1 2
2 8
2 3
3 9
3 10
4 10
4 5
5 10
5 9
5 11
6 11
6 12
7 12
7 13
8 13
8 12
9 11
12 13

# Unit Distance Graph 320
14 vertices
0 2
0 3
0 9
0 11
0 6
0 12
0 8
1 5
1 11
1 9
2 6
2 11
2 5
3 7
3 12
3 6
4 8
4 12
4 13
5 8
5 13
5 7
7 10
7 9
10 13
10 12

# Embedding 320 (with cost 9.88728e-15)
(0.504381, -0.403988, 0.0181036) (0.124395, -0.385186, -0.0629768) (-0.128242, 0.0850642, -0.582409) (0.227695, 0.292588, -0.643883) (0.693836, 0.0453354, -0.147892) (0.604714, 0.491521, -0.0369109) (0.0672875, 0.438769, 0.332283) (-0.0645213, -0.224855, 0.160394) (-0.295923, 0.123195, -0.26754) (0.409484, 0.555323, -0.247823) (0.56954, 0.322256, -0.386081) (0.32099, 0.567295, 0.169684) (-0.18731, 0.274416, 0.265754) (-0.286082, 0.0458024, 0.0515081) 


# Original Graph 321 in [300, 325)
14 vertices
0 1
0 2
0 3
0 4
1 5
1 6
1 7
2 7
2 8
2 6
2 9
2 10
2 3
3 10
4 11
4 12
5 13
5 6
6 13
6 8
7 8
9 13
9 12
9 11
10 11
11 12

# Unit Distance Graph 321
14 vertices
0 2
0 9
0 13
0 6
1 2
1 10
1 11
1 9
2 5
2 13
2 9
2 12
2 4
3 5
3 6
3 13
4 6
4 8
5 10
6 11
6 10
7 9
7 11
7 12
8 12
8 11

# Embedding 321 (with cost 8.92393e-15)
(0.112879, -0.00812454, 0.543763) (0.367107, 0.144904, 0.423039) (-0.333253, 0.473018, -0.210868) (-0.413211, 0.196515, 0.0743443) (-0.0676769, -0.360348, 0.27387) (0.537151, -0.015909, -0.153008) (0.483889, 0.173691, -0.366893) (0.215258, 0.442714, 0.147741) (0.19659, 0.486553, -0.187564) (0.117414, -0.404591, -0.374275) (-0.461876, -0.0249191, -0.109829) (-0.311823, -0.370119, -0.100226) (-0.046835, -0.48163, -0.129558) (0.361014, -0.221056, -0.401271) 


# Original Graph 322 in [300, 325)
14 vertices
0 1
0 2
0 3
0 4
0 5
1 6
1 7
1 8
2 8
2 9
2 10
2 11
2 3
3 11
4 12
4 5
5 10
6 13
6 7
7 13
7 9
7 8
8 9
10 13
10 12
11 12

# Unit Distance Graph 322
14 vertices
0 2
0 10
0 13
0 7
0 9
1 2
1 11
1 12
1 10
2 6
2 13
2 10
2 5
3 6
3 7
3 13
4 7
4 8
4 9
5 9
5 8
6 11
7 12
7 11
8 10
8 12

# Embedding 322 (with cost 8.38802e-15)
(-0.571104, -0.505404, 0.349764) (-0.230381, -0.553502, 0.145208) (-0.849232, -0.229089, -0.570179) (-0.942398, -0.289814, -0.123354) (-0.623044, -0.189945, 0.373583) (-0.510059, 0.0672584, 0.322648) (0.0320646, -0.0652905, -0.126912) (0.0141867, -0.189738, -0.39709) (-0.207618, -0.389714, -0.513837) (-0.541075, -0.26431, -0.620274) (-0.394677, 0.426485, 0.0328148) (-0.957021, 0.00321468, -0.257359) (-0.805822, 0.246178, -0.0261959) (-0.0972238, 0.244552, -0.111761) 


# Original Graph 323 in [300, 325)
14 vertices
0 1
0 2
0 3
0 4
0 5
0 6
1 7
1 8
1 2
2 9
2 3
3 9
3 10
3 11
3 4
4 11
5 11
5 10
5 6
6 12
7 13
7 8
8 13
8 9
10 12
12 13

# Unit Distance Graph 323
14 vertices
0 3
0 10
0 12
0 13
0 8
0 9
1 3
1 11
1 5
1 10
2 5
2 6
2 12
2 10
3 7
3 13
3 12
3 6
4 7
4 8
4 13
5 9
5 8
6 9
7 11
8 11

# Embedding 323 (with cost 9.58576e-15)
(0.42984, -0.249929, 0.316742) (0.245765, 0.0499815, -0.103817) (-0.195624, 0.0929405, 0.144094) (-0.565439, -0.346549, 0.325964) (-0.178814, -0.53635, 0.453267) (-0.0289768, -0.891635, 0.0907997) (0.216775, -0.777837, -0.123627) (0.0654931, -0.0818612, -0.403327) (-0.215315, -0.0533393, -0.421586) (-0.414875, -0.00335861, -0.158294) (-0.186248, -0.847066, -0.196934) (-0.190703, -0.762166, 0.283368) (-0.0360543, -0.698485, -0.445976) (-0.0628255, -0.431156, -0.534397) 


# Original Graph 324 in [300, 325)
14 vertices
0 1
0 2
0 3
0 4
0 5
1 5
1 6
1 7
2 7
2 8
2 9
3 9
3 8
3 10
4 10
4 6
4 11
5 11
5 12
6 12
6 13
7 10
7 8
8 9
11 13
12 13

# Unit Distance Graph 324
14 vertices
0 1
0 7
0 10
0 4
0 6
1 4
1 10
1 3
2 4
2 11
2 13
2 6
3 6
3 12
3 5
4 7
5 10
5 7
5 8
6 9
7 11
8 12
8 13
8 11
9 13
9 12

# Embedding 324 (with cost 9.99447e-15)
(0.313813, -0.352729, 0.130179) (-0.427744, -1.01456, 0.240048) (-0.0157187, -0.19583, 0.142326) (-0.369233, -0.301416, -0.458522) (-0.11359, -0.763052, -0.675403) (0.39765, -0.658016, 0.0750752) (-0.274574, -1.15731, 0.0498873) (-0.58591, -0.78259, 0.205808) (-0.513842, -0.269036, -0.0586284) (-0.253623, -0.161033, -0.0336983) (-0.296888, -0.5512, -0.636407) (0.0699978, -0.92629, -0.535229) (-0.00539829, -1.12973, -0.0324783) (0.00343591, -1.08653, -0.311862) 
