

# Original Graph 550 in [550, 575)
14 vertices
0 1
0 2
0 3
1 4
1 5
2 5
2 6
2 7
2 3
3 7
3 6
3 4
4 8
4 9
5 10
5 11
6 11
6 8
6 7
8 11
8 12
9 13
9 10
10 13
11 12
12 13

# Unit Distance Graph 550
14 vertices
0 8
0 12
0 11
1 6
1 8
1 11
2 4
2 9
2 13
2 12
2 8
3 5
3 11
3 12
3 13
3 10
4 6
4 11
4 5
5 8
5 6
6 10
6 9
7 9
7 10
7 13

# Embedding 550 (with cost 9.68018e-15)
(-1.3692, -0.834292, -1.0018) (-1.23257, -0.950802, -1.39475) (-1.41911, -0.508978, -0.99062) (-1.21915, -0.885986, -0.750176) (-0.737892, -1.20089, -1.22978) (-1.19197, -0.402404, -1.62505) (-0.830707, -0.361989, -0.693464) (-1.15894, -0.552152, -0.702091) (-0.419258, -0.521867, -1.00163) (-0.674173, -0.975632, -1.46738) (-0.86095, -0.644857, -1.65215) (-0.601005, -0.213023, -1.1564) (-0.467811, -0.519105, -1.29871) (-0.587604, -0.715138, -1.50646) 


# Original Graph 551 in [550, 575)
14 vertices
0 1
0 2
0 3
1 3
1 4
1 5
2 5
2 6
3 6
3 7
4 7
4 8
5 9
5 10
5 11
6 11
6 10
6 12
7 8
8 12
8 9
9 12
9 13
10 13
10 11
12 13

# Unit Distance Graph 551
14 vertices
0 9
0 13
0 12
1 6
1 12
1 13
1 10
2 8
2 9
2 12
3 5
3 10
3 13
3 9
4 6
4 10
4 11
5 7
5 8
5 12
5 6
6 9
6 8
7 11
7 10
8 11

# Embedding 551 (with cost 9.55796e-15)
(-0.298303, 0.858124, -0.555552) (-0.0783067, 0.771813, -0.224102) (-0.398402, 0.607442, -0.708377) (-0.517961, 1.10269, -0.44857) (-0.418793, 0.924246, 0.10914) (-0.198749, 0.159852, -0.352838) (-0.949173, 0.714531, -0.712272) (-0.529049, 1.05744, -0.0608866) (-0.6466, 0.835126, 0.233194) (-0.735406, 0.377348, 0.204576) (-0.860553, 0.166411, -0.371001) (-0.630073, 0.172569, -0.515634) (-1.00487, 0.557737, 0.0851754) (-0.936775, 0.298067, -0.0276416) 


# Original Graph 552 in [550, 575)
14 vertices
0 1
0 2
0 3
0 4
1 5
1 6
2 6
2 7
2 8
3 8
3 4
4 5
5 9
5 10
6 10
6 11
6 12
6 13
7 13
7 9
7 8
9 13
9 11
10 11
11 12
12 13

# Unit Distance Graph 552
14 vertices
0 9
0 11
0 12
0 13
1 7
1 9
1 13
2 5
2 10
2 11
2 9
3 6
3 12
3 11
4 6
4 13
4 12
5 7
5 13
5 6
6 9
6 7
6 8
7 10
8 11
8 10

# Embedding 552 (with cost 7.90739e-15)
(-0.465029, 0.302645, -0.599435) (-0.276384, 0.447188, -0.781288) (-0.206031, 0.298744, -0.125242) (-0.494522, 0.0787154, -0.542799) (-0.420572, 0.126566, -0.862372) (-0.210431, 0.0926069, -1.10376) (0.378815, 0.55514, -0.441295) (-0.0109432, -0.339887, -0.224464) (-0.388208, -0.0691116, -0.293014) (0.236535, -0.405323, -0.680602) (0.240412, 0.21674, -1.01629) (0.468169, 0.00700046, -0.803726) (0.503679, 0.0834333, -0.483032) (0.380573, -0.163165, -0.338709) 


# Original Graph 553 in [550, 575)
14 vertices
0 1
0 2
0 3
0 4
0 5
1 5
1 2
2 6
2 7
2 8
2 3
3 9
3 10
4 10
4 5
5 11
5 6
6 7
7 11
7 8
8 12
9 12
9 13
9 10
11 13
12 13

# Unit Distance Graph 553
14 vertices
0 7
0 8
0 12
0 13
0 11
1 9
1 13
1 12
2 4
2 5
2 11
2 13
2 9
2 10
3 5
3 6
3 7
3 11
4 8
4 7
5 9
5 12
5 8
6 10
6 9
7 10

# Embedding 553 (with cost 9.28612e-15)
(0.0165219, -0.378952, -0.0529877) (-0.0311349, -0.377508, 0.372313) (0.330954, 0.134682, 0.492026) (-0.0238792, 0.0597336, -0.270635) (-0.336279, -0.241068, -0.151101) (-0.547754, -0.34253, 0.480191) (-0.295259, -0.131592, 0.672629) (-0.162808, 0.253565, 0.700513) (0.00272888, 0.491319, 0.439393) (-0.365537, 0.386074, -0.180062) (-0.297651, 0.154951, -0.285435) (-0.668569, 0.103803, 0.492538) (-0.290375, 0.556043, 0.124772) (-0.535385, 0.441225, 0.0977074) 


# Original Graph 554 in [550, 575)
14 vertices
0 1
0 2
0 3
0 4
1 5
1 2
2 6
2 7
2 3
3 8
3 9
4 9
4 5
5 9
5 10
5 6
6 11
7 11
7 12
8 12
8 13
8 9
10 13
10 11
11 12
12 13

# Unit Distance Graph 554
14 vertices
0 10
0 11
0 12
0 13
1 8
1 13
1 12
2 5
2 10
2 13
2 8
2 9
3 5
3 6
3 11
3 10
4 7
4 12
4 11
5 8
5 12
5 7
6 9
6 8
7 9
9 11

# Embedding 554 (with cost 9.54244e-15)
(0.159269, -0.675839, -0.0558573) (0.0456233, -0.729889, -0.270913) (-0.187231, -1.08098, -0.0361014) (0.412776, -0.819797, 0.223774) (0.531414, -0.648968, -0.346563) (0.449968, -0.86084, -0.774691) (0.0629746, -1.18022, -0.640944) (0.0522958, -1.49457, -0.111182) (0.776408, -1.33648, 0.0421321) (0.774012, -0.805458, -0.0459805) (0.598542, -1.4268, -0.548912) (0.286614, -1.61837, -0.364752) (0.472224, -1.6229, -0.127563) (0.691685, -1.49316, -0.276145) 


# Original Graph 555 in [550, 575)
14 vertices
0 1
0 2
0 3
0 4
1 5
1 6
2 6
2 7
2 3
3 7
3 5
3 4
4 5
5 8
5 9
6 9
6 10
7 11
7 8
8 11
8 12
9 12
10 13
10 11
11 13
12 13

# Unit Distance Graph 555
14 vertices
0 8
0 12
0 13
0 11
1 7
1 8
1 11
2 5
2 9
2 12
2 8
3 6
3 10
3 13
3 12
3 9
4 10
4 11
4 13
5 7
5 11
5 10
5 6
6 8
6 7
7 9

# Embedding 555 (with cost 9.65635e-15)
(-0.518459, -1.33635, 1.00589) (-0.763883, -1.13366, 0.776149) (-0.129515, -1.22782, 0.806503) (-0.204048, -1.57604, 0.970174) (-0.671474, -1.73031, 0.899326) (-0.868152, -1.87953, 0.634191) (-0.683364, -0.931756, 0.374229) (0.0705432, -1.58342, 0.457636) (-0.524133, -1.89963, 0.179651) (-0.909061, -1.53743, 0.262032) (-0.512677, -1.072, 0.163524) (-0.115043, -1.49015, 0.103897) (-0.637906, -1.68311, 0.0755765) (-0.396028, -1.3566, 0.0136244) 


# Original Graph 556 in [550, 575)
14 vertices
0 1
0 2
0 3
0 4
0 5
1 5
1 6
1 2
2 7
2 8
2 3
3 4
4 9
5 9
5 6
6 10
6 11
6 7
7 11
7 12
8 12
8 9
9 13
10 13
10 11
12 13

# Unit Distance Graph 556
14 vertices
0 7
0 12
0 13
0 10
0 11
1 8
1 9
1 13
1 12
2 5
2 6
2 10
2 13
2 9
3 6
3 11
3 10
4 6
4 7
4 11
5 8
5 12
5 7
6 9
6 8
7 9

# Embedding 556 (with cost 9.54556e-15)
(-1.14776, -1.28822, -0.0298738) (-1.21929, -1.37118, 0.360024) (-0.671726, -1.86678, -0.147471) (-0.914822, -1.42339, -0.234377) (-0.860261, -1.16918, -0.197607) (-1.1068, -1.09084, 0.309297) (-0.790738, -1.45784, 0.757297) (-0.440405, -1.82698, 0.427709) (-0.395009, -1.62609, -0.145527) (-0.398295, -0.918264, 0.0124143) (-0.351565, -1.25295, 0.574135) (-0.443739, -1.51576, 0.642863) (-0.25113, -1.60735, 0.277048) (-0.249221, -1.12911, 0.379161) 


# Original Graph 557 in [550, 575)
14 vertices
0 1
0 2
0 3
1 4
1 5
2 6
2 7
2 8
2 9
2 10
3 11
3 4
4 12
5 10
5 9
5 8
5 6
6 7
7 8
8 9
9 10
10 13
10 11
11 13
11 12
12 13

# Unit Distance Graph 557
14 vertices
0 5
0 9
0 10
1 2
1 10
1 9
2 5
2 10
2 13
2 12
2 4
3 5
3 8
3 9
4 9
4 8
5 11
5 10
6 10
6 11
6 13
7 11
7 12
7 13
8 12
8 11

# Embedding 557 (with cost 9.1971e-15)
(0.30551, -0.771283, -0.571577) (-0.360962, -0.685804, -0.00711171) (0.587179, -0.774288, -0.312399) (-0.0595886, -1.06769, -0.632549) (-0.380442, -1.02002, -0.370048) (-0.215029, -0.684159, 0.277805) (0.155095, -0.61457, 0.17362) (0.371827, -0.699088, 0.127021) (0.405193, -0.894311, 0.235736) (0.33822, -1.35743, 0.237968) (0.0706666, -1.58714, -0.0431508) (-0.122802, -1.27622, -0.522792) (-0.298629, -1.23193, -0.389284) (-0.140405, -1.45917, -0.272853) 


# Original Graph 558 in [550, 575)
14 vertices
0 1
0 2
0 3
0 4
1 5
1 2
2 6
2 3
3 7
3 8
3 9
3 10
4 10
4 11
4 9
4 12
5 7
5 13
5 6
6 13
7 13
7 12
8 12
8 9
9 11
10 11

# Unit Distance Graph 558
14 vertices
0 3
0 8
0 12
0 7
1 3
1 9
1 8
2 4
2 12
2 8
2 9
3 5
3 7
3 12
3 4
4 7
4 13
4 6
5 10
5 11
5 9
6 9
6 11
7 10
10 13
11 13

# Embedding 558 (with cost 7.20124e-15)
(0.699231, 0.923881, -0.510749) (0.463267, 0.760459, -0.470843) (0.633613, 0.230321, -0.388798) (1.13697, 0.144254, -0.0629027) (1.00234, 1.13062, -0.157512) (0.243194, 0.578947, -0.173386) (0.380635, 0.352104, -0.24345) (0.344432, 0.583562, 0.360055) (0.82527, 0.722138, 0.460545) (1.09927, 0.785402, 0.300441) (1.23687, 0.649719, -0.086235) (1.16579, 0.911864, 0.0214975) (0.537055, 0.749392, 0.460462) (0.257482, 0.494093, 0.0425152) 


# Original Graph 559 in [550, 575)
14 vertices
0 1
0 2
0 3
0 4
1 4
1 5
1 2
2 6
3 7
3 8
3 9
4 9
4 10
4 8
4 11
4 12
5 12
5 13
5 6
6 13
7 12
7 11
8 11
8 10
9 10
12 13

# Unit Distance Graph 559
14 vertices
0 4
0 12
0 7
0 11
1 3
1 8
1 11
1 7
2 4
2 11
2 8
3 5
3 12
3 4
4 7
4 12
4 13
4 6
5 9
5 10
5 8
6 8
6 10
9 13
9 12
10 13

# Embedding 559 (with cost 9.49401e-15)
(0.0827875, 0.182371, -0.518979) (0.510393, 0.521925, -0.923697) (0.330262, 0.144225, -0.550715) (-0.276201, -0.0822252, -0.796136) (0.148353, 0.545842, -1.44827) (0.705654, 0.0210024, -0.955212) (0.54848, -0.00866946, -0.718607) (0.38444, -0.408826, -1.26697) (-0.196034, -0.0138523, -1.38619) (-0.265808, 0.176363, -1.13445) (-0.190142, 0.219167, -1.35306) (0.0357334, -0.185205, -1.44778) (0.601887, -0.314225, -1.21463) (0.651999, -0.2031, -1.01766) 


# Original Graph 560 in [550, 575)
14 vertices
0 1
0 2
0 3
1 4
1 5
2 5
2 6
3 7
3 8
4 8
4 9
4 10
5 11
5 12
5 6
6 7
7 12
7 13
7 8
9 13
9 10
10 13
10 12
10 11
11 12
12 13

# Unit Distance Graph 560
14 vertices
0 10
0 12
0 13
1 7
1 13
1 12
2 9
2 10
2 13
3 10
3 11
3 12
4 5
4 6
4 7
4 12
5 9
5 13
5 7
5 8
6 10
6 9
7 11
7 10
8 12
8 11

# Embedding 560 (with cost 9.34148e-15)
(-0.215278, -0.593117, -0.168605) (-0.165134, -0.385143, -0.0119909) (0.0771835, -0.753399, -0.143662) (-0.393092, -0.75868, -0.140263) (-0.619274, -0.550916, 0.427021) (0.364164, -0.52758, 0.247289) (0.0677506, -1.09809, -0.0510981) (-0.147891, -1.37662, 0.117161) (-0.583365, -0.783723, 0.0560354) (-0.534645, -0.709472, 0.646108) (-0.151906, -0.671558, 0.826297) (0.202276, -0.605134, 0.648381) (0.204265, -1.0949, 0.587828) (-0.350707, -1.05252, 0.709237) 


# Original Graph 561 in [550, 575)
14 vertices
0 1
0 2
0 3
0 4
0 5
1 6
1 7
1 8
2 8
2 9
2 3
3 4
4 9
5 9
5 10
6 10
6 11
7 11
7 12
7 8
8 10
8 9
10 13
11 13
11 12
12 13

# Unit Distance Graph 561
14 vertices
0 7
0 8
0 10
0 13
0 12
1 5
1 10
1 8
1 9
2 6
2 11
2 13
2 10
3 11
3 12
3 13
4 7
4 12
4 11
5 8
5 7
6 9
6 8
7 9
8 10
9 11

# Embedding 561 (with cost 9.92367e-15)
(0.138623, 0.0440195, 0.0699171) (0.0339896, -0.156199, 0.384797) (0.0577118, 0.625135, 0.274418) (0.147178, 0.32344, 0.065393) (0.322006, 0.4624, 0.0765871) (0.895325, 0.343201, 0.478079) (0.475985, -0.116845, 0.798358) (0.062312, 0.311588, 1.03043) (0.0340943, 0.778362, 0.740599) (0.516653, 0.706128, 0.231735) (0.888375, 0.260537, 0.69521) (0.465736, 0.0299585, 0.96672) (0.3309, 0.193713, 1.03977) (0.729833, 0.178671, 0.865115) 


# Original Graph 562 in [550, 575)
14 vertices
0 1
0 2
0 3
0 4
1 5
1 6
1 2
2 7
2 3
3 8
4 9
4 10
4 11
5 11
5 12
5 8
5 6
6 7
7 8
8 13
8 9
9 10
10 13
10 11
11 12
12 13

# Unit Distance Graph 562
14 vertices
0 5
0 8
0 13
0 12
1 8
1 9
1 10
1 13
2 10
2 11
2 12
2 13
3 5
3 12
3 11
4 5
4 6
4 7
4 8
5 9
5 8
6 10
6 9
7 11
7 10
8 11

# Embedding 562 (with cost 8.77846e-15)
(-1.19373, 1.25844, 1.0065) (-1.0774, 0.613048, 1.33077) (-1.02685, 0.732638, 0.821745) (-0.763154, 0.991995, 0.695746) (-1.03599, 1.44084, 1.17374) (-0.771248, 0.579076, 1.60648) (-0.844274, 0.462697, 1.25418) (-0.755958, 0.530084, 0.870263) (-0.283834, 0.901545, 0.795035) (-0.487283, 1.38041, 1.07996) (-0.422279, 1.36803, 1.30213) (-0.688894, 1.10358, 1.68672) (-0.519594, 0.919895, 1.66295) (-0.23512, 1.14855, 1.26916) 


# Original Graph 563 in [550, 575)
14 vertices
0 1
0 2
0 3
0 4
1 4
1 5
2 6
2 7
3 7
3 8
3 9
3 10
3 11
3 12
4 12
5 12
5 13
6 11
6 10
6 9
7 8
8 9
9 10
11 13
11 12
12 13

# Unit Distance Graph 563
14 vertices
0 3
0 11
0 6
0 10
1 3
1 10
1 9
2 3
2 12
2 11
3 6
3 11
3 13
3 5
4 6
4 9
4 10
5 9
5 8
6 12
7 11
7 12
7 13
8 13
8 12
9 12

# Embedding 563 (with cost 9.79239e-15)
(0.437097, -0.268817, 0.526811) (0.379093, -0.471912, 0.370273) (0.339878, -0.021308, 0.53371) (0.882293, 0.0720749, -0.301194) (0.449919, -0.581778, 0.188849) (0.236281, -0.642636, -0.0331351) (-0.10912, 0.151818, -0.197559) (0.56781, 0.184819, 0.279912) (0.624324, 0.276775, 0.0309363) (0.405144, 0.321512, -0.237839) (0.186309, 0.258413, -0.285059) (-0.0479238, -0.292017, -0.347384) (0.449916, -0.677179, -0.213099) (0.0745149, -0.51402, -0.23805) 


# Original Graph 564 in [550, 575)
14 vertices
0 1
0 2
0 3
0 4
1 4
1 5
2 6
2 7
2 8
2 9
2 10
3 10
3 11
4 12
5 12
5 6
6 12
6 7
7 12
7 11
8 11
8 9
9 11
9 13
10 13
11 13

# Unit Distance Graph 564
14 vertices
0 2
0 8
0 11
0 7
1 8
1 9
1 11
2 4
2 12
2 7
2 11
2 3
3 7
3 6
4 9
4 8
5 9
5 13
5 11
6 11
6 13
6 10
7 10
9 12
10 12
12 13

# Embedding 564 (with cost 9.26348e-15)
(-0.236394, -0.228221, -0.0990342) (-0.0535922, -0.327248, 0.0208611) (0.533692, 0.401205, -0.202914) (-0.367215, -0.0125921, -0.0719956) (0.0182486, -0.335054, 0.23554) (0.379107, -0.28542, 0.205865) (0.585578, -0.119162, 0.212309) (0.244421, 0.111309, 0.709382) (0.271005, 0.617522, 0.0660878) (0.0585625, 0.65943, 0.138704) (-0.21123, 0.370037, -0.142347) (-0.10632, 0.515273, 0.556937) (0.242016, -0.258972, 0.48925) (-0.129047, 0.562876, 0.0569569) 


# Original Graph 565 in [550, 575)
14 vertices
0 1
0 2
0 3
0 4
1 4
1 5
1 6
2 7
2 8
2 9
2 10
2 11
3 11
3 12
4 5
5 8
5 6
6 7
7 8
8 12
9 12
9 10
10 13
11 13
11 12
12 13

# Unit Distance Graph 565
14 vertices
0 2
0 9
0 12
0 8
1 9
1 10
1 13
1 12
2 4
2 5
2 8
2 12
2 3
3 8
3 7
4 10
4 9
5 11
5 13
5 10
6 11
6 12
6 13
7 12
7 11
8 11

# Embedding 565 (with cost 9.3609e-15)
(1.28457, 0.212869, -0.136005) (0.944958, -0.0985069, -0.0870746) (0.36503, 0.576894, -0.284108) (1.34447, 0.395672, -0.37272) (1.15942, -0.0131329, -0.139838) (0.795702, -0.291133, -0.53119) (0.626007, -0.0381078, -0.100746) (0.385261, 0.195446, -0.173158) (0.681982, -0.210883, -0.812263) (0.670465, 0.418169, -0.898061) (0.631531, 0.691862, -0.613459) (1.17924, 0.629946, -0.598382) (0.872324, 0.174715, -1.04628) (0.953638, 0.678854, -0.716069) 


# Original Graph 566 in [550, 575)
14 vertices
0 1
0 2
0 3
0 4
1 5
1 6
2 7
2 3
3 7
3 8
3 4
4 9
4 5
5 10
5 6
6 11
6 7
7 12
8 12
8 9
9 12
9 13
9 10
10 13
11 13
11 12

# Unit Distance Graph 566
14 vertices
0 9
0 13
0 11
0 12
1 8
1 9
1 12
2 9
2 10
2 13
3 5
3 6
3 11
3 13
3 10
4 6
4 7
4 12
4 11
5 8
5 12
5 7
6 9
6 8
7 10
7 9

# Embedding 566 (with cost 9.77204e-15)
(0.493786, -0.878646, -1.47034) (0.391552, -0.848887, -2.05087) (0.116279, -0.666632, -1.3751) (0.398961, -0.532289, -1.21418) (0.854928, -0.633348, -1.53836) (0.606212, -0.665808, -2.18332) (0.0668924, -0.615806, -2.15373) (-0.13156, -0.469519, -1.53744) (0.428545, -0.127037, -1.35981) (0.688221, 0.0595962, -1.75652) (0.634705, -0.346655, -2.1681) (0.176825, -0.196897, -2.1297) (0.113612, 0.0272414, -1.65698) (0.497534, -0.117271, -2.11864) 


# Original Graph 567 in [550, 575)
14 vertices
0 1
0 2
0 3
0 4
1 5
1 6
1 2
2 7
2 8
3 8
3 9
4 9
4 5
5 9
5 10
6 10
6 11
7 11
7 12
8 12
8 9
9 13
10 13
10 11
11 12
12 13

# Unit Distance Graph 567
14 vertices
0 10
0 11
0 12
0 13
1 8
1 9
1 13
1 12
2 5
2 10
2 13
2 9
3 6
3 11
3 10
4 7
4 12
4 11
5 8
5 12
5 7
6 9
6 8
7 9
8 10
9 11

# Embedding 567 (with cost 8.87127e-15)
(0.926757, -0.103016, 0.560335) (0.779035, 0.318458, 0.081034) (1.13639, 0.451448, 0.381924) (0.823859, -0.0401351, 0.852235) (0.602868, -0.169121, 0.603309) (0.222415, 0.0460993, 0.400465) (0.429303, 0.543772, 0.142744) (0.881401, 0.78803, 0.52406) (0.817014, 0.500854, 1.06353) (0.475391, -0.00570818, 0.976979) (0.137839, 0.466817, 0.330339) (0.548029, 0.808722, 0.401281) (0.632163, 0.762807, 0.964766) (0.30334, 0.592927, 0.916726) 


# Original Graph 568 in [550, 575)
14 vertices
0 1
0 2
0 3
0 4
1 4
1 5
2 6
2 7
3 7
3 8
4 8
4 9
5 10
5 11
5 6
6 11
6 7
7 12
7 13
8 13
9 13
9 10
10 13
10 11
11 12
12 13

# Unit Distance Graph 568
14 vertices
0 10
0 11
0 12
0 13
1 7
1 13
1 12
2 9
2 10
2 13
3 5
3 11
3 10
4 6
4 7
4 12
4 11
5 8
5 13
5 7
6 9
6 13
6 8
7 10
7 9
8 11

# Embedding 568 (with cost 9.51342e-15)
(-1.13592, 0.804768, -0.155871) (-0.889059, 0.9042, -0.395032) (-0.836467, 0.292624, -0.168772) (-1.3656, 0.567707, -0.230486) (-1.21559, 0.990968, -0.497882) (-0.502298, 0.524091, -0.733279) (-0.61802, 0.193616, -0.413393) (-1.30347, -0.00410492, -0.451981) (-1.46996, 0.698781, -0.551285) (-1.1551, 0.864543, -0.924671) (-0.892389, 0.627401, -1.10941) (-0.609487, 0.25814, -0.807075) (-1.18509, 0.0362403, -0.793796) (-1.44992, 0.29761, -0.958488) 


# Original Graph 569 in [550, 575)
14 vertices
0 1
0 2
0 3
1 4
1 5
2 6
2 7
2 8
3 9
3 10
4 10
4 5
5 9
5 6
6 8
6 11
6 12
7 12
7 11
7 13
8 13
8 11
8 9
9 10
11 13
11 12

# Unit Distance Graph 569
14 vertices
0 6
0 11
0 8
1 8
1 11
1 13
2 5
2 6
2 8
2 9
3 6
3 12
3 11
4 7
4 13
4 11
5 8
5 13
5 7
6 9
6 8
7 9
7 10
9 12
10 11
10 12

# Embedding 569 (with cost 9.66722e-15)
(0.0653138, -0.00643114, 0.50747) (0.0359364, -0.530051, 0.429267) (0.294947, 0.122173, 0.510702) (-0.164746, -0.214592, 0.0921407) (-0.00627181, -0.691723, 0.210901) (0.279545, -0.84578, 0.260043) (0.649825, -0.77417, 0.244937) (0.591597, 0.102373, 0.320284) (0.307319, -0.145059, -0.452851) (-0.0525382, -0.329598, -0.310977) (-0.158216, -0.451127, -0.042232) (0.812178, -0.222903, -0.121286) (0.814555, -0.395573, 0.18278) (0.610965, -0.0346136, -0.221797) 


# Original Graph 570 in [550, 575)
14 vertices
0 1
0 2
0 3
0 4
0 5
1 6
1 7
1 8
2 8
2 9
2 10
3 10
3 11
3 4
4 12
4 13
5 13
5 9
5 6
6 7
7 9
7 8
10 13
10 11
11 12
12 13

# Unit Distance Graph 570
14 vertices
0 2
0 10
0 13
0 5
0 9
1 10
1 11
1 12
1 13
2 5
2 13
2 4
3 5
3 6
3 7
3 9
4 9
4 7
4 8
5 10
6 11
6 10
7 12
7 11
8 13
8 12

# Embedding 570 (with cost 9.22173e-15)
(0.733682, -0.186268, 0.854628) (0.952018, -0.0896073, 1.26576) (1.44895, -0.738545, 1.28285) (1.14234, -0.579063, 0.574017) (1.18037, -0.254894, 0.44982) (1.65542, 0.186123, 0.962913) (1.42422, 0.122827, 1.22815) (1.3451, -0.0897672, 1.42224) (1.27635, -0.402006, 1.43427) (1.60116, -0.147264, 1.35057) (1.52383, -0.799182, 0.854018) (1.44177, -0.660539, 0.60684) (1.49935, -0.324633, 0.462528) (1.68979, -0.0573663, 0.591481) 


# Original Graph 571 in [550, 575)
14 vertices
0 1
0 2
0 3
0 4
1 5
1 2
2 6
2 7
2 3
3 7
3 4
4 8
5 9
5 10
5 11
5 6
6 11
6 12
6 8
6 7
8 12
8 9
9 10
10 13
11 13
12 13

# Unit Distance Graph 571
14 vertices
0 6
0 12
0 13
0 11
1 6
1 8
1 12
2 8
2 9
2 10
2 13
2 12
3 5
3 11
3 13
3 10
4 5
4 6
4 11
5 8
5 6
5 7
6 9
6 8
7 10
7 9

# Embedding 571 (with cost 9.45227e-15)
(-0.741423, -0.710353, -1.4903) (-0.677221, -0.544334, -0.9852) (-0.604074, -0.291459, -1.60539) (-0.56056, -0.535123, -1.76702) (-0.318674, -1.00969, -1.65226) (-0.450336, -0.551423, -0.773249) (0.0404178, -0.087204, -1.51058) (-0.423669, -0.291774, -1.73858) (-0.00724531, -1.08591, -1.49297) (-0.0949438, -0.990244, -1.10291) (-0.000658538, -0.780722, -0.9757) (0.0507161, -0.350268, -0.997496) (0.243897, -0.739427, -1.32207) (0.181401, -0.660216, -1.10835) 


# Original Graph 572 in [550, 575)
14 vertices
0 1
0 2
0 3
1 3
1 4
2 5
2 6
3 6
3 7
4 8
4 9
4 10
4 11
5 11
5 10
5 12
5 8
6 13
7 13
7 8
8 13
8 12
8 9
9 12
9 10
10 11

# Unit Distance Graph 572
14 vertices
0 8
0 9
0 12
1 5
1 8
1 12
2 4
2 9
2 8
3 5
3 12
3 9
3 10
4 6
4 13
4 8
4 5
5 8
5 7
6 10
6 9
7 10
7 11
8 11
10 13
11 13

# Embedding 572 (with cost 9.94772e-15)
(0.22654, -1.12939, 0.720824) (-0.091937, -1.01852, 1.03682) (0.149232, -1.29604, 0.236132) (0.331465, -0.841995, 0.737947) (-0.38188, -1.03807, 1.04321) (-0.233048, -1.38684, 0.117891) (0.31817, -1.05306, 0.329271) (0.23278, -0.611987, 0.545218) (-0.29599, -0.401546, 0.276752) (-0.592788, -0.648323, 0.40894) (-0.62755, -1.11104, 0.64904) (-0.481774, -1.29913, 0.676529) (-0.483704, -0.674712, 0.183407) (0.206856, -0.664024, 0.326635) 


# Original Graph 573 in [550, 575)
14 vertices
0 1
0 2
0 3
0 4
1 4
1 5
1 2
2 6
2 3
3 7
4 8
4 9
4 10
4 11
5 11
5 6
6 11
7 12
7 9
7 8
8 9
9 13
10 13
10 11
11 12
12 13

# Unit Distance Graph 573
14 vertices
0 10
0 11
0 12
0 13
1 7
1 9
1 13
1 12
2 4
2 10
2 13
2 9
3 4
3 11
3 10
4 7
4 12
4 11
4 6
5 7
5 8
5 9
6 9
6 8
7 11
8 11

# Embedding 573 (with cost 8.16324e-15)
(-0.304918, 1.9588, -0.751988) (-0.512975, 1.61218, -0.832158) (-0.597144, 1.98937, -0.391913) (-0.227048, 2.14008, -0.220497) (0.0988027, 1.46219, -0.879498) (-0.666834, 1.41356, -0.505631) (-0.711465, 1.52349, -0.296653) (-0.0219927, 2.04628, -0.0768476) (0.255867, 1.76955, -0.35766) (0.286308, 1.54803, -0.234636) (-0.0861408, 1.15016, -0.205863) (-0.533639, 1.19056, -0.154077) (-0.159789, 1.43283, 0.0860431) (0.0839039, 1.32559, -0.0827542) 


# Original Graph 574 in [550, 575)
14 vertices
0 1
0 2
0 3
1 3
1 4
2 5
2 6
3 7
3 8
4 9
4 10
4 11
5 11
5 12
5 13
5 9
6 9
6 7
7 8
8 9
9 13
9 10
10 13
10 12
10 11
11 12

# Unit Distance Graph 574
14 vertices
0 9
0 10
0 13
1 5
1 9
1 13
2 4
2 10
2 9
3 5
3 13
3 10
3 12
4 6
4 9
4 5
5 9
5 8
6 11
6 10
7 10
7 11
7 12
8 12
8 11
9 11

# Embedding 574 (with cost 8.26809e-15)
(-0.0842579, 0.83393, 0.125743) (-0.386864, 0.814275, 0.415057) (0.383217, 0.541739, 0.0717505) (-0.380106, 0.755009, 0.0560376) (-0.383183, 0.650112, 0.704906) (0.487909, 0.338058, 0.325669) (0.069975, 0.42906, -0.158681) (-0.279107, 0.471906, -0.169192) (-0.409748, 0.217367, -0.0981765) (-0.361699, -0.125416, 0.0739589) (-0.18159, 0.0418234, 0.728315) (-0.128154, 0.499421, 0.818966) (0.251366, 0.257778, 0.65102) (-0.0568078, -0.129419, 0.392586) 
