

# Original Graph 250 in [250, 275)
14 vertices
0 1
0 2
0 3
0 4
0 5
0 6
0 7
1 7
1 6
1 8
1 9
1 2
2 9
2 10
3 11
3 4
4 5
5 12
6 12
6 8
6 7
8 9
10 13
10 11
11 13
12 13

# Unit Distance Graph 250
14 vertices
0 2
0 10
0 13
0 12
0 6
0 8
0 9
1 3
1 4
1 5
1 12
1 13
1 11
2 6
2 12
2 5
3 8
3 6
4 9
4 8
5 9
6 11
6 10
7 10
7 11
7 13

# Embedding 250 (with cost 8.66235e-15)
(-1.52749, 0.937412, -0.660078) (-1.88548, 0.232844, -0.703974) (-1.19924, -0.000732212, -0.5499) (-1.01087, 0.708801, -0.796364) (-1.14238, 0.827462, -1.01095) (-1.20626, 0.658079, -1.30218) (-1.68907, 0.263267, -1.38079) (-1.89746, 0.469709, -0.905679) (-1.6944, -0.00429134, -0.952197) (-1.42232, -0.0567778, -0.637121) (-1.00336, 0.0858987, -0.674849) (-0.906615, 0.423137, -0.77895) (-1.25648, 0.405081, -1.46206) (-0.937243, 0.215405, -1.02107) 


# Original Graph 251 in [250, 275)
14 vertices
0 1
0 2
0 3
0 4
0 5
0 6
1 7
1 8
2 9
2 3
3 4
4 10
4 5
5 10
5 11
5 7
5 6
6 7
7 11
7 12
8 12
8 13
9 13
9 10
10 13
11 12

# Unit Distance Graph 251
14 vertices
0 5
0 11
0 12
0 8
0 13
0 10
1 4
1 5
1 10
2 5
2 7
2 11
3 7
3 12
3 11
4 8
4 12
4 7
5 9
5 13
5 8
6 9
6 10
6 13
7 10
7 9

# Embedding 251 (with cost 9.11911e-15)
(1.2009, -0.206841, 0.331423) (1.58015, -0.457289, 0.83077) (1.61656, 0.214073, 0.417712) (1.38812, 0.182622, 0.342922) (1.21135, 0.438231, 0.581711) (0.981091, 0.259047, 1.18853) (1.02034, -0.258832, 0.75701) (1.31512, -0.353209, 1.18408) (1.89368, -0.124879, 1.0479) (1.82514, 0.326136, 0.656475) (1.61173, 0.541997, 0.851478) (1.22599, -0.00792813, 1.31112) (1.61919, -0.194835, 1.23966) (1.93568, 0.102267, 0.935201) 


# Original Graph 252 in [250, 275)
14 vertices
0 1
0 2
0 3
0 4
0 5
0 6
1 7
1 8
1 2
2 3
3 9
4 9
4 8
4 10
4 5
5 11
6 11
6 12
7 12
7 8
8 9
10 13
10 11
11 13
11 12
12 13

# Unit Distance Graph 252
14 vertices
0 4
0 10
0 13
0 12
0 7
0 8
1 4
1 5
1 11
1 10
2 10
2 11
2 13
3 11
3 12
3 13
4 7
4 12
4 6
5 8
5 7
6 8
6 9
8 11
9 12
9 11

# Embedding 252 (with cost 8.47268e-15)
(-0.220144, -1.88818, -0.158933) (-0.428703, -1.57559, 0.554929) (-0.511936, -1.68081, 0.105797) (-0.549178, -1.46129, -0.0384715) (-0.21482, -0.888386, -0.139338) (0.104349, -1.4936, -0.287171) (0.119075, -1.81723, 0.0211912) (-0.0403645, -1.40584, 0.698403) (-0.473767, -1.13201, 0.44429) (-0.50488, -1.03578, 0.016695) (0.246164, -1.03046, 0.0575518) (0.436282, -1.36323, 0.100279) (0.220044, -1.40526, 0.598048) (0.351414, -1.22785, 0.328186) 


# Original Graph 253 in [250, 275)
14 vertices
0 1
0 2
0 3
0 4
0 5
0 6
1 7
1 8
1 2
2 8
2 9
2 10
3 10
3 11
3 12
4 12
4 13
4 5
5 6
6 11
6 7
7 9
7 8
9 10
11 13
12 13

# Unit Distance Graph 253
14 vertices
0 3
0 11
0 6
0 7
0 9
0 10
1 3
1 12
1 13
1 11
2 4
2 5
2 6
2 11
2 13
3 7
3 6
4 9
4 7
4 8
5 10
5 9
6 10
7 12
8 13
8 12

# Embedding 253 (with cost 9.96207e-15)
(0.98651, -0.0471666, 1.62783) (0.753142, -0.261582, 2.04712) (0.172276, -0.183258, 1.93986) (0.0851675, -0.337973, 1.30687) (0.757655, -0.351367, 1.14672) (0.976318, -0.328196, 1.36322) (0.705107, -1.0018, 1.72521) (0.586333, -0.89906, 1.96567) (0.493229, -0.419176, 2.10874) (0.206945, -0.585531, 1.9479) (0.01494, -0.283816, 1.63485) (0.509466, -0.853933, 1.27918) (0.43233, -0.40375, 1.11071) (0.568254, -0.619635, 1.13191) 


# Original Graph 254 in [250, 275)
14 vertices
0 1
0 2
0 3
0 4
1 5
1 6
2 7
2 8
3 8
3 9
3 6
3 5
3 10
3 4
4 10
4 5
5 10
5 6
6 11
7 12
7 13
8 9
9 13
9 11
11 12
12 13

# Unit Distance Graph 254
14 vertices
0 3
0 6
0 11
0 9
1 3
1 9
1 8
2 3
2 5
2 6
3 7
3 12
3 11
3 6
4 9
4 11
4 12
4 13
5 8
5 9
5 13
5 7
6 8
7 10
10 13
10 12

# Embedding 254 (with cost 8.10918e-15)
(0.376464, 0.290278, -0.790032) (0.446623, 0.336525, -0.201131) (0.173534, 0.407491, -0.862663) (-0.282391, -0.328684, -0.362486) (0.352189, -0.165109, -0.303447) (0.327823, 0.0207428, 0.0465235) (0.0188632, 0.492837, 0.12161) (-0.00132926, 0.557776, -0.73017) (-0.381283, 0.0119257, -0.658523) (-0.535922, 0.287981, -0.380708) (0.155503, -0.257625, -0.172924) (-0.214548, 0.62008, -0.0538696) (-0.203181, 0.666494, -0.304639) (-0.294908, 0.568035, -0.512651) 


# Original Graph 255 in [250, 275)
14 vertices
0 1
0 2
0 3
0 4
0 5
1 6
1 7
1 8
2 9
2 10
3 10
3 11
4 11
4 7
4 12
4 13
5 13
5 6
6 7
7 12
8 11
8 10
8 9
9 10
10 11
12 13

# Unit Distance Graph 255
14 vertices
0 1
0 8
0 11
0 4
0 7
1 4
1 11
1 3
2 4
2 12
2 7
3 7
3 6
4 9
4 8
5 8
5 10
5 11
6 11
6 10
7 10
8 13
9 13
9 12
10 12
10 13

# Embedding 255 (with cost 9.49985e-15)
(-0.0345056, -0.206083, -0.890168) (-0.913104, 0.202029, -0.642159) (-0.228708, -0.428595, -0.626602) (-0.197906, -0.26081, -0.11845) (-0.0939621, 0.417253, -0.110478) (-0.109256, 0.223719, -0.911464) (-0.574269, 0.344374, -0.81995) (-0.753803, 0.421778, -0.592845) (-0.896141, -0.109323, -0.39195) (-0.634719, -0.377749, -0.385347) (-0.401552, -0.436467, -0.21957) (-0.22498, 0.0299332, 0.0627302) (-0.232674, 0.53773, -0.369308) (-0.0797731, 0.418374, -0.626639) 


# Original Graph 256 in [250, 275)
14 vertices
0 1
0 2
0 3
0 4
0 5
1 5
1 6
2 7
2 3
3 8
3 9
4 9
4 10
5 10
5 9
5 11
6 11
6 12
6 13
7 13
7 12
8 12
8 9
9 11
9 10
12 13

# Unit Distance Graph 256
14 vertices
0 6
0 12
0 8
0 9
0 11
1 3
1 9
1 8
2 5
2 11
2 9
3 6
3 11
3 5
4 6
4 13
4 12
5 8
5 12
5 7
6 9
7 9
7 10
9 13
10 12
10 13

# Embedding 256 (with cost 9.98271e-15)
(-0.819028, 0.981026, 0.188874) (-0.349327, 1.26316, -0.235898) (-0.592749, 0.584381, -0.079419) (-0.313214, 0.459031, 0.357463) (-0.44949, 1.10315, 0.492314) (-0.216784, 1.44897, 0.253943) (-0.0173607, 1.0322, -0.406702) (-0.353411, 0.608833, -0.270935) (0.0466982, 0.484315, 0.250486) (0.0982968, 0.888766, 0.576176) (-0.219855, 1.24186, 0.491583) (0.11289, 1.28881, -0.00294808) (-0.00191445, 0.617681, -0.258681) (-0.11077, 0.797156, -0.397425) 


# Original Graph 257 in [250, 275)
14 vertices
0 1
0 2
0 3
0 4
0 5
1 6
1 7
1 2
2 3
3 7
3 8
4 8
4 9
5 10
5 11
6 11
6 7
7 11
7 8
8 12
8 9
9 10
10 12
10 13
11 13
12 13

# Unit Distance Graph 257
14 vertices
0 7
0 8
0 12
0 13
0 11
1 8
1 9
1 10
1 12
2 10
2 13
2 12
3 5
3 11
3 13
3 10
4 6
4 7
4 11
5 8
5 7
6 9
6 8
7 10
7 9
8 11

# Embedding 257 (with cost 9.18115e-15)
(0.0734161, 1.15697, -0.2588) (0.356795, 1.35687, -0.591275) (0.382311, 1.42866, -0.345081) (0.73241, 1.45733, -0.150955) (0.330923, 0.92579, 0.0630651) (0.323099, 0.610218, -0.489864) (0.714344, 1.07761, -0.847945) (1.01664, 1.32866, -0.54314) (0.995404, 1.04248, 0.111102) (0.611872, 0.62075, 0.0356717) (0.624216, 0.465912, -0.224288) (0.777325, 0.700418, -0.802921) (0.877042, 0.562168, -0.27856) (0.806838, 0.550654, -0.566155) 


# Original Graph 258 in [250, 275)
14 vertices
0 1
0 2
0 3
0 4
0 5
0 6
1 7
1 8
1 2
2 8
2 9
3 9
3 10
3 4
4 10
5 10
5 11
6 11
6 12
6 7
7 13
8 13
8 12
9 11
9 10
12 13

# Unit Distance Graph 258
14 vertices
0 2
0 9
0 11
0 6
0 12
0 8
1 5
1 11
1 9
1 10
2 6
2 11
2 5
3 6
3 7
3 13
3 12
4 8
4 12
4 13
5 8
6 9
7 10
7 9
8 10
10 13

# Embedding 258 (with cost 9.74218e-15)
(-0.088603, -2.54019, -0.690949) (-0.0566848, -2.14087, -0.753795) (0.451754, -1.93824, -0.103016) (0.398768, -2.62422, -0.16471) (0.242121, -2.71623, -0.383165) (0.739857, -2.73385, -0.63593) (0.816992, -2.23491, -0.985393) (0.317643, -1.97397, -0.920089) (0.519845, -1.76531, -0.519628) (0.597639, -2.28213, -0.0108917) (0.642904, -2.74723, -0.375771) (0.893596, -2.43758, -0.848291) (0.719404, -1.97384, -0.853326) (0.518982, -1.83566, -0.767807) 


# Original Graph 259 in [250, 275)
14 vertices
0 1
0 2
0 3
0 4
0 5
0 6
1 6
1 7
1 8
2 8
2 9
2 3
3 9
4 9
4 8
4 10
5 10
5 11
5 12
6 12
7 12
7 13
7 11
8 10
11 13
12 13

# Unit Distance Graph 259
14 vertices
0 1
0 8
0 10
0 5
0 11
0 7
1 5
1 10
1 4
2 5
2 12
2 13
2 11
3 7
3 11
3 13
4 7
4 12
4 6
5 8
6 10
6 8
7 9
8 12
9 13
9 12

# Embedding 259 (with cost 9.93481e-15)
(-0.412636, 0.13223, -0.660752) (0.144622, 0.161435, 0.169074) (-0.34353, 0.466812, -0.05872) (-0.456462, 0.348178, -0.445569) (-0.0147455, 0.856282, -0.532204) (0.441289, 0.652515, -0.649968) (0.0955476, -0.136933, -0.569086) (0.460314, 0.0499154, -0.179938) (-0.0503491, 0.480716, 0.203716) (-0.376128, 0.577153, -0.329554) (0.278599, 0.845934, -0.547523) (0.538146, 0.411915, -0.527372) (0.361223, -0.0702967, -0.522226) (0.526109, 0.1623, -0.447309) 


# Original Graph 260 in [250, 275)
14 vertices
0 1
0 2
0 3
0 4
0 5
0 6
0 7
1 7
1 8
1 2
2 9
2 3
3 9
4 9
4 8
5 8
5 10
6 10
6 11
6 12
6 7
7 12
10 13
11 13
11 12
12 13

# Unit Distance Graph 260
14 vertices
0 1
0 8
0 5
0 10
0 13
0 12
0 7
1 6
1 10
1 5
2 6
2 11
2 13
2 10
3 11
3 12
3 13
4 6
4 7
4 12
5 7
6 9
6 8
7 8
9 12
9 11

# Embedding 260 (with cost 9.91281e-15)
(0.587633, 0.789079, 0.178319) (1.05913, 0.18083, -0.460211) (0.758734, 0.171981, -0.190804) (0.640938, 0.296108, 0.0628504) (1.01006, 0.0820336, 0.364067) (1.37514, 0.254864, 0.485654) (1.23851, 1.00991, 0.0693613) (1.31086, 0.54713, -0.468521) (1.24236, 0.0685977, 0.406873) (0.818067, 0.10861, 0.17368) (1.52296, 0.491392, 0.369498) (1.47785, 0.839917, 0.000844497) (1.4971, 0.720588, -0.231787) (1.57603, 0.641174, 0.143693) 


# Original Graph 261 in [250, 275)
14 vertices
0 1
0 2
0 3
0 4
0 5
1 5
1 6
1 3
1 7
2 8
2 9
3 10
3 6
3 11
4 11
4 6
5 6
6 11
7 12
7 13
7 8
8 13
9 12
9 10
10 12
12 13

# Unit Distance Graph 261
14 vertices
0 1
0 7
0 12
0 10
0 3
1 3
1 10
1 9
1 2
2 3
2 6
3 8
3 7
4 7
4 13
4 12
5 9
5 10
5 12
6 9
6 12
6 13
6 8
7 11
8 11
11 13

# Embedding 261 (with cost 9.69071e-15)
(0.172371, 0.626224, 0.593814) (-0.105387, 0.43038, -0.346662) (-0.111622, 0.336105, 0.648865) (0.573513, -0.148479, 0.10502) (0.509875, 0.556581, 0.308388) (0.237227, 0.660995, -0.134758) (0.568908, 0.488355, -0.0678627) (-0.288324, 0.249244, -0.209707) (-0.320563, 0.245036, 0.318966) (-0.0370735, -0.0213199, 0.542889) (0.347105, -0.275476, 0.198333) (0.658011, 0.256557, 0.113396) (-0.0748774, -0.241386, 0.162395) (-0.319783, 0.0513466, 0.070888) 


# Original Graph 262 in [250, 275)
14 vertices
0 1
0 2
0 3
0 4
0 5
0 6
0 7
1 8
1 9
1 2
2 9
2 10
3 10
3 11
3 4
4 11
4 5
5 12
6 12
6 13
6 7
7 8
8 13
9 13
10 11
11 12

# Unit Distance Graph 262
14 vertices
0 2
0 10
0 11
0 12
0 6
0 13
0 9
1 4
1 5
1 12
1 11
2 6
2 12
2 5
3 6
3 7
3 8
3 13
4 9
4 13
4 8
5 9
6 10
7 11
7 10
8 11

# Embedding 262 (with cost 9.38639e-15)
(-1.19433, 0.649144, -1.34316) (-1.23319, 0.0918083, -0.730659) (-0.845942, -0.0804567, -0.754683) (-0.465832, 0.277883, -1.09492) (-0.501348, 0.660282, -1.10648) (-0.670813, 0.871399, -1.00628) (-0.906702, 0.855527, -0.407921) (-1.34064, 0.662864, -0.800807) (-1.30468, 0.40897, -0.566569) (-1.0832, 0.107461, -0.509958) (-0.564784, 0.0354077, -0.866721) (-0.347549, 0.547285, -0.821067) (-0.6405, 0.874752, -0.541681) (-1.13652, 0.43056, -0.369058) 


# Original Graph 263 in [250, 275)
14 vertices
0 1
0 2
0 3
0 4
0 5
1 6
1 7
2 8
2 9
3 9
3 10
3 4
4 10
4 11
4 12
4 5
5 12
6 12
6 11
7 11
7 13
8 13
8 10
9 10
10 13
11 12

# Unit Distance Graph 263
14 vertices
0 4
0 11
0 7
0 13
0 10
1 3
1 4
1 10
2 4
2 12
2 11
3 7
3 11
3 6
4 8
4 13
4 7
5 8
5 10
5 13
6 10
6 9
8 12
9 11
9 12
10 12

# Embedding 263 (with cost 9.59337e-15)
(0.773012, -0.032197, -0.369099) (0.389872, -0.253088, -0.608533) (0.782383, -0.281744, -0.122039) (0.384598, -0.0343955, 0.367247) (-0.0348605, 0.218352, 0.164349) (0.06414, 0.243501, -0.262127) (0.0796069, -0.184756, -0.573164) (-0.00144049, -0.661956, -0.308876) (0.524021, -0.598316, 0.0204569) (0.514673, -0.290777, 0.320971) (0.275578, -0.519691, 0.348473) (-0.176064, -0.345718, -0.400044) (-0.127369, 0.0567431, -0.362412) (0.126048, -0.737852, -0.0801553) 


# Original Graph 264 in [250, 275)
14 vertices
0 1
0 2
0 3
0 4
0 5
0 6
1 7
1 8
2 9
2 3
3 10
4 10
4 11
4 5
5 11
5 12
5 6
6 12
6 13
6 7
7 13
8 13
8 9
9 11
10 11
12 13

# Unit Distance Graph 264
14 vertices
0 5
0 12
0 13
0 8
0 9
0 11
1 4
1 5
1 11
2 5
2 6
2 12
3 6
3 13
3 12
4 8
4 13
4 7
5 9
5 8
6 10
6 11
6 9
7 11
7 10
10 13

# Embedding 264 (with cost 9.03603e-15)
(-0.409827, -0.693866, 0.385949) (-0.341768, -0.0590076, 0.228873) (-0.382273, -0.471241, -0.222795) (-0.49993, -0.719444, -0.120027) (-0.968117, -0.762008, -0.107991) (-1.30291, -0.319254, 0.136821) (-0.937677, -0.0778708, 0.509862) (-0.655136, 0.0613561, 0.365416) (-0.468059, 0.0961236, -0.2244) (-0.489285, -0.0604906, -0.383806) (-0.779668, -0.733418, -0.228576) (-0.990021, -0.486003, -0.401559) (-1.18196, -0.0776801, 0.230642) (-0.811922, 0.191116, 0.151157) 


# Original Graph 265 in [250, 275)
14 vertices
0 1
0 2
0 3
0 4
1 5
1 6
2 7
2 8
2 3
3 8
3 9
4 10
4 11
5 12
5 6
6 13
6 8
6 7
7 8
8 10
8 9
9 10
10 13
10 11
11 12
12 13

# Unit Distance Graph 265
14 vertices
0 6
0 8
0 10
0 13
1 8
1 9
1 10
2 10
2 11
2 12
2 13
3 5
3 6
3 13
3 12
4 6
4 7
4 8
5 9
5 8
6 10
6 9
7 11
7 10
8 12
8 11

# Embedding 265 (with cost 7.76815e-15)
(0.187018, -0.500474, 1.15137) (0.0238626, -0.556985, 0.779908) (-0.103176, -0.0716485, 1.24982) (0.16248, 0.183992, 1.22998) (0.57979, -0.233523, 0.832602) (0.0588341, -0.420071, 0.439814) (-0.301921, -0.0828595, 0.385516) (-0.356274, 0.118298, 0.830401) (-0.178815, 0.407721, 0.94803) (0.364449, 0.360604, 0.984925) (0.61562, 0.234204, 0.625494) (0.566178, -0.0929182, 0.507183) (0.257145, -0.250518, 0.334304) (0.0645055, -0.0557795, 0.264109) 


# Original Graph 266 in [250, 275)
14 vertices
0 1
0 2
0 3
0 4
1 5
1 6
1 7
2 8
2 9
3 9
3 10
4 11
4 12
5 12
5 13
5 6
6 9
6 8
6 7
7 8
8 9
9 13
10 13
10 11
11 13
12 13

# Unit Distance Graph 266
14 vertices
0 5
0 6
0 9
0 13
1 3
1 10
1 13
1 9
2 5
2 13
2 12
3 6
3 5
4 6
4 8
4 9
5 9
6 11
6 10
7 10
7 11
7 13
8 12
8 13
8 11
9 12

# Embedding 266 (with cost 9.46004e-15)
(-1.05729, 1.37403, 0.951856) (-0.464909, 1.52436, 1.15734) (-0.687152, 1.3107, 0.585242) (-0.809589, 0.703092, 0.702695) (-1.0638, 0.98947, 1.21609) (-0.247308, 1.06135, 1.44801) (-0.092597, 1.22268, 1.1674) (-0.308901, 1.46275, 0.957839) (-0.340686, 1.28674, 0.592608) (-0.397668, 0.771255, 0.502895) (-0.87077, 0.635638, 0.944174) (-0.961014, 0.727469, 1.14252) (-0.561354, 0.887559, 1.48253) (-0.580007, 0.532085, 1.20352) 


# Original Graph 267 in [250, 275)
14 vertices
0 1
0 2
0 3
0 4
0 5
1 6
1 7
2 8
2 3
3 9
3 10
4 10
4 9
4 11
4 12
4 5
5 12
6 12
6 7
7 11
7 13
8 13
8 9
9 13
9 10
11 12

# Unit Distance Graph 267
14 vertices
0 4
0 11
0 7
0 13
0 9
1 4
1 9
1 10
2 4
2 12
2 11
3 6
3 7
3 11
3 12
4 8
4 13
4 7
5 8
5 9
5 13
6 10
6 9
7 10
8 12
9 12

# Embedding 267 (with cost 8.05908e-15)
(-1.37983, -0.2543, -0.00897047) (-1.88676, -0.418862, 0.331289) (-1.61152, 0.195375, 0.0910935) (-1.34271, 0.250546, 0.174916) (-1.18583, -0.0732333, 0.955176) (-1.30032, -0.463901, 0.511952) (-1.87275, -0.470956, 0.620443) (-2.13226, -0.148495, 0.641154) (-1.88806, 0.332646, 0.370251) (-1.58629, 0.487094, 0.629551) (-1.24298, 0.30478, 0.580066) (-1.62703, -0.301368, 0.958853) (-1.54106, -0.495299, 0.810819) (-2.08023, 0.159015, 0.572935) 


# Original Graph 268 in [250, 275)
14 vertices
0 1
0 2
0 3
0 4
1 5
1 6
2 7
2 8
3 8
3 9
3 10
4 10
4 9
4 11
5 11
5 9
5 12
6 12
6 13
7 13
7 8
8 12
8 9
9 11
9 10
12 13

# Unit Distance Graph 268
14 vertices
0 5
0 12
0 8
0 9
1 3
1 9
1 8
2 5
2 9
2 11
3 6
3 12
3 5
4 7
4 8
4 12
4 13
5 8
6 10
6 9
7 11
7 9
8 11
9 13
10 13
10 12

# Embedding 268 (with cost 9.6137e-15)
(-0.883061, 0.327882, -0.00942987) (-0.493767, 0.0791623, -0.442609) (-1.1285, 0.364689, -0.485414) (-0.936101, 0.973515, -0.375721) (-0.470643, 0.801154, -0.0938815) (-0.15049, 0.435655, -0.681535) (-0.551045, 0.101513, -0.677952) (-1.08918, 0.376141, -0.75477) (-1.07296, 0.759909, -0.891071) (-0.425309, 1.07567, -0.490336) (-0.593789, 1.02278, -0.291383) (-0.17152, 0.654501, -0.471199) (-0.510778, 0.262133, -0.935217) (-0.771717, 0.204203, -0.837525) 


# Original Graph 269 in [250, 275)
14 vertices
0 1
0 2
0 3
0 4
0 5
1 6
1 2
2 7
2 8
3 8
3 9
4 9
4 10
4 11
5 11
5 12
6 12
6 13
6 7
7 9
7 8
8 9
9 10
10 13
11 13
12 13

# Unit Distance Graph 269
14 vertices
0 6
0 7
0 9
0 10
0 13
1 4
1 10
1 9
2 4
2 11
2 13
2 10
3 6
3 13
3 12
4 7
4 6
5 7
5 8
5 9
6 9
7 11
8 12
8 13
8 11
9 12

# Embedding 269 (with cost 8.8638e-15)
(0.409657, -0.16289, 0.27695) (-0.0680955, -0.0373506, -0.300409) (-0.112888, -0.437682, -0.0159419) (0.32879, -0.639006, 0.0792602) (0.846145, -0.44252, -0.299193) (0.545372, 0.0929061, -0.167223) (0.00754678, -0.00601541, -0.625101) (-0.132008, -0.586604, -0.449042) (0.0423391, -0.771208, -0.18351) (0.471305, -0.869716, -0.427746) (0.703863, -0.615393, -0.564883) (0.733862, -0.0874058, -0.416342) (0.306608, 0.103077, -0.59068) (0.490552, -0.0513439, -0.713511) 


# Original Graph 270 in [250, 275)
14 vertices
0 1
0 2
0 3
0 4
0 5
1 6
1 7
2 8
2 9
3 9
3 10
3 4
4 10
4 5
5 11
6 11
6 10
6 12
7 12
7 8
8 13
8 9
9 13
9 10
10 11
12 13

# Unit Distance Graph 270
14 vertices
0 6
0 12
0 13
0 9
0 10
1 3
1 10
1 9
2 6
2 10
2 11
3 7
3 12
3 6
4 7
4 8
4 13
4 12
5 8
5 9
5 13
6 9
7 10
8 11
8 10
9 11

# Embedding 270 (with cost 7.88826e-15)
(0.289264, 0.382541, -0.470684) (-0.115828, 0.179887, -0.980708) (0.0486738, -0.281722, -0.444584) (-0.123668, 0.282017, 0.0140318) (-0.00575303, 0.490294, -0.165389) (-0.00914092, 0.584616, -0.398049) (-0.637278, 0.327291, -0.842796) (-0.214175, -0.201814, -0.856437) (-0.181186, -0.368623, -0.646519) (-0.338095, -0.325776, -0.1471) (-0.662151, 0.362995, -0.163394) (-0.427148, 0.593647, -0.530155) (-0.558744, 0.00508227, -0.842715) (-0.431379, -0.295918, -0.6134) 


# Original Graph 271 in [250, 275)
14 vertices
0 1
0 2
0 3
0 4
0 5
1 6
1 7
1 8
2 8
2 9
3 9
3 10
4 10
4 5
5 11
6 11
6 12
6 7
7 13
7 8
8 13
8 9
9 13
9 12
10 12
11 12

# Unit Distance Graph 271
14 vertices
0 6
0 7
0 13
0 9
0 12
1 3
1 10
1 12
1 9
2 6
2 12
2 11
3 7
3 6
4 7
4 8
4 13
5 8
5 9
5 13
6 9
7 10
8 11
8 12
8 10
9 11

# Embedding 271 (with cost 9.12292e-15)
(0.277383, -0.71342, -0.127075) (0.487952, -1.26851, -0.447001) (0.659992, -0.618199, -0.772563) (0.190404, -0.394161, -0.830378) (-0.0687983, -0.60098, -0.38183) (-0.0286172, -0.789417, -0.24958) (0.0121519, -1.37813, -0.825508) (0.3183, -1.38529, -0.866617) (0.703732, -0.952355, -0.910727) (0.426893, -0.508843, -1.09444) (-0.16762, -0.539823, -0.645091) (-0.221044, -1.02901, -0.538017) (-0.293071, -0.875423, -0.932269) (0.537979, -1.06795, -1.02507) 


# Original Graph 272 in [250, 275)
14 vertices
0 1
0 2
0 3
0 4
0 5
1 6
1 2
2 6
2 7
3 7
3 8
4 8
4 9
4 10
5 10
5 11
5 6
6 11
7 11
7 12
8 12
9 12
9 13
10 13
10 11
12 13

# Unit Distance Graph 272
14 vertices
0 7
0 12
0 13
0 10
0 11
1 9
1 13
1 12
2 4
2 10
2 13
2 9
3 5
3 11
3 10
4 7
4 11
4 6
5 8
5 12
5 7
6 9
6 12
6 8
7 10
8 11

# Embedding 272 (with cost 8.93679e-15)
(0.74872, -0.666985, 0.213531) (0.648714, -0.541968, 0.618013) (0.582064, -0.332679, 0.662322) (0.833235, -0.373847, 0.0830301) (1.43049, -0.612684, 0.213138) (1.20382, -0.492341, 1.00424) (0.901169, -0.384418, 1.03027) (1.01653, 0.279042, 0.396053) (1.02901, -0.269738, 0.0451308) (1.46326, -0.0865477, 0.2587) (1.56767, -0.474603, 0.754188) (1.05494, -0.198532, 1.04226) (1.2216, 0.210535, 0.293149) (1.53715, -0.10765, 0.46951) 


# Original Graph 273 in [250, 275)
14 vertices
0 1
0 2
0 3
0 4
1 5
1 6
1 7
2 7
2 8
2 9
3 10
3 4
4 11
5 11
5 6
6 12
6 13
6 7
7 13
7 8
8 13
8 12
8 9
9 10
10 12
11 12

# Unit Distance Graph 273
14 vertices
0 6
0 13
0 8
0 12
1 8
1 9
1 10
1 12
2 5
2 6
2 12
2 11
3 6
3 7
3 13
4 7
4 8
4 13
5 9
5 8
6 10
6 9
7 11
7 12
7 10
8 11

# Embedding 273 (with cost 8.06559e-15)
(0.28627, 0.189455, 0.716518) (0.254263, -0.227117, 0.174021) (-0.191417, 0.338931, 0.540864) (0.487765, 0.46662, 0.545441) (0.659651, 0.311032, 0.494531) (0.57817, -0.0648253, 0.0461761) (0.249467, -0.108025, -0.2375) (-0.0658161, -0.13895, -0.0262518) (-0.0728333, 0.684577, -0.0746195) (0.0198427, 0.743134, 0.234518) (0.253138, 0.770718, 0.239782) (0.775576, 0.299952, 0.289063) (0.461515, 0.705292, -0.122052) (0.0366914, 0.0445423, -0.240932) 


# Original Graph 274 in [250, 275)
14 vertices
0 1
0 2
0 3
0 4
0 5
0 6
1 7
1 2
2 7
2 8
2 3
3 9
3 10
3 11
3 4
4 11
5 11
5 10
6 9
6 12
7 13
7 8
8 13
8 12
9 10
12 13

# Unit Distance Graph 274
14 vertices
0 2
0 3
0 9
0 6
0 12
0 8
1 3
1 10
1 9
2 6
2 9
2 10
2 5
3 7
3 13
3 12
3 6
4 8
4 12
4 13
5 8
5 7
7 11
7 10
8 11
11 13

# Embedding 274 (with cost 9.7332e-15)
(-1.2841, 0.994313, 0.52675) (-0.645678, 0.987558, 0.587575) (-0.506337, 0.841208, 1.13637) (-1.04451, 0.453795, 1.33325) (-1.3727, 0.759341, 0.83372) (-1.32384, 0.374153, 0.799393) (-0.72659, 0.169967, 0.428611) (-0.448816, 0.823934, 0.620407) (-0.375294, 0.690522, 0.812713) (-0.992171, 0.0620279, 0.740336) (-1.18688, 0.179761, 0.821169) (-1.35824, 0.557708, 0.939887) (-0.552489, 0.314651, 0.473857) (-0.441668, 0.542335, 0.540317) 
