

# Original Graph 100 in [100, 125)
14 vertices
0 1
0 2
0 3
0 4
0 5
1 6
1 7
1 8
1 9
2 10
2 3
3 10
3 4
4 8
5 11
5 6
6 11
6 12
6 7
7 13
8 11
8 9
9 10
11 13
11 12
12 13

# Unit Distance Graph 100
14 vertices
0 1
0 8
0 11
0 13
0 7
1 5
1 11
1 8
1 4
2 11
2 12
2 13
3 6
3 7
3 13
3 12
4 7
4 6
5 9
5 8
6 8
6 9
6 10
9 11
10 12
10 11

# Embedding 100 (with cost 9.09371e-15)
(0.254282, -0.282555, 0.490671) (0.187184, -0.176727, -0.501447) (0.0764928, -0.486308, 0.299674) (-0.195588, -0.416242, 0.332316) (-0.399538, -0.221171, 0.30712) (0.339338, 0.00442766, 0.470166) (0.383469, 0.364714, 0.0982205) (0.193514, 0.0975966, -0.432255) (-0.578495, 0.0919611, 0.0829688) (-0.0158034, -0.431139, -0.356972) (-0.0164885, -0.531767, -0.09245) (-0.389324, 0.375856, 0.100458) (0.132117, 0.455304, -0.0323982) (0.0702987, 0.329776, -0.278225) 


# Original Graph 101 in [100, 125)
14 vertices
0 1
0 2
0 3
0 4
1 5
1 6
2 7
2 8
3 9
3 10
4 10
4 11
5 11
5 12
5 10
5 6
6 9
6 13
7 13
7 8
8 9
9 13
9 10
10 12
10 11
11 12

# Unit Distance Graph 101
14 vertices
0 5
0 6
0 9
0 10
1 3
1 10
1 9
2 5
2 10
2 12
3 6
3 5
4 6
4 13
4 9
5 9
5 8
6 10
7 10
7 11
7 12
8 12
8 11
9 11
10 13
11 13

# Embedding 101 (with cost 9.4435e-15)
(0.813826, -0.3726, 0.24352) (0.132164, -0.293518, 0.621509) (0.52947, -0.54338, 0.0798248) (0.406673, 0.097145, -0.257142) (0.806416, -0.0740468, 0.374312) (0.0431984, 0.09689, 0.674462) (-0.161283, -0.312253, 0.456875) (0.161888, -0.57029, 0.0626003) (0.224144, -0.38411, -0.183382) (0.0972605, 0.0354589, -0.322184) (0.281224, 0.413728, -0.0695649) (0.552676, 0.210056, 0.550807) (0.260747, 0.300046, 0.545034) (-0.0974851, -0.468733, 0.209434) 


# Original Graph 102 in [100, 125)
14 vertices
0 1
0 2
0 3
0 4
0 5
1 6
1 7
1 8
2 9
2 3
3 9
3 10
4 10
4 7
4 11
4 12
4 5
5 12
6 12
6 11
7 11
8 10
8 13
9 13
9 10
10 13

# Unit Distance Graph 102
14 vertices
0 1
0 8
0 10
0 4
0 7
1 4
1 10
1 3
2 4
2 11
2 7
3 7
3 11
3 6
4 9
4 13
4 8
5 8
5 13
5 10
6 10
6 9
9 12
9 11
10 12
12 13

# Embedding 102 (with cost 9.24e-15)
(-0.0444906, -0.621165, -0.123143) (-0.226445, 0.25992, -0.559699) (0.0454124, -0.428797, 0.0639743) (-0.0610102, -0.258824, 0.279071) (-0.916339, -0.156712, 0.0323008) (-0.375338, -0.611024, -0.322852) (-0.541932, -0.173832, -0.593563) (-0.526893, 0.172668, -0.493436) (-0.129158, 0.358075, -0.307315) (0.0612937, -0.0154608, 0.188126) (-0.54728, 0.0876342, 0.371635) (-0.721413, -0.0240802, -0.434205) (-0.552078, -0.442389, -0.476334) (-0.0171311, 0.276089, -0.0317886) 


# Original Graph 103 in [100, 125)
14 vertices
0 1
0 2
0 3
0 4
0 5
1 6
1 7
1 8
1 2
2 9
2 10
3 11
3 12
4 9
4 8
5 8
5 13
6 13
6 7
7 8
8 13
9 12
9 11
9 10
10 11
11 12

# Unit Distance Graph 103
14 vertices
0 1
0 2
0 9
0 4
0 8
1 4
1 9
1 12
1 3
2 5
2 8
2 4
3 8
3 7
5 10
5 9
6 9
6 11
6 12
7 12
7 11
8 11
8 10
9 13
10 13
11 13

# Embedding 103 (with cost 9.45099e-15)
(-0.0104929, -0.490405, 0.683554) (0.640495, -0.633502, -0.0619239) (0.33172, -0.668025, -0.239128) (-0.187578, -0.400222, 0.447855) (0.245085, 0.272418, 0.0896005) (0.273074, -0.357128, 0.709505) (0.73575, -0.401751, 0.263545) (0.740789, -0.118005, 0.206011) (0.622367, 0.152812, 0.252555) (-0.038684, 0.0977826, -0.124679) (0.0227848, -0.468194, -0.252274) (-0.193797, -0.309897, -0.0935321) (-0.249977, -0.252153, 0.186333) (0.537041, -0.301284, 0.588964) 


# Original Graph 104 in [100, 125)
14 vertices
0 1
0 2
0 3
0 4
0 5
0 6
1 7
1 8
1 5
1 2
2 9
3 10
3 11
4 12
4 5
5 8
5 7
5 6
6 7
7 8
9 12
9 13
10 13
10 11
11 12
12 13

# Unit Distance Graph 104
14 vertices
0 1
0 2
0 9
0 12
0 4
0 5
1 4
1 12
1 11
1 3
2 5
2 4
3 5
3 8
5 10
5 13
5 9
6 9
6 13
6 12
7 10
7 11
7 12
7 13
8 11
8 10

# Embedding 104 (with cost 9.85088e-15)
(-0.198465, 0.100711, 0.200022) (0.742108, 0.243838, 0.507976) (0.749899, 0.414028, 0.249392) (-0.0790177, 0.173547, -0.058426) (0.537464, -0.474817, -0.156595) (0.548764, -0.563794, 0.191011) (0.0680412, -0.124347, 0.498177) (0.406703, -0.128017, 0.618856) (0.673246, -0.0271933, 0.569111) (0.724606, 0.389697, -0.0538026) (0.24744, 0.260179, -0.288855) (0.331046, -0.000954748, -0.370149) (0.565527, -0.210906, -0.364966) (0.534705, 0.327552, -0.262094) 


# Original Graph 105 in [100, 125)
14 vertices
0 1
0 2
0 3
0 4
0 5
0 6
1 7
1 2
2 4
2 8
3 9
3 10
4 10
4 8
4 5
5 11
6 11
6 12
7 12
7 13
7 11
8 9
9 10
11 13
11 12
12 13

# Unit Distance Graph 105
14 vertices
0 1
0 2
0 4
0 5
0 11
0 7
1 5
1 4
2 6
2 11
2 5
3 7
3 11
3 13
4 7
4 12
4 6
6 8
7 10
8 12
8 11
9 11
9 12
9 13
10 13
10 12

# Embedding 105 (with cost 9.72751e-15)
(0.460269, 0.491312, 0.366732) (-0.234338, 0.0887346, -0.229465) (-0.26128, -0.0966811, 0.00117833) (0.273568, 0.301955, 0.532724) (-0.492897, 0.450165, 0.666367) (-0.498931, 0.755605, 0.467151) (0.228577, 0.773516, 0.0540604) (-0.269788, 0.363213, -0.304541) (-0.230678, -0.0800145, 0.30017) (-0.0614693, 0.0507222, 0.533043) (-0.193155, 0.256499, 0.686792) (-0.424508, 0.883345, 0.114782) (-0.0052064, 0.790312, -0.137659) (-0.271393, 0.678733, -0.216312) 


# Original Graph 106 in [100, 125)
14 vertices
0 1
0 2
0 3
0 4
0 5
0 6
1 7
1 8
2 9
2 3
3 9
3 4
4 10
4 8
4 5
5 11
5 12
5 13
5 6
6 13
7 13
7 11
8 10
9 10
11 12
12 13

# Unit Distance Graph 106
14 vertices
0 1
0 8
0 4
0 5
0 11
0 7
1 5
1 4
2 5
2 12
2 11
3 7
3 11
3 12
3 13
4 7
4 13
4 6
5 9
5 10
5 8
6 8
6 10
9 13
9 12
10 13

# Embedding 106 (with cost 9.97671e-15)
(-0.700616, 0.304505, -0.011019) (-0.244664, 0.207482, 0.873681) (-0.513106, 0.562356, 0.0830192) (-0.255415, 0.678954, 0.0833509) (0.2731, 0.515227, 0.0754244) (0.188873, -0.148879, 0.0460019) (-0.583497, 0.00184365, 0.0236606) (-0.180244, -0.0465954, 0.767403) (-0.117801, 0.44575, 0.789216) (-0.226848, 0.703323, 0.363692) (-0.0731751, 0.645495, 0.593998) (-0.0241432, -0.176551, 0.546628) (0.0154481, -0.263292, 0.280341) (-0.263918, -0.294628, 0.311533) 


# Original Graph 107 in [100, 125)
14 vertices
0 1
0 2
0 3
0 4
0 5
0 6
1 7
1 8
1 2
2 9
2 10
3 11
3 4
4 11
4 9
5 9
5 12
6 12
6 7
7 12
7 13
8 13
8 12
9 10
10 11
12 13

# Unit Distance Graph 107
14 vertices
0 1
0 2
0 9
0 5
0 12
0 8
1 5
1 9
1 4
2 6
2 12
2 5
3 8
3 12
3 13
4 8
4 13
4 7
6 10
6 9
7 9
7 10
7 11
10 12
11 13
11 12

# Embedding 107 (with cost 8.46033e-15)
(0.808765, -0.100844, -0.60835) (0.067472, 0.555047, -0.465903) (-0.047158, 0.399759, -0.737932) (0.576837, -0.200474, -0.780147) (0.288583, -0.372336, -0.767681) (-0.0115809, -0.374715, -0.106328) (0.771685, 0.0043527, -0.321819) (0.446856, 0.283238, -0.0293234) (0.0616626, 0.381142, -0.150609) (-0.122372, -0.42653, -0.444304) (-0.0630906, 0.0852487, -0.866434) (0.179399, -0.127782, -0.900833) (0.0995758, -0.132297, 0.0959655) (0.176774, 0.20213, 0.0431749) 


# Original Graph 108 in [100, 125)
14 vertices
0 1
0 2
0 3
0 4
0 5
1 6
1 7
1 8
2 9
2 10
3 10
3 11
4 11
4 7
4 12
4 6
4 5
5 6
6 12
6 7
7 12
8 11
8 13
9 13
9 10
11 13

# Unit Distance Graph 108
14 vertices
0 1
0 8
0 11
0 4
0 7
1 4
1 11
1 3
2 4
2 12
2 7
3 7
3 6
4 9
4 13
4 8
5 8
5 13
5 11
6 11
6 13
6 9
6 10
7 10
9 12
10 12

# Embedding 108 (with cost 9.90807e-15)
(0.534947, 0.0403416, 0.740988) (0.493275, 0.0920109, -0.256806) (0.571662, -0.216671, 0.627017) (0.117594, -0.492001, 0.462772) (-0.345527, -0.0342178, 0.272794) (0.352726, 0.292231, 0.625175) (0.173776, 0.464895, 0.177829) (0.241129, 0.255015, -0.190455) (0.50284, -0.209373, -0.226799) (0.562883, -0.452214, 0.264475) (0.397408, -0.457061, 0.494033) (-0.162186, -0.47477, 0.242324) (-0.0237447, 0.323698, 0.0324653) (0.51321, -0.454676, -0.0200963) 


# Original Graph 109 in [100, 125)
14 vertices
0 1
0 2
0 3
0 4
0 5
1 6
1 4
1 7
2 8
2 3
3 9
4 9
4 7
4 10
5 10
5 11
6 11
6 12
6 13
7 8
8 9
10 13
10 12
10 11
11 12
12 13

# Unit Distance Graph 109
14 vertices
0 1
0 4
0 10
0 13
0 6
1 5
1 10
1 4
2 10
2 12
2 13
3 6
3 13
3 12
4 6
4 11
4 5
5 7
6 9
7 11
7 10
8 10
8 11
8 12
9 12
9 11

# Embedding 109 (with cost 8.49893e-15)
(0.19166, 0.545873, -0.349237) (-0.192817, -0.127427, 0.282305) (-0.0586531, 0.598682, -0.204857) (-0.313344, 0.569616, -0.32936) (-0.723658, 0.176154, -0.508925) (0.274423, 0.236328, -0.52353) (-0.0848735, -0.310356, 0.0871128) (-0.35697, 0.111202, 0.241772) (-0.347521, 0.36857, 0.106563) (-0.569583, 0.438172, -0.365394) (-0.345598, -0.220427, -0.701569) (0.220856, -0.151577, -0.530927) (0.0201185, -0.36295, -0.467649) (-0.100857, -0.400405, -0.21143) 


# Original Graph 110 in [100, 125)
14 vertices
0 1
0 2
0 3
0 4
0 5
1 6
1 2
2 7
3 7
3 8
3 9
3 10
3 11
4 11
4 12
4 5
5 12
6 13
6 9
6 7
7 8
8 9
10 13
10 11
11 13
12 13

# Unit Distance Graph 110
14 vertices
0 3
0 10
0 13
0 6
0 9
1 3
1 11
1 10
2 10
2 11
2 13
3 6
3 13
3 12
3 5
4 6
4 7
4 8
4 9
5 9
5 8
6 11
7 12
7 13
7 11
8 12

# Embedding 110 (with cost 9.19196e-15)
(0.15774, 0.202337, 0.830283) (-0.149994, -0.000575635, 0.580546) (-0.238472, 0.289181, 0.605292) (0.153609, 0.74993, -0.00645172) (0.599574, 0.224762, 0.567527) (0.389562, 0.0756563, 0.69332) (-0.0435742, -0.229517, -0.0489071) (-0.3348, 0.454888, 0.295524) (-0.170917, 0.599311, 0.0517215) (-0.114218, 0.378086, -0.115842) (0.459498, 0.403244, -0.101693) (0.659714, 0.439289, 0.192099) (0.424884, -0.189067, 0.204958) (0.293221, -0.238996, -0.0567738) 


# Original Graph 111 in [100, 125)
14 vertices
0 1
0 2
0 3
0 4
0 5
1 6
1 7
2 8
2 3
3 9
4 9
4 10
4 11
4 12
4 5
5 12
5 13
5 6
6 7
7 13
8 13
8 11
9 11
9 10
10 11
12 13

# Unit Distance Graph 111
14 vertices
0 4
0 12
0 13
0 8
0 11
1 4
1 11
1 10
2 4
2 5
2 12
3 5
3 13
3 12
4 8
4 13
4 7
5 9
5 11
5 8
6 9
6 10
6 11
7 10
7 9
9 13

# Embedding 111 (with cost 8.05637e-15)
(-0.265728, 0.12391, 0.286116) (0.0279897, 0.349628, 0.199516) (-0.0935405, -0.109679, -0.0208829) (-0.394904, -0.105932, 0.00634786) (-0.608188, 0.573626, -0.538794) (-0.250487, 0.859703, -0.209737) (0.0751013, 0.642099, 0.00045351) (0.290202, 0.455577, -0.115759) (0.258368, 0.0751916, -0.564149) (-0.51808, -0.0978756, -0.316679) (-0.503629, 0.10179, -0.610396) (-0.209006, -0.00896424, -0.703393) (-0.277157, 0.753969, -0.490347) (0.36363, 0.352704, -0.456557) 


# Original Graph 112 in [100, 125)
14 vertices
0 1
0 2
0 3
0 4
1 5
1 3
1 6
2 7
2 8
3 8
3 9
3 10
4 10
4 11
4 12
5 12
5 13
5 10
6 9
6 7
7 9
7 8
10 13
10 11
11 12
12 13

# Unit Distance Graph 112
14 vertices
0 1
0 3
0 10
0 5
1 4
1 10
1 3
2 5
2 10
2 13
3 5
3 12
3 4
4 6
4 9
5 8
6 11
6 10
7 10
7 11
7 12
7 13
8 13
8 12
9 12
9 11

# Embedding 112 (with cost 9.17622e-15)
(-0.0764041, -0.0877835, -0.983857) (0.351981, -0.260897, -0.0969981) (0.130044, 0.135732, -0.889378) (-0.214416, 0.552695, -0.228383) (-0.374774, -0.263208, -0.78389) (0.0641979, -0.389209, -0.0407902) (0.439533, 0.00281756, -0.268009) (0.329652, 0.266409, -0.646886) (0.103095, 0.445126, -0.590675) (0.323171, 0.319285, -0.367267) (-0.531892, 0.204563, -0.142986) (-0.524161, -0.207804, -0.432118) (-0.34295, -0.426308, -0.386598) (-0.219441, -0.361391, -0.0951938) 


# Original Graph 113 in [100, 125)
14 vertices
0 1
0 2
0 3
0 4
0 5
1 6
1 2
2 3
3 6
3 7
3 4
4 7
4 6
4 8
4 9
5 10
5 11
6 12
6 7
8 13
8 9
9 13
9 10
10 11
11 12
12 13

# Unit Distance Graph 113
14 vertices
0 4
0 8
0 13
0 12
0 6
1 4
1 9
1 8
2 8
2 9
2 13
3 9
3 10
3 11
3 12
3 13
4 6
4 12
4 11
4 5
5 6
5 7
6 10
6 9
7 11
7 10

# Embedding 113 (with cost 9.97108e-15)
(-0.950186, 0.11538, -0.348575) (-0.534895, -0.280931, -0.326359) (-0.807213, -0.189371, -0.20656) (-0.727884, -0.226895, 0.133099) (-0.369472, 0.351217, 0.430625) (-0.764693, 0.351675, -0.487961) (-0.0476477, -0.30437, -0.252482) (-0.424647, -0.131261, 0.318972) (-0.214627, 0.501021, 0.208411) (-0.281469, 0.647788, -0.0556992) (-0.460966, 0.599526, -0.362667) (-0.247877, 0.309493, -0.561078) (0.0448616, 0.061687, -0.432219) (-0.0235216, 0.428225, -0.1402) 


# Original Graph 114 in [100, 125)
14 vertices
0 1
0 2
0 3
0 4
0 5
1 6
1 2
2 6
2 7
2 8
2 3
3 8
3 9
3 10
3 11
3 4
4 11
4 5
5 12
6 7
7 13
8 13
9 12
9 10
10 11
12 13

# Unit Distance Graph 114
14 vertices
0 3
0 9
0 12
0 13
0 8
1 3
1 10
1 9
2 4
2 5
2 12
2 9
2 10
2 11
3 6
3 7
3 13
3 12
3 5
4 8
4 13
4 7
5 8
6 11
6 10
7 11

# Embedding 114 (with cost 9.60409e-15)
(-0.746891, -0.0523597, 0.419899) (-0.608158, -0.22014, 0.20897) (-0.182267, -0.555106, 0.1462) (0.0667874, -0.309074, 0.941459) (-0.575549, 0.150827, 0.735257) (-0.456194, 0.366373, 0.421592) (-0.297963, -0.295796, 0.0104487) (0.015558, -0.0930513, -0.0335841) (0.192627, -0.394244, 0.399395) (0.186478, 0.282201, 0.549863) (0.0992699, 0.118998, 0.829077) (-0.169731, 0.0558691, 0.93775) (0.128991, 0.391467, 0.230564) (0.163116, 0.155539, 0.0612007) 


# Original Graph 115 in [100, 125)
14 vertices
0 1
0 2
0 3
0 4
1 5
1 3
1 6
2 7
2 8
3 8
3 9
3 6
3 10
4 10
4 11
5 12
5 13
5 10
6 9
7 9
7 8
10 13
10 12
10 11
11 12
12 13

# Unit Distance Graph 115
14 vertices
0 1
0 3
0 10
0 5
1 4
1 10
1 3
2 5
2 10
2 13
3 5
3 12
3 11
3 4
4 6
5 8
6 11
6 10
7 10
7 12
7 13
8 13
8 12
9 10
9 11
9 12

# Embedding 115 (with cost 9.97527e-15)
(0.884976, -0.00651163, -0.215155) (0.381311, -0.400367, 0.55374) (0.60392, 0.0105816, -0.264897) (0.10384, 0.481994, 0.173675) (1.02134, 0.126777, -0.005263) (0.563105, -0.229973, 0.70488) (0.148315, -0.2616, 0.289684) (0.290376, -0.0103619, -0.174316) (0.217542, 0.25293, -0.0997262) (0.123392, -0.114864, 0.0434419) (0.636181, 0.566535, 0.56569) (1.04821, 0.174508, 0.290378) (0.938718, 0.108219, 0.577742) (0.720637, 0.00525111, 0.728254) 


# Original Graph 116 in [100, 125)
14 vertices
0 1
0 2
0 3
0 4
0 5
0 6
1 6
1 7
1 8
1 2
2 3
3 9
4 7
4 10
5 11
5 12
6 12
6 11
6 13
7 9
7 8
8 9
10 13
10 11
11 13
11 12

# Unit Distance Graph 116
14 vertices
0 1
0 7
0 4
0 10
0 13
0 6
1 5
1 11
1 10
1 4
2 10
2 11
2 13
3 6
3 13
3 11
4 6
5 8
5 7
6 7
6 9
7 12
8 12
8 11
9 11
9 12

# Embedding 116 (with cost 9.98643e-15)
(0.576421, 0.410357, 0.0629566) (-0.0247141, 0.45144, -0.735134) (0.556368, 0.297817, -0.278061) (0.499685, -0.00268696, -0.253456) (-0.155992, -0.261653, -0.0464658) (0.321427, 0.485689, 0.202423) (-0.235112, 0.638395, -0.475014) (-0.00949854, -0.318381, -0.291499) (0.10659, -0.122458, -0.561777) (0.301315, -0.197353, -0.357662) (-0.308427, -0.0552468, 0.0789762) (-0.311141, 0.345389, 0.217081) (-0.0955664, 0.596269, 0.103477) (-0.415338, 0.343476, -0.0463199) 


# Original Graph 117 in [100, 125)
14 vertices
0 1
0 2
0 3
0 4
0 5
1 6
1 7
1 8
2 9
2 10
3 10
3 9
3 7
3 11
4 11
4 5
5 11
5 12
6 12
6 13
6 11
7 8
8 9
9 10
11 13
12 13

# Unit Distance Graph 117
14 vertices
0 1
0 7
0 3
0 11
0 6
1 4
1 11
1 3
2 6
2 11
2 13
3 6
3 12
3 5
4 8
4 7
5 7
5 8
5 9
6 10
8 11
9 12
9 13
9 11
10 13
10 12

# Embedding 117 (with cost 9.81299e-15)
(0.156085, -1.0017, 0.234756) (0.704514, -0.171845, 0.337528) (0.267154, -0.909482, -0.021448) (-0.082847, -0.17767, -0.278937) (-0.0484274, -0.82855, 0.380168) (0.00230501, -0.639707, 0.603826) (0.495431, -0.109937, 0.534086) (0.420302, -0.110859, -0.13482) (0.669476, -0.28004, -0.0484943) (0.515923, -0.510254, -0.244371) (0.270054, -0.677019, -0.25814) (-0.28346, -0.104215, 0.198483) (0.166577, -0.336421, 0.676357) (0.0217218, -0.110577, 0.527655) 


# Original Graph 118 in [100, 125)
14 vertices
0 1
0 2
0 3
0 4
0 5
1 6
1 7
1 8
2 9
2 10
3 10
3 8
3 7
3 11
4 11
4 5
5 12
6 12
6 13
6 11
7 8
8 9
9 10
11 13
11 12
12 13

# Unit Distance Graph 118
14 vertices
0 1
0 7
0 3
0 11
0 6
1 4
1 11
1 3
2 6
2 11
2 13
3 6
3 12
3 5
4 8
4 7
5 7
5 8
6 10
8 12
8 11
9 11
9 12
9 13
10 13
10 12

# Embedding 118 (with cost 9.72599e-15)
(0.400388, -0.63868, -0.378709) (0.205528, 0.086175, 0.282059) (0.3897, -0.379669, -0.498637) (-0.444907, -0.109415, -0.451889) (-0.0616551, -0.742174, -0.210335) (0.206127, -0.773915, -0.0850171) (0.0593457, -0.129405, 0.411436) (0.0937492, 0.21031, 0.0516256) (0.226996, 0.215017, -0.231908) (0.307571, 0.0225752, -0.432412) (0.116965, -0.123954, -0.586888) (-0.546269, -0.413514, -0.148188) (0.0139188, -0.620103, 0.275213) (-0.180656, -0.416266, 0.321945) 


# Original Graph 119 in [100, 125)
14 vertices
0 1
0 2
0 3
0 4
0 5
1 6
1 7
1 8
2 9
2 3
3 10
4 10
4 7
4 6
4 11
4 5
5 11
5 6
6 11
6 7
8 10
8 12
9 12
9 13
10 13
12 13

# Unit Distance Graph 119
14 vertices
0 1
0 8
0 10
0 4
0 7
1 4
1 10
1 3
2 4
2 6
2 7
3 7
3 6
4 9
4 12
4 8
5 8
5 12
5 13
5 10
6 10
6 13
6 9
9 11
11 13
11 12

# Embedding 119 (with cost 9.93851e-15)
(-0.658931, -0.0830665, -0.685425) (0.321726, 0.0215536, -0.850857) (-0.457044, -0.321597, -0.458789) (-0.416069, -0.167698, -0.202904) (-0.127315, 0.568583, -0.144373) (-0.509338, 0.342753, -0.756616) (0.0277627, 0.468421, -0.834067) (0.260253, 0.301389, -0.770836) (0.334806, -0.176883, -0.624709) (-0.160195, -0.402638, -0.380273) (-0.0361723, 0.0715218, 0.0815655) (-0.233475, 0.545911, -0.68831) (0.142128, -0.347424, -0.441579) (0.00835614, -0.263001, -0.152418) 


# Original Graph 120 in [100, 125)
14 vertices
0 1
0 2
0 3
0 4
0 5
0 6
1 7
1 8
1 9
2 10
2 3
3 10
3 11
3 12
4 12
4 5
5 6
6 12
6 13
7 13
7 12
8 11
8 9
9 11
9 10
12 13

# Unit Distance Graph 120
14 vertices
0 1
0 8
0 11
0 3
0 12
0 7
1 4
1 12
1 3
2 7
2 12
2 13
3 7
3 13
3 6
4 9
4 8
5 8
5 9
5 11
6 11
6 9
6 10
9 12
10 13
10 12

# Embedding 120 (with cost 9.57806e-15)
(0.394892, 0.0793084, 0.0363149) (-0.536309, 0.163584, -0.318316) (0.372007, 0.0192652, -0.388517) (0.0588765, -0.570309, -0.645661) (0.122056, -0.426836, 0.148546) (0.192642, -0.161153, 0.217543) (-0.156238, -0.236055, 0.271945) (-0.588366, -0.0247259, -0.113292) (-0.416428, 0.0481533, -0.547457) (-0.175576, 0.0222048, -0.693937) (0.105427, -0.0126507, -0.667002) (-0.100186, -0.348015, -0.720186) (-0.188074, -0.730038, -0.0351696) (-0.43913, -0.217245, 0.146385) 


# Original Graph 121 in [100, 125)
14 vertices
0 1
0 2
0 3
0 4
1 5
1 3
1 6
2 7
2 8
3 8
3 5
3 9
3 4
4 10
5 11
6 8
6 12
7 12
7 13
7 8
8 13
8 12
9 11
9 10
10 11
12 13

# Unit Distance Graph 121
14 vertices
0 1
0 6
0 8
0 3
1 3
1 8
1 2
2 3
2 5
3 7
3 12
3 6
4 6
4 12
4 8
5 8
5 7
7 9
7 11
8 11
8 10
9 13
9 12
10 12
10 13
11 13

# Embedding 121 (with cost 8.81782e-15)
(0.422677, 0.10848, 0.676759) (-0.131654, 0.830684, 0.263071) (0.347144, -0.0316671, 0.4277) (-0.569555, 0.110463, 0.801146) (0.245967, 0.238955, 0.869865) (-0.191716, 0.802497, 0.545175) (-0.161172, 0.600884, 0.0312682) (0.164245, -0.0388197, 0.138384) (-0.452805, -0.116239, 0.248935) (-0.247884, 0.429977, 0.919653) (0.0418536, 0.439414, 0.917188) (-0.130276, 0.66108, 0.789074) (-0.107276, 0.309235, -0.0630228) (-0.097364, 0.0259406, 0.0173784) 


# Original Graph 122 in [100, 125)
14 vertices
0 1
0 2
0 3
0 4
1 5
1 3
1 6
2 7
2 3
3 7
3 8
3 6
3 9
4 9
4 10
5 11
5 9
6 8
6 7
7 8
9 11
9 12
10 12
10 13
11 13
12 13

# Unit Distance Graph 122
14 vertices
0 1
0 3
0 9
0 5
1 4
1 9
1 3
2 5
2 9
2 11
3 5
3 11
3 13
3 10
3 4
4 6
6 10
6 12
6 9
7 9
7 12
7 13
7 11
8 10
8 13
8 12

# Embedding 122 (with cost 8.7975e-15)
(-0.866263, -0.158884, 0.134685) (0.0669948, 0.0359743, -0.167078) (-0.680679, -0.286206, 0.314029) (-0.171524, 0.111724, 0.801101) (-0.891001, 0.121504, 0.106653) (-0.032414, 0.300762, -0.170966) (0.0649167, -0.169196, 0.148063) (-0.343589, -0.336818, 0.423528) (-0.0783479, -0.238818, 0.430733) (-0.39613, 0.66109, 0.46121) (-0.77094, 0.369675, 0.0433655) (-0.232097, 0.494696, -0.120671) (-0.541688, 0.62238, 0.221798) (-0.501515, 0.53316, -0.0435871) 


# Original Graph 123 in [100, 125)
14 vertices
0 1
0 2
0 3
0 4
0 5
1 6
1 7
1 8
2 9
2 3
3 10
3 7
3 11
4 11
4 5
5 12
5 13
6 13
6 11
7 8
8 10
8 9
9 10
11 13
11 12
12 13

# Unit Distance Graph 123
14 vertices
0 1
0 7
0 3
0 11
0 6
1 4
1 11
1 3
2 6
2 11
2 13
3 6
3 13
3 5
4 8
4 7
5 7
5 8
5 10
8 12
8 11
9 11
9 12
9 13
10 13
10 12

# Embedding 123 (with cost 7.72643e-15)
(-0.134289, -0.588784, -0.50775) (-0.160765, 0.123899, 0.193237) (0.0526705, -0.653183, -0.226793) (0.708096, -0.1238, -0.235396) (-0.0199029, -0.289304, -0.706442) (-0.207265, -0.0700292, -0.634423) (-0.178305, 0.305945, -0.0633134) (0.349307, -0.06884, 0.196376) (0.155084, -0.261518, 0.277737) (0.149129, -0.546211, 0.0412666) (0.377307, -0.368244, 0.120126) (0.50724, 0.177205, -0.549009) (-0.0324835, 0.215152, -0.581102) (-0.18529, 0.309889, -0.352759) 


# Original Graph 124 in [100, 125)
14 vertices
0 1
0 2
0 3
0 4
0 5
1 6
1 7
1 2
2 3
3 7
3 8
3 9
3 10
3 4
4 11
4 12
4 5
5 12
6 13
6 9
7 8
8 9
10 13
10 11
11 13
11 12

# Unit Distance Graph 124
14 vertices
0 3
0 10
0 13
0 6
0 9
1 3
1 4
1 11
1 10
2 10
2 11
2 13
3 6
3 13
3 11
3 12
3 5
4 7
4 8
4 9
4 6
5 9
5 8
7 12
7 11
8 12

# Embedding 124 (with cost 9.67768e-15)
(0.205281, 0.101761, 0.314459) (0.480292, -0.35964, 0.0585978) (0.554645, -0.0876684, 0.253168) (1.01348, 0.459349, -0.153455) (0.163854, 0.586132, -0.0147721) (0.0726134, 0.298674, 0.144792) (0.396656, -0.167563, -0.629384) (0.788635, -0.192742, -0.0695919) (0.903942, -0.0167197, -0.312831) (0.704848, -0.0759558, -0.533391) (0.414165, 0.364953, -0.627399) (0.0806464, 0.366039, -0.501467) (0.0150841, 0.427395, -0.200167) (0.252796, 0.085746, -0.684283) 
