

# Original Graph 75 in [75, 100)
14 vertices
0 1
0 2
0 3
0 4
0 5
1 6
1 7
1 8
1 2
2 9
2 10
2 11
3 11
3 12
4 9
4 8
5 13
5 6
6 13
6 7
7 8
8 13
9 12
9 10
10 11
11 12

# Unit Distance Graph 75
14 vertices
0 1
0 2
0 9
0 4
0 8
1 4
1 9
1 12
1 3
2 5
2 13
2 8
2 4
3 8
3 7
5 10
5 9
6 9
6 10
6 11
6 12
7 12
7 11
8 11
10 13
11 13

# Embedding 75 (with cost 8.82871e-15)
(-0.177098, -0.672632, 0.231586) (-0.208593, -0.090748, -0.581075) (0.210535, -0.219076, -0.570927) (0.135156, -0.618035, 0.195974) (0.113919, 0.28237, 0.288849) (-0.402874, -0.456506, 0.182303) (-0.52777, -0.125266, -0.0921812) (-0.403083, 0.0583712, -0.306792) (-0.196399, 0.324823, 0.162951) (0.395621, 0.14549, 0.179922) (0.459878, -0.178022, -0.239722) (0.420052, -0.438213, -0.0313784) (0.431801, -0.200166, 0.179138) (-0.435144, 0.049567, 0.143866) 


# Original Graph 76 in [75, 100)
14 vertices
0 1
0 2
0 3
0 4
1 5
1 3
1 6
2 7
2 8
3 9
3 10
4 10
4 11
4 5
5 11
5 12
5 10
6 9
6 8
6 7
7 8
8 9
10 12
10 13
11 13
12 13

# Unit Distance Graph 76
14 vertices
0 1
0 3
0 10
0 5
1 4
1 10
1 3
2 5
2 10
2 12
3 5
3 4
4 6
4 9
5 9
5 8
6 11
6 13
6 10
7 10
7 13
7 12
8 12
8 13
8 11
9 11

# Embedding 76 (with cost 8.60943e-15)
(0.310978, -0.0960442, 0.189009) (-0.593837, 0.327342, 0.143686) (0.0793264, -0.266627, 0.16029) (-0.158567, -0.0126426, -0.689951) (0.394519, 0.176833, 0.121341) (-0.377715, 0.616645, 0.0556837) (-0.595814, 0.0384098, 0.112448) (-0.419448, -0.194914, 0.117613) (-0.303186, -0.371524, -0.0783586) (-0.318789, -0.25523, -0.430486) (-0.028613, 0.266256, -0.678987) (0.319282, 0.410337, -0.0433358) (-0.0125213, 0.498058, -0.477535) (0.210705, 0.455395, -0.306657) 


# Original Graph 77 in [75, 100)
14 vertices
0 1
0 2
0 3
0 4
0 5
1 6
1 7
1 8
2 9
2 3
3 9
3 10
3 11
4 11
4 7
4 12
4 13
5 13
5 6
6 13
7 12
8 11
8 10
8 9
10 11
12 13

# Unit Distance Graph 77
14 vertices
0 1
0 8
0 11
0 4
0 7
1 4
1 11
1 3
2 4
2 12
2 7
3 7
3 12
3 13
3 6
4 9
4 8
5 8
5 10
5 11
6 11
6 10
8 13
9 13
9 12
10 13

# Embedding 77 (with cost 9.89431e-15)
(-0.102533, -0.486296, 0.432281) (0.609336, -0.00275576, -0.0770629) (-0.0251505, -0.651599, 0.186892) (-0.124224, -0.682353, -0.0831161) (-0.354732, 0.169308, -0.279463) (-0.0583705, -0.122994, 0.486534) (0.239805, 0.164393, 0.304832) (0.213048, 0.256005, -0.158818) (0.544621, -0.26752, -0.298013) (0.22456, -0.622226, -0.0848016) (0.00797338, -0.435195, -0.461163) (-0.293507, -0.137668, -0.485318) (-0.116718, 0.316882, -0.0447522) (-0.105721, 0.261283, 0.247351) 


# Original Graph 78 in [75, 100)
14 vertices
0 1
0 2
0 3
0 4
0 5
1 6
1 7
2 8
2 3
3 9
3 10
3 7
3 4
4 6
4 11
4 12
5 12
5 13
6 11
7 10
7 8
8 9
9 10
11 13
11 12
12 13

# Unit Distance Graph 78
14 vertices
0 1
0 7
0 3
0 4
0 6
1 4
1 3
2 4
2 11
2 6
3 6
3 11
3 13
3 5
4 8
4 7
5 7
5 10
7 12
8 12
8 11
9 11
9 12
9 13
10 13
10 12

# Embedding 78 (with cost 9.32634e-15)
(-0.149891, 0.0328355, 0.347261) (-0.836132, 0.474729, -0.230497) (-0.349623, -0.162416, 0.206434) (-0.159909, -0.139141, -0.637789) (0.0636059, 0.250748, -0.605069) (-0.0678012, 0.290069, 0.260707) (-0.595086, 0.682293, -0.269186) (-0.888891, 0.205862, -0.303846) (-0.568808, -0.193091, 0.0298007) (-0.581212, -0.215893, -0.287787) (-0.748819, -0.019242, -0.403026) (-0.32669, 0.747799, -0.207066) (0.039972, 0.563716, -0.20817) (-0.0942857, 0.594121, 0.0389833) 


# Original Graph 79 in [75, 100)
14 vertices
0 1
0 2
0 3
0 4
0 5
1 6
1 7
1 2
2 8
2 9
2 10
3 10
3 8
4 8
4 7
5 11
5 12
6 12
6 11
6 7
7 11
8 13
8 9
9 13
10 13
11 12

# Unit Distance Graph 79
14 vertices
0 1
0 2
0 8
0 4
0 7
1 4
1 8
1 3
2 5
2 11
2 7
2 4
3 7
3 6
5 9
5 8
6 8
6 13
6 10
7 10
8 12
9 12
9 11
10 11
11 13
12 13

# Embedding 79 (with cost 9.8114e-15)
(0.462021, 0.337042, -0.289205) (-0.428982, 0.632863, 0.0551854) (-0.492135, 0.32999, 0.0100222) (0.36593, 0.0791829, -0.192916) (0.243147, 0.237932, 0.681502) (0.46223, 0.588027, -0.140326) (0.00445952, 0.9135, 0.223322) (0.228894, 0.607865, 0.644769) (0.122939, -0.0113797, 0.584652) (-0.290133, 0.0555748, 0.247546) (0.0916118, -0.0216745, -0.119975) (0.30401, 0.857813, 0.305922) (0.353766, 0.789893, 0.0326733) (-0.0423278, -0.0800734, 0.326387) 


# Original Graph 80 in [75, 100)
14 vertices
0 1
0 2
0 3
0 4
1 5
1 3
1 6
2 7
2 8
3 8
3 5
3 9
4 9
4 10
5 10
5 11
6 8
6 12
6 7
7 12
7 13
8 13
8 12
9 11
10 11
12 13

# Unit Distance Graph 80
14 vertices
0 1
0 6
0 8
0 3
1 3
1 8
1 2
2 3
2 5
3 7
3 6
4 6
4 12
4 8
5 8
5 13
5 7
6 9
7 9
7 11
8 10
9 12
10 12
10 13
11 13
11 12

# Embedding 80 (with cost 7.50662e-15)
(0.265909, -0.825644, 0.839508) (0.920826, -0.188004, 0.433923) (0.137272, -0.796168, 0.561128) (0.083383, 0.157393, 0.857468) (0.42008, -0.651414, 1.0077) (0.892701, -0.162383, 0.727395) (0.642441, -0.234079, 0.126575) (0.146376, -0.661783, 0.287395) (-0.0503007, 0.0478982, 0.46946) (0.275544, -0.00161438, 1.02732) (0.629573, -0.441185, 1.01588) (0.594463, -0.156804, 1.0251) (0.318744, -0.30453, 0.0752851) (0.0631476, -0.340068, 0.19799) 


# Original Graph 81 in [75, 100)
14 vertices
0 1
0 2
0 3
0 4
1 5
1 3
1 6
2 7
2 8
3 8
3 5
3 9
4 9
4 10
5 11
6 8
6 12
6 7
7 13
7 8
8 13
8 12
9 11
9 10
10 11
12 13

# Unit Distance Graph 81
14 vertices
0 1
0 6
0 8
0 3
1 3
1 8
1 2
2 3
2 5
3 7
3 6
4 6
4 12
4 8
5 8
5 7
6 9
7 9
7 11
8 11
8 10
9 13
9 12
10 12
10 13
11 13

# Embedding 81 (with cost 8.33595e-15)
(0.7254, -0.0801896, 0.615349) (-0.0122568, -0.740305, 0.473539) (0.665765, -0.0174151, 0.340438) (-0.226838, 0.200762, 0.734974) (0.594049, -0.153625, 0.854876) (0.0213432, -0.666553, 0.744591) (-0.0107225, -0.623769, 0.212057) (0.464604, -0.0779923, 0.0684876) (-0.191963, 0.238675, 0.377083) (0.206631, -0.0979795, 1.03443) (0.390405, -0.306119, 0.980446) (0.178954, -0.513033, 0.922387) (-0.0210309, -0.241379, 0.0713095) (0.184718, -0.0505046, 0.0358008) 


# Original Graph 82 in [75, 100)
14 vertices
0 1
0 2
0 3
0 4
0 5
1 6
1 3
1 7
2 8
2 9
3 9
3 6
3 4
4 6
4 10
4 5
5 10
6 10
7 11
7 8
8 12
9 12
9 13
9 11
11 13
12 13

# Unit Distance Graph 82
14 vertices
0 1
0 7
0 11
0 9
0 3
1 3
1 9
1 2
2 3
2 6
3 8
3 7
4 7
4 8
4 12
4 13
4 11
5 9
5 11
5 13
6 9
6 12
6 8
9 10
10 13
10 12

# Embedding 82 (with cost 9.38622e-15)
(0.230707, -0.489778, 0.112642) (-0.519412, -0.559078, 0.770304) (0.193856, -0.213046, 0.160787) (-0.716444, -0.41656, -0.199679) (-0.269155, -0.878173, 0.00656221) (0.052099, -0.734846, 0.123434) (-0.497243, -0.857732, 0.487533) (-0.494395, -0.264672, 0.763453) (-0.025874, 0.0174843, 0.378869) (-0.64536, -0.0476212, -0.0797253) (-0.297506, -0.909752, 0.288687) (-0.593249, -0.0608242, 0.482907) (-0.272654, 0.0894913, 0.25878) (-0.551946, 0.0553597, 0.226893) 


# Original Graph 83 in [75, 100)
14 vertices
0 1
0 2
0 3
0 4
0 5
1 6
1 7
1 2
2 7
3 7
3 8
3 9
3 10
3 4
4 11
4 12
4 5
5 12
6 13
6 9
7 8
8 9
10 13
10 11
11 13
12 13

# Unit Distance Graph 83
14 vertices
0 3
0 10
0 13
0 6
0 9
1 3
1 4
1 11
1 10
2 10
2 11
2 13
3 6
3 13
3 12
3 5
4 7
4 8
4 9
4 6
5 9
5 8
7 12
7 13
7 11
8 12

# Embedding 83 (with cost 9.09185e-15)
(-0.402483, -0.415147, 0.460932) (0.201864, -0.782313, 0.418595) (-0.265121, -0.704631, 0.337266) (0.0249726, -0.291694, -0.434636) (-0.195421, 0.125998, 0.28769) (-0.259835, -0.138356, 0.511605) (0.590435, -0.487358, 0.366594) (-0.0513213, -0.816709, -0.0132066) (0.113592, -0.649953, -0.26223) (0.429554, -0.566452, -0.0727545) (0.194831, -0.0340101, -0.244725) (0.17133, 0.1546, 0.0703686) (0.263651, -0.0161159, 0.496541) (0.556121, -0.137342, 0.398465) 


# Original Graph 84 in [75, 100)
14 vertices
0 1
0 2
0 3
0 4
0 5
1 6
1 2
2 6
2 7
2 3
3 7
3 8
3 9
3 10
3 4
4 10
4 11
4 5
5 11
6 12
7 8
8 12
9 13
9 10
11 13
12 13

# Unit Distance Graph 84
14 vertices
0 3
0 9
0 13
0 12
0 8
1 3
1 10
1 9
2 4
2 11
2 13
2 9
2 10
3 6
3 12
3 13
3 11
3 5
4 7
4 8
4 12
4 6
5 8
5 7
6 10
7 11

# Embedding 84 (with cost 9.776e-15)
(0.765616, 0.274175, 0.343249) (0.482037, 0.547474, 0.198583) (0.404786, 0.525286, -0.0758622) (0.175206, -0.310755, -0.212875) (0.582203, -0.234048, 0.550184) (0.622779, 0.0446077, 0.607733) (0.08391, 0.575814, 0.240624) (0.106236, 0.147162, -0.242365) (-0.161439, 0.137283, -0.00579303) (-0.0540257, -0.293804, 0.268497) (0.211734, -0.415288, 0.203513) (0.193767, -0.0114208, 0.741093) (-0.228398, 0.339289, 0.430978) (-0.181213, 0.111279, 0.620704) 


# Original Graph 85 in [75, 100)
14 vertices
0 1
0 2
0 3
0 4
0 5
1 5
1 6
1 7
2 8
2 9
3 9
3 8
3 7
3 10
4 10
4 6
4 11
4 12
5 12
6 13
6 11
7 10
7 8
8 9
11 13
12 13

# Unit Distance Graph 85
14 vertices
0 1
0 7
0 10
0 4
0 6
1 4
1 10
1 3
2 4
2 11
2 6
3 6
3 13
3 12
3 5
4 8
4 7
5 10
5 7
6 9
7 12
8 12
8 13
8 11
9 11
9 13

# Embedding 85 (with cost 8.22949e-15)
(0.159223, 0.0959247, 0.278765) (-0.188972, -0.712028, -0.196601) (0.108057, 0.155678, -0.00734318) (-0.506713, 0.229852, -0.305704) (-0.823279, -0.0895604, 0.261864) (0.0472772, -0.140605, 0.439854) (-0.412477, -0.695352, 0.0618786) (-0.237673, -0.428753, -0.474353) (-0.127413, -0.0416654, -0.45471) (-0.0808432, 0.189426, -0.265514) (-0.773196, 0.0915161, -0.0825857) (-0.690393, -0.356233, 0.309555) (-0.228051, -0.271862, 0.513216) (-0.423349, -0.479418, 0.394286) 


# Original Graph 86 in [75, 100)
14 vertices
0 1
0 2
0 3
0 4
0 5
1 6
1 3
1 7
1 2
2 7
3 7
3 6
3 4
4 6
4 8
4 9
5 9
5 10
6 10
8 11
8 12
9 13
10 11
11 13
11 12
12 13

# Unit Distance Graph 86
14 vertices
0 4
0 8
0 11
0 10
0 6
1 4
1 9
1 13
1 12
1 8
2 8
2 12
2 11
3 5
3 10
3 11
3 13
3 9
4 6
4 10
4 5
5 6
6 9
7 11
7 12
7 13

# Embedding 86 (with cost 9.55501e-15)
(0.405802, -0.263254, 0.327863) (0.541057, 0.228921, -0.221477) (0.570378, -0.0567344, 0.15754) (0.856846, -0.369032, -0.407233) (0.607044, -0.716528, -0.540494) (0.114181, -0.381012, 0.262323) (0.231651, 0.210324, -0.5355) (0.726603, -0.000530148, -0.0932527) (0.275019, -0.666808, -0.577697) (-0.00847004, -0.558905, 0.0566385) (-0.0522886, 0.0346897, -0.509623) (-0.134168, -0.287751, -0.513465) (0.00985395, -0.57525, -0.48818) (-0.113388, -0.527185, -0.223834) 


# Original Graph 87 in [75, 100)
14 vertices
0 1
0 2
0 3
0 4
0 5
1 6
1 2
2 6
2 3
3 6
3 7
3 4
4 7
4 8
4 9
4 10
5 10
5 11
6 7
7 11
8 12
8 9
9 13
10 13
11 12
12 13

# Unit Distance Graph 87
14 vertices
0 4
0 8
0 12
0 11
0 7
1 4
1 9
1 8
2 8
2 9
2 13
2 12
3 5
3 11
3 12
3 13
3 10
4 6
4 7
4 11
4 5
5 7
6 10
6 13
6 9
7 10

# Embedding 87 (with cost 9.76593e-15)
(0.358053, -0.58287, 0.022718) (0.079044, -0.571508, -0.0417429) (-0.109706, -0.61536, -0.258022) (-0.062313, -0.628217, -0.673898) (0.443454, -0.313253, -0.936455) (0.538755, -0.309472, 0.0589863) (-0.319949, -0.191376, -0.302135) (-0.274992, 0.086048, -0.366899) (0.398493, 0.145825, -0.660925) (0.560943, -0.0685363, -0.759234) (0.671161, -0.171367, -0.170604) (-0.0149094, 0.292181, -0.2858) (0.264366, 0.291042, -0.454252) (0.65356, 0.0146256, -0.401354) 


# Original Graph 88 in [75, 100)
14 vertices
0 1
0 2
0 3
0 4
1 4
1 5
1 6
2 7
2 8
2 9
3 9
3 10
4 8
4 7
4 11
5 11
5 12
6 12
6 13
6 11
6 7
8 10
8 9
9 10
11 13
12 13

# Unit Distance Graph 88
14 vertices
0 4
0 11
0 6
0 7
1 2
1 8
1 4
1 7
2 5
2 11
2 4
3 6
3 11
3 13
4 7
4 6
5 9
5 8
6 8
6 10
8 12
9 12
9 13
9 11
10 13
10 12

# Embedding 88 (with cost 8.7135e-15)
(-0.00616923, 0.415848, 0.0776967) (0.0547593, 0.188694, 0.278807) (0.347072, 0.0643144, -0.669393) (-0.0864038, 0.445158, -0.200716) (-0.52236, -0.320561, -0.359622) (0.106725, -0.0998084, 0.287319) (0.474022, -0.377487, -0.296518) (0.45573, -0.219204, -0.541462) (-0.445939, -0.0748755, -0.545712) (-0.018595, 0.294135, -0.623233) (-0.27953, 0.241208, -0.518726) (-0.221639, -0.541795, -0.113336) (0.249319, -0.296293, 0.138093) (0.211414, -0.498911, -0.0591642) 


# Original Graph 89 in [75, 100)
14 vertices
0 1
0 2
0 3
0 4
1 5
1 3
1 6
2 7
2 8
3 8
3 9
4 9
4 10
4 5
5 11
5 9
6 8
6 12
6 7
7 12
8 12
9 11
9 13
10 13
10 11
11 13

# Unit Distance Graph 89
14 vertices
0 1
0 3
0 9
0 5
1 4
1 9
1 3
2 5
2 9
2 11
3 5
3 4
4 6
4 8
5 8
6 10
6 13
6 9
7 9
7 13
7 11
8 11
8 10
10 12
11 12
12 13

# Embedding 89 (with cost 9.01991e-15)
(0.576225, -0.128806, -0.239141) (0.0396468, 0.676927, -0.489895) (0.412527, -0.134761, -0.487556) (-0.415898, -0.129977, -0.113883) (0.56085, 0.0127785, 0.0460652) (0.0868399, 0.734461, -0.115559) (0.00768336, 0.389969, -0.696723) (0.223177, 0.02248, -0.665864) (-0.298765, -0.127266, -0.445309) (-0.323136, 0.0206799, 0.171715) (0.383382, 0.197519, 0.209817) (0.10236, 0.542276, 0.17984) (-0.0660677, 0.0428752, -0.670002) (0.0814067, 0.268093, 0.293081) 


# Original Graph 90 in [75, 100)
14 vertices
0 1
0 2
0 3
0 4
0 5
1 6
1 7
1 8
1 2
2 9
2 3
3 9
3 7
3 10
4 11
4 12
5 12
5 13
6 13
6 10
7 9
7 8
8 9
10 11
11 13
11 12

# Unit Distance Graph 90
14 vertices
0 1
0 7
0 3
0 10
0 6
1 4
1 11
1 10
1 3
2 6
2 10
2 11
2 13
3 6
3 13
3 5
4 8
4 7
5 7
5 9
7 12
8 12
8 11
9 13
9 11
9 12

# Embedding 90 (with cost 9.02881e-15)
(-0.412113, -0.48382, 0.176837) (0.128189, -0.330537, -0.650555) (-0.493088, -0.0622089, -0.10414) (0.100922, 0.36726, 0.0652214) (-0.0955188, -0.461252, 0.315296) (0.0709784, -0.630553, 0.124158) (0.360759, -0.445289, -0.456554) (-0.0049996, 0.197041, -0.432004) (0.00134387, -0.0431389, -0.58792) (-0.252528, 0.2175, -0.295544) (0.446063, 0.0270225, 0.227572) (0.400702, -0.240515, 0.307376) (0.186926, -0.448529, 0.307188) (0.369487, -0.559385, -0.197841) 


# Original Graph 91 in [75, 100)
14 vertices
0 1
0 2
0 3
0 4
0 5
1 6
1 4
1 7
2 7
2 8
3 8
3 9
4 9
4 10
5 10
5 11
5 6
6 11
6 12
7 9
7 8
10 12
10 13
11 13
11 12
12 13

# Unit Distance Graph 91
14 vertices
0 1
0 4
0 10
0 12
0 6
1 5
1 10
1 4
2 10
2 13
2 12
3 6
3 12
3 11
4 6
4 5
5 7
5 9
6 9
7 11
7 13
7 10
8 11
8 12
8 13
9 11

# Embedding 91 (with cost 9.93219e-15)
(0.315426, 0.51331, 0.175676) (-0.131387, -0.271852, 0.604487) (0.0984605, 0.478519, 0.418992) (-0.336982, 0.534963, 0.275932) (-0.613211, 0.257971, -0.093462) (0.386511, 0.236646, -0.0834165) (-0.021602, -0.410513, 0.357236) (-0.255774, 0.104561, 0.671583) (-0.170004, 0.436068, 0.507664) (-0.570555, 0.400654, 0.155595) (-0.401713, 0.0172497, -0.31385) (0.14383, -0.207627, -0.190308) (-0.0885604, -0.362361, -0.088891) (-0.184369, -0.170602, -0.287159) 


# Original Graph 92 in [75, 100)
14 vertices
0 1
0 2
0 3
0 4
0 5
0 6
1 7
1 5
1 8
2 8
2 3
3 8
3 4
4 8
4 5
5 9
6 9
6 10
6 7
7 11
9 12
9 13
10 13
10 11
11 12
12 13

# Unit Distance Graph 92
14 vertices
0 1
0 5
0 9
0 12
0 11
0 7
1 6
1 9
1 5
2 9
2 13
2 12
3 10
3 11
3 12
3 13
4 6
4 7
4 11
4 10
5 7
5 6
6 8
8 10
8 13
8 9

# Embedding 92 (with cost 9.58193e-15)
(-0.618218, 0.617199, 0.305536) (-0.0784655, 0.408176, -0.509925) (-0.646533, 0.356382, 0.0438369) (-0.570663, 0.0852192, 0.0171089) (-0.351725, -0.125379, 0.126826) (0.11276, -0.0637036, 0.35075) (-0.303138, 0.845653, 0.360785) (0.0941951, 0.601097, -0.39604) (-0.287986, 0.235263, -0.431171) (0.270122, 0.166968, 0.395782) (0.12703, 0.727831, 0.333772) (0.262192, 0.606641, -0.168562) (0.34495, 0.483484, 0.0722359) (0.301727, 0.444113, 0.34897) 


# Original Graph 93 in [75, 100)
14 vertices
0 1
0 2
0 3
0 4
0 5
0 6
1 6
1 7
1 2
2 8
2 9
3 10
3 4
4 10
4 5
5 10
5 11
6 11
6 12
6 13
7 13
7 8
8 12
9 11
9 10
12 13

# Unit Distance Graph 93
14 vertices
0 2
0 9
0 11
0 6
0 12
0 8
1 5
1 11
1 9
1 10
2 6
2 11
2 5
3 6
3 13
3 12
4 7
4 8
4 12
4 13
5 8
5 7
6 10
6 9
7 10
10 13

# Embedding 93 (with cost 9.41115e-15)
(0.445559, 0.16611, 0.256523) (0.306583, -0.237306, 0.651198) (0.651586, -0.8082, 0.16557) (0.515941, 0.0754092, -0.00199228) (0.396563, -0.0055536, -0.245303) (0.142901, -0.101305, -0.325896) (-0.296551, -0.492255, 0.130721) (0.140338, -0.461813, 0.606856) (0.369509, -0.828865, 0.321642) (0.63192, -0.723899, -0.159594) (0.618638, -0.464357, -0.271337) (-0.216374, -0.44676, -0.175026) (0.0777382, -0.761115, 0.326953) (-0.136941, -0.582752, 0.372932) 


# Original Graph 94 in [75, 100)
14 vertices
0 1
0 2
0 3
0 4
0 5
1 6
1 7
1 8
2 9
2 3
3 9
3 10
4 10
4 5
5 11
5 12
5 13
5 6
6 13
6 7
7 12
7 8
8 11
9 11
10 11
12 13

# Unit Distance Graph 94
14 vertices
0 5
0 12
0 7
0 8
0 11
1 4
1 5
1 11
1 10
2 5
2 13
2 12
3 6
3 7
3 12
3 13
4 8
4 7
5 9
5 11
5 8
6 10
6 11
6 9
7 10
9 13

# Embedding 94 (with cost 9.86125e-15)
(0.285804, -0.390958, 0.173745) (0.160336, -0.741185, -0.0227675) (0.412946, -0.205418, -0.00619721) (0.373119, 0.0432888, -0.182276) (-0.315861, 0.11278, -0.232482) (-0.530749, -0.0787139, -0.31179) (-0.318417, -0.672377, -0.28026) (-0.0117796, -0.699883, -0.729587) (0.227753, -0.486671, -0.81997) (0.45507, -0.0706662, -0.479415) (0.154429, 0.206636, -0.341517) (0.347062, -0.125712, -0.788487) (-0.271437, -0.571544, -0.63673) (-0.470441, -0.443002, -0.410156) 


# Original Graph 95 in [75, 100)
14 vertices
0 1
0 2
0 3
0 4
1 5
1 6
2 7
2 8
3 8
3 9
3 10
3 11
4 11
4 7
4 5
5 6
6 7
8 11
8 12
9 12
9 13
9 10
10 13
10 12
10 11
12 13

# Unit Distance Graph 95
14 vertices
0 8
0 12
0 10
0 11
1 10
1 12
1 13
2 3
2 11
2 10
3 8
3 11
3 4
3 7
4 9
4 12
4 8
5 9
5 13
5 12
6 9
6 10
6 13
7 10
7 9
8 11

# Embedding 95 (with cost 9.52055e-15)
(0.497808, 0.923528, -0.265203) (0.551829, 0.738693, 0.0214543) (0.549904, 0.0209909, -0.239076) (0.255861, 0.944127, -0.486781) (0.0466306, 0.474309, 0.370829) (0.342639, 0.543488, 0.295828) (0.567583, 0.414259, 0.140484) (0.562429, 0.144037, 0.0288456) (0.340639, -0.050536, -0.427981) (-0.0631338, 0.581161, -0.617369) (-0.365973, 0.421889, -0.217868) (-0.223448, 0.443193, 0.233863) (0.0797075, 0.0568211, -0.537251) (-0.160925, 0.314661, -0.537275) 


# Original Graph 96 in [75, 100)
14 vertices
0 1
0 2
0 3
0 4
0 5
0 6
1 6
1 7
1 8
1 9
1 2
2 9
2 10
3 11
3 12
4 12
4 5
5 13
6 13
6 8
6 7
7 8
8 9
10 13
10 11
11 12

# Unit Distance Graph 96
14 vertices
0 2
0 10
0 13
0 6
0 8
0 9
1 4
1 5
1 13
1 10
1 11
1 12
2 6
2 13
2 5
3 6
3 7
3 8
4 9
4 8
5 9
6 11
6 10
7 12
7 11
8 12

# Embedding 96 (with cost 9.84242e-15)
(0.626254, 0.617267, -0.383823) (0.640818, 0.171905, 0.292927) (0.557575, -0.373793, -0.269438) (0.535253, 0.414953, -0.563974) (0.15706, 0.441198, -0.539815) (-0.074058, 0.394951, -0.369797) (-0.0948988, 0.228947, 0.18989) (0.156715, 0.127409, 0.315814) (0.365566, -0.0705519, 0.293634) (0.537048, -0.290485, 0.0260895) (0.337914, -0.331011, -0.516594) (0.374854, -0.0753311, -0.638812) (0.34608, 0.226257, -0.661104) (-0.253157, 0.20019, -0.154296) 


# Original Graph 97 in [75, 100)
14 vertices
0 1
0 2
0 3
0 4
0 5
1 6
1 7
1 8
2 9
2 10
3 10
3 11
3 4
4 5
5 11
5 12
5 13
5 6
6 13
6 12
7 12
7 8
8 11
9 11
9 10
12 13

# Unit Distance Graph 97
14 vertices
0 5
0 12
0 7
0 8
0 11
1 3
1 4
1 5
1 11
2 5
2 13
2 12
3 7
3 12
3 6
4 8
4 7
5 9
5 11
5 8
6 11
6 9
6 10
9 13
10 12
10 13

# Embedding 97 (with cost 9.48408e-15)
(-0.0464168, 0.801039, -0.713121) (0.113553, 1.16613, -0.271996) (0.204198, 0.640042, -0.766794) (0.148108, 0.208342, -0.557377) (-0.034796, 0.177747, -0.304948) (-0.0302258, 0.261173, 0.128474) (0.0791102, 1.0202, 0.0223884) (0.602099, 0.864477, 0.0454319) (0.802478, 0.712734, -0.191989) (0.64262, 0.459438, -0.584246) (0.37596, 0.390047, -0.6951) (0.823288, 0.466066, -0.350622) (0.34727, 0.822997, 0.205861) (0.0899901, 0.652174, 0.226589) 


# Original Graph 98 in [75, 100)
14 vertices
0 1
0 2
0 3
0 4
0 5
0 6
1 6
1 7
2 8
2 3
3 4
4 9
4 5
5 9
5 10
5 11
5 6
6 11
6 12
6 7
7 13
8 13
8 10
9 10
11 12
12 13

# Unit Distance Graph 98
14 vertices
0 5
0 11
0 12
0 13
0 8
0 10
1 5
1 10
1 9
2 5
2 6
2 11
3 6
3 12
3 11
4 6
4 7
4 13
4 12
5 8
5 13
5 7
6 9
6 10
6 8
7 9

# Embedding 98 (with cost 9.62956e-15)
(-0.256088, 0.0371159, 0.302941) (-0.132576, 0.330932, -0.0647768) (0.13698, -0.347416, -0.0776084) (0.0076832, -0.314755, 0.208187) (0.181632, -0.278286, 0.463198) (0.702505, 0.259598, 0.480706) (0.304149, 0.628796, 0.0604673) (0.156015, 0.294614, -0.356027) (0.455672, -0.282413, -0.322598) (0.513517, -0.300952, 0.363343) (0.628302, -0.315052, -0.00337735) (0.653178, 0.448389, 0.238989) (0.557971, 0.465425, -0.0893074) (0.39972, 0.0617259, -0.451585) 


# Original Graph 99 in [75, 100)
14 vertices
0 1
0 2
0 3
0 4
1 5
1 6
2 7
2 8
3 8
3 9
3 10
3 4
4 10
4 11
4 12
4 13
4 5
5 13
6 11
6 10
7 9
7 8
9 10
11 13
11 12
12 13

# Unit Distance Graph 99
14 vertices
0 4
0 11
0 6
0 10
1 3
1 4
1 10
2 4
2 12
2 11
3 6
3 11
3 13
3 5
4 7
4 9
4 10
4 6
5 10
5 9
7 13
7 12
8 11
8 12
8 13
9 13

# Embedding 99 (with cost 8.86612e-15)
(-0.212218, -0.054339, 0.484224) (-0.0352158, -0.237831, 0.627588) (-0.191262, 0.200125, 0.362451) (0.0270403, 0.347579, -0.180755) (0.381219, -0.311035, -0.278625) (0.167515, -0.442505, 0.41593) (0.753192, 0.206278, 0.492103) (0.109948, 0.481199, 0.26798) (-0.0862578, 0.385, 0.0883913) (0.3902, 0.522061, 0.274429) (0.650402, 0.429612, 0.336989) (0.77879, -0.0424964, 0.350952) (0.548143, -0.385867, 0.0309512) (0.393361, -0.477615, 0.249202) 
