

# Original Graph 350 in [350, 375)
14 vertices
0 1
0 2
0 3
0 4
1 4
1 5
1 6
2 7
2 8
3 8
3 9
3 6
3 5
3 10
3 4
4 10
5 10
5 6
6 11
7 12
7 13
8 13
9 13
9 11
11 12
12 13

# Unit Distance Graph 350
14 vertices
0 3
0 6
0 11
0 9
1 3
1 9
1 13
1 8
2 3
2 5
2 6
3 7
3 12
3 11
3 6
4 9
4 11
4 12
4 13
5 8
5 13
5 7
6 8
7 10
10 13
10 12

# Embedding 350 (with cost 9.98748e-15)
(-0.116305, 0.630816, -0.469606) (-0.556768, 0.428775, -0.695255) (-0.0656131, 0.550453, -0.1324) (-0.880044, 1.12552, -0.0549081) (-0.489018, 0.744512, -0.66838) (-0.992462, 0.442942, -0.492111) (-0.972871, 0.153902, -0.272508) (-0.192164, 0.417974, 0.106971) (-0.384081, 0.795713, 0.218822) (-0.787496, 0.562531, 0.268526) (-0.867821, 0.849024, -0.491095) (-0.805787, 0.134702, 0.0581111) (-0.461683, 0.254613, 0.20297) (-0.363776, 0.470203, 0.285071) 


# Original Graph 351 in [350, 375)
14 vertices
0 1
0 2
0 3
0 4
0 5
1 5
1 6
1 7
2 8
2 3
3 9
3 4
4 10
4 11
4 6
4 12
5 12
6 12
6 11
7 11
7 13
8 13
8 9
9 13
9 10
10 13

# Unit Distance Graph 351
14 vertices
0 4
0 11
0 7
0 13
0 10
1 3
1 4
1 10
1 9
2 4
2 6
2 11
3 7
3 11
3 6
4 8
4 13
4 7
5 9
5 10
5 13
6 9
6 8
8 12
9 12
12 13

# Embedding 351 (with cost 4.72751e-15)
(-0.948885, 0.228783, 0.651864) (-1.2193, 0.578027, 0.105481) (-0.757282, 0.458556, 0.71667) (-0.359222, 0.312018, 0.540804) (-0.347762, 0.15589, -0.143961) (-1.06058, 0.154954, 0.334427) (-0.945723, 0.404043, -0.2639) (-0.86579, 0.996151, 0.0160644) (-0.590346, 0.796829, 0.58429) (-0.278895, 0.776859, 0.38135) (-0.222037, 0.651771, 0.110779) (-0.865664, 0.621609, -0.263976) (-0.853345, 0.109907, -0.0931826) (-0.6554, 1.05422, 0.169663) 


# Original Graph 352 in [350, 375)
14 vertices
0 1
0 2
0 3
0 4
0 5
1 5
1 6
1 7
2 8
2 9
2 3
3 9
3 4
4 10
4 11
4 12
4 5
5 12
6 12
6 11
7 11
7 13
8 13
8 9
9 10
10 13

# Unit Distance Graph 352
14 vertices
0 4
0 11
0 7
0 13
0 10
1 3
1 4
1 10
1 9
2 4
2 12
2 6
2 11
3 7
3 11
3 6
4 8
4 13
4 7
5 8
5 9
5 10
5 13
6 9
8 12
9 12

# Embedding 352 (with cost 9.84653e-15)
(0.685845, 1.13793, 0.725154) (0.189204, 0.51496, 0.906604) (0.194633, 1.37999, 0.586947) (0.385141, 1.49243, 0.828153) (0.178652, 1.25509, 1.57899) (0.633348, 0.868248, 1.15511) (0.163403, 0.591513, 1.20121) (-0.19189, 0.676081, 0.85273) (-0.125108, 1.24912, 0.626257) (-0.0765853, 1.47227, 0.792955) (-0.200799, 1.41643, 1.09434) (-0.0135195, 0.700264, 1.29025) (0.350014, 0.772418, 1.36586) (-0.286478, 0.907673, 0.764765) 


# Original Graph 353 in [350, 375)
14 vertices
0 1
0 2
0 3
0 4
0 5
1 6
1 7
1 8
2 8
2 9
2 10
3 10
3 11
4 11
4 7
4 12
5 12
5 13
5 6
6 7
7 13
8 11
8 9
9 10
10 11
12 13

# Unit Distance Graph 353
14 vertices
0 1
0 8
0 11
0 4
0 7
1 4
1 11
1 3
2 4
2 12
2 13
2 7
3 7
3 6
4 8
5 8
5 9
5 10
5 11
6 11
6 10
7 10
8 12
9 13
9 12
10 13

# Embedding 353 (with cost 9.36171e-15)
(0.0549025, -0.286902, 0.357157) (-0.543957, 0.0785912, -0.355431) (0.0939533, 0.231833, 0.0363766) (-0.10431, 0.387325, 0.48801) (-0.726369, 0.285655, 0.60574) (-0.421007, -0.426739, 0.334747) (-0.661431, -0.222063, -0.0761364) (-0.859753, -0.0682889, 0.0171378) (-0.352096, 0.325325, -0.32073) (-0.0892136, 0.422448, -0.076098) (-0.0966182, 0.518069, 0.288816) (-0.459234, 0.555294, 0.519541) (-0.731004, -0.0581253, 0.521526) (-0.759724, -0.230354, 0.276414) 


# Original Graph 354 in [350, 375)
14 vertices
0 1
0 2
0 3
0 4
0 5
1 6
1 7
1 2
2 7
2 3
3 7
3 4
4 6
4 8
4 9
5 9
5 10
5 11
6 11
6 7
8 12
8 13
9 13
10 13
10 12
11 12

# Unit Distance Graph 354
14 vertices
0 4
0 8
0 12
0 11
0 6
1 4
1 9
1 13
1 8
2 8
2 13
2 10
2 12
3 5
3 11
3 12
3 10
4 6
4 11
4 5
5 6
5 7
6 9
7 10
7 13
7 9

# Embedding 354 (with cost 7.92602e-15)
(-0.335573, -0.908593, -0.99302) (-0.0823233, -0.373535, -0.576006) (-0.00204638, -0.538944, -0.826963) (-0.0347492, -0.127142, -1.15304) (-0.493603, -0.015519, -1.41426) (-0.654239, -0.884319, -0.945878) (-0.352764, -0.0846259, -0.426644) (-0.0299797, -0.159384, -0.654726) (-0.777685, -0.0387564, -1.21193) (-0.775657, -0.340746, -1.29588) (-0.979583, -0.344305, -0.907824) (-0.756447, -0.172898, -0.462345) (-0.913704, -0.156322, -0.677028) (-0.911178, -0.242979, -1.12002) 


# Original Graph 355 in [350, 375)
14 vertices
0 1
0 2
0 3
0 4
1 5
1 6
1 2
2 6
3 7
3 8
4 9
4 10
4 11
5 11
5 10
5 8
5 6
6 7
7 8
8 12
8 9
9 13
10 13
10 12
10 11
12 13

# Unit Distance Graph 355
14 vertices
0 5
0 8
0 12
0 10
1 8
1 9
1 13
1 12
2 10
2 12
2 13
3 5
3 10
3 11
4 5
4 6
4 7
4 8
5 9
5 8
6 10
6 13
6 9
7 11
7 10
8 11

# Embedding 355 (with cost 8.90472e-15)
(0.0791589, -1.30233, -0.957423) (-0.341946, -0.974325, -0.681357) (-0.222428, -1.17642, -0.621411) (0.357572, -1.11897, -0.245169) (0.288716, -1.12834, -1.09681) (-0.226354, -0.406589, -0.634447) (-0.195753, -0.980204, -0.234633) (0.170681, -1.00203, -0.111864) (0.500184, -0.892251, -0.148366) (0.649946, -0.872429, -0.757297) (0.251408, -0.324006, -0.842458) (0.0842387, -0.466417, -0.951892) (0.541817, -0.543086, -0.499713) (0.579609, -0.589207, -0.730551) 


# Original Graph 356 in [350, 375)
14 vertices
0 1
0 2
0 3
0 4
1 4
1 5
1 6
2 7
2 8
3 9
3 10
4 10
4 11
5 11
5 10
5 12
5 6
6 12
7 12
7 8
8 13
8 9
9 10
10 13
10 11
12 13

# Unit Distance Graph 356
14 vertices
0 5
0 12
0 13
0 10
1 8
1 9
1 10
1 13
2 5
2 10
2 11
3 5
3 6
3 12
4 7
4 8
4 13
4 12
5 9
5 8
6 10
6 9
7 11
7 10
8 11
10 12

# Embedding 356 (with cost 9.49653e-15)
(0.912407, 0.842725, -0.429611) (0.551247, 0.779892, -0.582811) (0.988285, 0.51297, -0.0162701) (1.26648, 0.384329, -0.476473) (0.677917, 0.597155, -0.841742) (0.335008, 0.047156, -0.613134) (0.321254, 0.237286, -0.185048) (0.707436, 0.20704, 0.0785507) (1.17064, 0.177369, -0.0795089) (1.29987, 0.151333, -0.371918) (1.02208, -0.0669166, -0.830266) (0.631036, 0.265239, -0.916827) (0.429478, 0.0610231, -0.0349952) (0.721286, -0.0864323, -0.113163) 


# Original Graph 357 in [350, 375)
14 vertices
0 1
0 2
0 3
0 4
0 5
0 6
1 6
1 7
2 8
2 3
3 9
4 9
4 10
4 11
4 6
4 5
5 6
6 11
6 7
7 11
7 12
8 12
8 13
9 10
10 13
12 13

# Unit Distance Graph 357
14 vertices
0 4
0 11
0 7
0 12
0 13
0 10
1 4
1 10
1 9
2 4
2 6
2 11
3 6
3 7
3 11
4 8
4 12
4 7
5 8
5 13
5 12
6 9
6 10
6 13
6 8
7 9

# Embedding 357 (with cost 8.35753e-15)
(1.16856, 0.782921, 0.570062) (0.665074, 0.901839, 0.513952) (0.973888, 0.471495, 1.0026) (1.15548, 0.473262, 0.863773) (0.751929, -0.0323019, 0.167777) (0.871318, 0.477875, 0.103873) (0.477794, 0.712891, 0.168559) (0.186299, 0.623132, 0.668246) (0.694647, 0.368687, 1.08207) (0.916134, -0.059333, 0.62848) (0.677553, -0.0668407, 0.761951) (0.495639, 0.151478, 0.184753) (0.29676, 0.44169, 0.921536) (0.532942, 0.12685, 0.976961) 


# Original Graph 358 in [350, 375)
14 vertices
0 1
0 2
0 3
0 4
0 5
1 6
1 2
2 7
2 3
3 7
3 8
3 9
3 10
3 4
4 10
4 5
5 11
6 12
6 7
7 8
8 12
9 13
9 10
10 11
11 13
12 13

# Unit Distance Graph 358
14 vertices
0 3
0 9
0 13
0 12
0 8
1 3
1 10
1 9
2 9
2 10
2 11
2 13
3 6
3 12
3 13
3 11
3 5
4 6
4 7
4 8
4 12
5 8
5 7
6 10
7 11
7 10

# Embedding 358 (with cost 9.58341e-15)
(-0.0678722, 0.617024, -0.43601) (0.192782, 0.339832, -0.485038) (0.324885, 0.407288, -0.257271) (0.767257, 1.086, -0.148578) (0.0393962, 1.06966, -0.510965) (-0.0139204, 0.899149, -0.744269) (0.629629, 0.298369, -0.749151) (0.781463, 0.411376, -0.384487) (0.924377, 0.606606, -0.559833) (0.685915, 1.13245, -0.843614) (0.429218, 1.27802, -0.737842) (0.344105, 1.01422, -1.05179) (0.75187, 0.573426, -1.00708) (0.643148, 0.828117, -1.10675) 


# Original Graph 359 in [350, 375)
14 vertices
0 1
0 2
0 3
0 4
0 5
0 6
1 6
1 7
1 8
2 8
2 9
2 3
3 10
4 10
4 11
5 11
5 9
5 12
6 12
6 13
7 13
7 8
8 13
9 10
10 11
12 13

# Unit Distance Graph 359
14 vertices
0 2
0 9
0 5
0 12
0 13
0 8
1 5
1 9
1 10
1 11
2 6
2 12
2 5
3 6
3 13
3 12
4 7
4 8
4 13
5 8
6 10
6 9
7 11
7 10
8 11
10 13

# Embedding 359 (with cost 6.66685e-15)
(-0.0686858, 0.242277, 0.958575) (0.177863, -0.294726, 1.21098) (-0.373301, -0.681383, 0.726064) (-0.431583, -0.164888, 0.584993) (-0.0854568, 0.12539, 0.443743) (0.394384, -0.269627, 0.235028) (0.44251, -0.215091, 1.06815) (0.149622, -0.622128, 1.065) (-0.155136, -0.753087, 0.916419) (-0.0936678, -0.478977, 0.266355) (-0.194559, -0.0597327, 0.313163) (0.0885316, -0.0535853, 0.244613) (0.537906, -0.372076, 0.453979) (0.403221, -0.635054, 0.871432) 


# Original Graph 360 in [350, 375)
14 vertices
0 1
0 2
0 3
0 4
0 5
1 6
1 7
1 8
1 2
2 9
3 10
3 4
4 8
5 11
5 12
5 13
6 13
6 12
6 7
7 12
8 11
8 10
8 9
9 10
11 12
12 13

# Unit Distance Graph 360
14 vertices
0 1
0 8
0 11
0 12
0 7
1 5
1 11
1 8
1 4
2 5
2 12
2 11
3 6
3 7
3 12
4 7
4 6
5 9
5 8
6 8
6 10
8 13
9 13
9 12
10 12
10 13

# Embedding 360 (with cost 9.70991e-15)
(-0.423062, 0.636931, 0.110474) (-0.693896, 0.436468, -0.831048) (-0.674658, 0.650613, -0.769634) (-0.196303, 0.892264, -0.163577) (-0.255453, 0.760621, 0.00721918) (-0.302666, 0.259083, 0.0719875) (-0.577048, 0.15292, -0.718918) (-0.342262, 0.0646831, -0.705617) (0.245092, 0.715128, -0.629428) (-0.209432, 0.93597, -0.658171) (-0.0398997, 0.971846, -0.516849) (0.269682, 0.391064, -0.567504) (0.0096341, -0.0267786, -0.49966) (-0.358421, 0.122465, -0.0960214) 


# Original Graph 361 in [350, 375)
14 vertices
0 1
0 2
0 3
0 4
1 5
1 6
1 7
2 8
2 9
3 10
3 11
4 11
4 8
4 12
4 5
5 12
6 12
6 13
7 13
7 12
7 8
8 9
9 11
9 10
10 11
12 13

# Unit Distance Graph 361
14 vertices
0 4
0 12
0 7
0 8
1 4
1 8
1 9
1 11
2 4
2 5
2 12
3 7
3 12
3 13
4 8
4 7
5 9
5 8
6 9
6 10
6 11
7 11
9 12
10 13
10 12
11 13

# Embedding 361 (with cost 9.36982e-15)
(0.0152904, 0.0624082, 0.525808) (0.171729, 0.130785, 0.257744) (-0.547537, 0.0515879, 0.290881) (-0.353275, -0.331916, 0.544718) (-0.0992223, -0.808761, 0.0483662) (0.135753, -0.551975, -0.120004) (0.17069, 0.0270864, -0.0893903) (-0.40406, 0.0409814, -0.381764) (-0.731824, -0.0547456, -0.128481) (-0.760399, -0.222212, 0.176927) (-0.586405, -0.408361, 0.397634) (-0.412625, -0.678878, 0.312304) (0.0640435, -0.395587, -0.361809) (-0.0552607, -0.0322085, -0.361573) 


# Original Graph 362 in [350, 375)
14 vertices
0 1
0 2
0 3
0 4
0 5
0 6
1 6
1 7
1 2
2 8
2 9
3 9
3 5
3 10
4 10
4 5
5 10
5 11
6 11
6 12
7 12
7 13
8 13
8 12
9 11
12 13

# Unit Distance Graph 362
14 vertices
0 2
0 9
0 11
0 6
0 12
0 8
1 3
1 5
1 11
1 9
2 6
2 11
2 5
3 7
3 12
3 6
4 8
4 12
4 13
5 8
5 13
5 7
6 9
7 10
10 13
10 12

# Embedding 362 (with cost 8.87552e-15)
(0.255071, -0.221771, 0.812037) (0.491875, -0.545694, 0.966282) (1.16142, -0.401778, 0.429766) (0.950083, 0.157778, 0.422985) (0.431299, 0.132054, 0.750992) (0.855474, 0.38586, 0.964579) (1.06958, -0.105214, 1.38035) (0.870843, -0.609519, 1.05936) (1.20215, -0.496159, 0.645421) (1.14442, -0.0606034, 0.384156) (0.684386, 0.276115, 0.634055) (1.0555, 0.252621, 1.17846) (1.13969, -0.359436, 1.25757) (1.11155, -0.579986, 0.924962) 


# Original Graph 363 in [350, 375)
14 vertices
0 1
0 2
0 3
0 4
0 5
1 6
1 7
2 8
2 3
3 9
3 10
4 10
4 11
4 12
4 5
5 12
5 13
5 6
6 13
7 13
7 12
7 8
8 11
9 11
9 10
10 11

# Unit Distance Graph 363
14 vertices
0 4
0 12
0 7
0 8
0 11
1 4
1 11
1 10
2 4
2 5
2 12
3 5
3 13
3 7
3 12
4 8
4 7
5 9
5 11
5 8
6 9
6 10
6 11
7 10
9 13
10 13

# Embedding 363 (with cost 9.16538e-15)
(-1.3148, -0.153633, -0.0967249) (-1.14603, 0.0175893, 0.362716) (-1.20595, -0.535058, 0.234205) (-1.15151, -0.506064, -0.172979) (-0.320236, -0.251161, -0.133106) (-0.551778, 0.218302, 0.167045) (-0.901251, 0.133489, 0.404457) (-0.797462, -0.317941, 0.743133) (-0.82997, -0.613633, 0.64714) (-0.757155, -0.728086, -0.0822917) (-0.600691, -0.610148, -0.19276) (-0.579783, -0.781279, 0.159799) (-0.365993, 0.00453979, 0.176662) (-0.735337, 0.047903, 0.548077) 


# Original Graph 364 in [350, 375)
14 vertices
0 1
0 2
0 3
0 4
0 5
1 6
1 7
1 8
2 8
2 9
3 9
3 10
3 7
3 11
4 11
4 12
4 5
5 13
6 13
6 12
6 11
7 10
8 10
9 10
11 12
12 13

# Unit Distance Graph 364
14 vertices
0 1
0 7
0 3
0 11
0 6
1 4
1 11
1 3
2 6
2 11
2 12
3 6
3 13
3 5
4 8
4 10
4 7
5 7
5 10
6 9
8 12
8 11
9 12
9 13
10 13
10 12

# Embedding 364 (with cost 9.80892e-15)
(0.237962, -0.420644, 0.364908) (0.991591, -1.07671, 0.324559) (0.461664, -0.590586, -0.132247) (1.1188, -0.147163, -0.0215171) (0.60292, -0.200763, 0.610323) (0.37241, -0.451059, 0.570549) (1.06368, -0.939628, 0.585904) (1.06924, -0.755136, -0.0790342) (0.717633, -0.803874, -0.179043) (0.809664, -0.420522, -0.230186) (0.942975, -0.614168, -0.234343) (1.18359, -0.0956765, 0.351372) (0.906627, -0.51779, 0.760338) (0.708704, -0.653545, 0.737031) 


# Original Graph 365 in [350, 375)
14 vertices
0 1
0 2
0 3
0 4
0 5
1 6
1 4
1 7
1 2
2 7
2 3
3 8
4 8
4 7
4 9
5 10
5 11
6 11
6 12
6 13
7 8
9 13
9 10
10 12
11 12
12 13

# Unit Distance Graph 365
14 vertices
0 1
0 4
0 9
0 13
0 6
1 5
1 10
1 9
1 4
2 9
2 10
2 12
2 13
3 6
3 13
3 12
4 6
4 11
4 5
5 7
6 8
7 11
7 12
7 10
8 12
8 11

# Embedding 365 (with cost 8.97895e-15)
(0.684843, -0.242615, -0.696011) (-0.260665, -0.351461, -0.389143) (0.105645, -0.431673, -0.838061) (0.513333, -0.448591, -0.824968) (0.378877, -1.11706, -0.319537) (0.713901, -0.177588, -0.247754) (-0.0527071, -0.265779, -0.0211159) (0.0300706, -0.715382, -0.740861) (0.357519, -0.934896, -0.640791) (0.441667, -0.99381, -0.0823559) (0.655384, -0.460664, -0.00322799) (0.420928, -0.170836, 0.00123076) (0.283604, -0.312972, 0.138791) (0.270836, -0.628737, 0.128312) 


# Original Graph 366 in [350, 375)
14 vertices
0 1
0 2
0 3
0 4
1 4
1 5
1 6
2 7
2 8
3 9
3 5
3 4
5 10
6 10
6 9
6 11
6 7
7 12
7 8
8 12
8 9
9 13
9 10
11 13
11 12
12 13

# Unit Distance Graph 366
14 vertices
0 6
0 11
0 13
0 9
1 8
1 9
1 13
1 12
2 6
2 9
2 10
3 6
3 7
3 12
3 11
4 11
4 12
4 13
5 7
5 8
5 12
6 9
6 8
7 10
7 9
8 10

# Embedding 366 (with cost 9.72551e-15)
(0.391945, 0.503115, -0.368411) (0.870805, 0.955773, -0.168033) (0.503982, 0.316604, -0.528221) (0.383389, 1.09127, -0.745838) (0.521521, 0.89229, -0.280562) (0.723347, 1.17796, -0.468986) (1.3084, 0.900244, -0.417409) (0.880967, 0.224115, -0.724587) (0.681823, 0.258137, -0.859112) (0.635862, 1.10549, -1.12844) (0.887699, 1.22381, -0.70069) (1.22315, 0.576829, -0.919467) (1.03399, 0.361355, -0.955459) (1.02731, 0.686943, -1.11842) 


# Original Graph 367 in [350, 375)
14 vertices
0 1
0 2
0 3
0 4
1 5
1 6
1 2
2 6
2 7
3 7
3 8
3 4
4 9
5 10
5 6
6 11
6 7
7 11
7 12
7 8
8 13
9 13
9 10
10 12
10 11
12 13

# Unit Distance Graph 367
14 vertices
0 7
0 12
0 10
0 11
1 7
1 8
1 13
1 12
2 9
2 10
2 12
2 13
3 5
3 6
3 11
3 10
4 6
4 7
4 11
5 8
5 7
6 9
6 13
6 8
7 10
7 9

# Embedding 367 (with cost 7.37042e-15)
(-0.0915249, 0.204937, 1.38237) (0.0563037, -0.207897, 0.954836) (-0.370524, -0.165171, 0.895509) (-0.272537, 0.532155, 1.28497) (0.0259775, 0.462936, 1.30581) (0.278652, 0.023245, 0.623758) (-0.229532, -0.176028, 0.580252) (-0.651435, 0.387216, 0.574118) (-0.321991, 0.715175, 1.02433) (0.243457, 0.622006, 0.953647) (0.345994, 0.41487, 0.508013) (-0.151146, 0.104498, 0.389217) (-0.0120043, 0.684286, 0.508358) (-0.0458346, 0.777543, 0.818912) 


# Original Graph 368 in [350, 375)
14 vertices
0 1
0 2
0 3
0 4
1 5
1 6
1 7
2 8
2 9
3 10
3 11
4 11
4 5
5 11
5 6
6 11
6 12
6 7
7 12
8 12
8 13
9 13
9 10
10 11
11 13
12 13

# Unit Distance Graph 368
14 vertices
0 6
0 12
0 13
0 11
1 9
1 10
1 11
1 13
2 5
2 6
2 11
3 6
3 7
3 12
4 8
4 13
4 12
5 9
5 13
5 8
6 10
6 9
7 11
7 10
8 11
11 12

# Embedding 368 (with cost 7.37568e-15)
(0.0719767, 0.106005, -0.619968) (0.465597, 0.415015, -0.553951) (0.182474, 0.079276, -1.31024) (0.371469, -0.386376, -0.7616) (0.570292, -0.0360343, -0.476152) (0.753985, 0.153162, -0.492976) (1.00925, 0.38033, -0.835049) (0.724519, 0.509868, -1.03012) (0.431852, 0.197313, -1.43864) (0.361675, -0.181574, -1.34974) (0.512933, -0.467457, -1.02193) (0.872335, -0.457541, -0.824522) (0.651424, 0.326505, -1.40458) (0.58977, 0.0409336, -1.473) 


# Original Graph 369 in [350, 375)
14 vertices
0 1
0 2
0 3
0 4
1 5
1 6
1 7
2 8
2 9
3 9
3 10
4 10
4 11
5 12
5 13
5 6
6 9
6 7
7 9
7 8
8 9
9 13
10 13
11 13
11 12
12 13

# Unit Distance Graph 369
14 vertices
0 5
0 6
0 9
0 13
1 3
1 10
1 13
1 9
2 5
2 13
2 12
3 6
3 5
4 6
4 7
4 9
5 9
6 10
7 11
7 13
7 10
8 11
8 12
8 13
9 12
9 11

# Embedding 369 (with cost 7.92362e-15)
(1.60242, 0.855804, -0.268389) (1.03756, 0.775061, 0.284645) (1.61829, 0.538653, -0.119494) (1.40416, 0.387206, -0.561035) (1.19103, 0.875335, -0.585104) (0.643428, 0.734074, -0.0124297) (0.846286, 0.4755, 0.264181) (1.12699, 0.431337, 0.308632) (1.48782, 0.360369, 0.0556774) (1.20607, -0.0617361, -0.236291) (1.15604, 0.553998, -0.683392) (0.8577, 0.811873, -0.576058) (0.67541, 0.77802, -0.351206) (0.756633, 0.454512, -0.619969) 


# Original Graph 370 in [350, 375)
14 vertices
0 1
0 2
0 3
0 4
0 5
1 6
1 7
1 2
2 7
2 8
3 8
3 9
4 9
4 10
5 10
5 11
5 12
6 12
6 11
6 7
7 9
8 9
9 13
10 13
11 13
11 12

# Unit Distance Graph 370
14 vertices
0 6
0 7
0 9
0 13
0 11
1 4
1 10
1 13
1 9
2 5
2 11
2 13
2 10
3 6
3 11
3 12
4 7
4 6
5 8
5 9
5 7
6 9
7 10
8 12
8 11
9 12

# Embedding 370 (with cost 9.68669e-15)
(0.350441, -0.407288, 0.717384) (-0.347867, -0.889131, 0.76785) (-0.362178, -0.613629, 1.06304) (-0.0225414, -0.212122, 0.984286) (0.142774, -0.0442525, 0.554656) (0.174291, -0.408254, 0.244495) (-0.477077, -0.788164, 0.304893) (-0.61721, -0.642337, 0.809058) (-0.361679, -0.304925, 1.08238) (-0.511361, 0.097413, 0.768119) (0.0619771, -0.0935333, 0.321698) (-0.427276, -0.397529, 0.0888446) (-0.33452, -0.669961, 0.151787) (-0.453186, -0.0413681, 0.248037) 


# Original Graph 371 in [350, 375)
14 vertices
0 1
0 2
0 3
0 4
0 5
1 6
1 7
1 8
2 9
2 10
3 10
3 4
4 11
4 5
5 11
5 12
6 12
6 11
6 7
7 13
8 13
8 9
9 10
10 13
10 11
11 12

# Unit Distance Graph 371
14 vertices
0 6
0 7
0 13
0 10
0 11
1 3
1 4
1 11
1 10
2 6
2 11
2 12
3 7
3 6
4 8
4 13
4 7
5 8
5 9
5 10
5 13
6 10
8 11
9 12
9 11
10 12

# Embedding 371 (with cost 9.91202e-15)
(-0.072295, 0.710292, -0.488894) (0.242056, 0.329473, 0.104255) (-0.199424, 0.971599, 0.0407403) (-0.588, 0.818527, -0.163763) (-0.634228, 0.492583, -0.349091) (-0.51243, 0.242301, -0.380626) (-0.167686, -0.01649, 0.191318) (-0.00440708, 0.210666, 0.374683) (0.07675, 0.594137, 0.346752) (-0.210172, 0.926942, 0.282628) (-0.536801, 0.894075, 0.377396) (-0.729807, 0.125591, -0.0137075) (-0.383418, -0.00924628, -0.0232092) (-0.0870361, 0.496647, 0.487906) 


# Original Graph 372 in [350, 375)
14 vertices
0 1
0 2
0 3
0 4
0 5
1 6
1 7
2 8
2 9
3 9
3 10
3 11
4 11
4 5
5 11
5 12
5 6
6 12
7 12
7 13
7 8
8 13
9 10
10 13
10 11
11 12

# Unit Distance Graph 372
14 vertices
0 7
0 13
0 10
0 11
0 12
1 3
1 11
1 10
2 5
2 12
2 11
3 7
3 12
3 6
4 7
4 8
4 13
5 9
5 10
5 13
5 8
6 10
6 9
7 11
8 11
9 12

# Embedding 372 (with cost 5.48852e-15)
(-1.00032, 0.286373, 0.297852) (-0.452615, 0.159442, -0.0901908) (-0.688236, -0.163681, 0.550128) (-1.16595, -0.446942, 0.261158) (-1.13977, 0.123854, -0.126428) (-0.932489, 0.127824, -0.374732) (-0.576223, 0.0968108, -0.33596) (-0.223106, -0.259829, -0.0145728) (-0.35654, -0.319327, 0.309621) (-0.889703, -0.433265, 0.451917) (-0.883763, -0.700239, 0.183781) (-1.1548, -0.53362, -0.253278) (-0.49683, -0.177149, -0.431291) (-0.492423, -0.568544, 0.192201) 


# Original Graph 373 in [350, 375)
14 vertices
0 1
0 2
0 3
0 4
1 4
1 5
1 6
2 7
2 8
3 9
3 10
4 10
4 11
4 5
5 11
6 11
6 7
7 11
7 12
8 13
8 9
9 13
9 10
10 12
10 11
12 13

# Unit Distance Graph 373
14 vertices
0 7
0 12
0 10
0 11
1 9
1 10
1 12
1 13
2 4
2 11
2 10
3 6
3 7
3 11
4 8
4 13
4 12
4 7
5 8
5 9
5 13
6 10
6 9
7 10
8 11
9 11

# Embedding 373 (with cost 7.8862e-15)
(0.830023, 0.358276, -0.655541) (0.484894, 0.40256, -0.46101) (1.2016, 0.767592, -0.383024) (1.17732, 0.187786, -0.378236) (0.530682, 0.0605509, -0.159504) (0.405435, 0.303761, -0.14735) (0.591186, 0.866494, 0.0642554) (0.824518, 0.969655, 0.135777) (1.34419, 0.637352, -0.233673) (1.40303, 0.300266, -0.078185) (1.06513, 0.0058088, 0.250269) (0.490863, 0.512332, 0.272487) (1.13656, 0.768532, 0.203368) (1.34026, 0.623266, 0.00765343) 


# Original Graph 374 in [350, 375)
14 vertices
0 1
0 2
0 3
0 4
1 5
1 6
1 7
2 7
2 8
2 9
3 9
3 10
4 11
4 12
5 12
5 13
5 6
6 9
6 8
6 7
8 9
9 13
10 13
10 11
11 13
11 12

# Unit Distance Graph 374
14 vertices
0 5
0 6
0 9
0 13
1 3
1 10
1 13
1 9
2 5
2 13
2 11
2 12
3 6
3 5
4 6
4 8
4 9
5 9
6 11
6 10
7 10
7 11
7 13
8 12
8 11
9 12

# Embedding 374 (with cost 8.0711e-15)
(-0.565629, -0.420955, -0.0637803) (-0.485831, -0.658814, 0.541947) (-0.167035, -0.322051, 0.318984) (-0.674213, 0.188073, 0.0446593) (-1.03122, -0.279714, 0.173346) (-1.0351, -0.337315, 0.815196) (-0.335481, -0.225829, 0.889612) (-0.256551, -0.485074, 0.510466) (-0.181849, -0.0370513, 0.642041) (-0.33691, 0.329938, 0.555773) (-0.964885, 0.154614, 0.212033) (-1.1236, -0.0308365, 0.305795) (-1.14803, -0.252275, 0.500027) (-0.961376, 0.219301, 0.594594) 
