

# Original Graph 150 in [150, 175)
14 vertices
0 1
0 2
0 3
0 4
0 5
0 6
1 7
1 8
1 4
1 3
1 2
2 3
3 4
4 8
4 9
4 5
5 6
6 10
7 11
7 8
9 12
9 13
10 13
10 11
11 12
12 13

# Unit Distance Graph 150
14 vertices
0 4
0 9
0 12
0 11
0 7
0 8
1 4
1 5
1 6
1 10
1 13
1 9
2 9
2 13
2 12
3 10
3 11
3 12
3 13
4 7
4 11
4 10
4 6
5 8
5 7
6 8

# Embedding 150 (with cost 9.7351e-15)
(0.227175, 0.0133783, 0.607357) (0.245378, -0.678819, 0.0274355) (0.368121, -0.274076, 0.483657) (0.544937, -0.355458, 0.271365) (0.53423, 0.211962, -0.323385) (0.223791, 0.261892, 0.365957) (-0.15155, 0.158907, 0.402487) (-0.150341, -0.499296, -0.163776) (0.185591, -0.548312, -0.218945) (0.253709, 0.240425, -0.366165) (-0.325783, 0.127738, 0.179889) (-0.343842, -0.242246, -0.172768) (-0.210424, -0.019403, -0.291215) (-0.0674964, 0.224605, -0.265712) 


# Original Graph 151 in [150, 175)
14 vertices
0 1
0 2
0 3
0 4
0 5
1 6
1 7
1 8
1 9
2 9
2 3
3 9
3 8
4 8
4 5
5 10
6 10
6 11
6 7
7 8
8 12
10 12
10 13
11 13
11 12
12 13

# Unit Distance Graph 151
14 vertices
0 6
0 7
0 8
0 12
0 11
1 4
1 5
1 10
1 12
1 8
2 11
2 12
2 13
3 6
3 11
3 13
3 10
4 7
4 6
5 8
5 7
6 8
8 10
9 10
9 13
9 12

# Embedding 151 (with cost 9.15938e-15)
(-0.244612, -0.619981, -0.0263646) (0.595556, -0.751486, -0.254863) (-0.0971066, -0.709466, -0.28198) (-0.0805821, -0.499707, -0.516708) (-0.255657, -0.283309, -0.0176973) (-0.132262, -0.311228, 0.270926) (0.731565, -0.421591, 0.0614913) (0.703546, -0.414018, -0.268387) (0.174148, 0.0903398, -0.592124) (0.287009, -0.782616, -0.358407) (0.145142, -0.12727, 0.383481) (0.60335, -0.104342, 0.0964171) (0.302505, 0.202014, -0.184438) (0.349518, 0.0396635, 0.207235) 


# Original Graph 152 in [150, 175)
14 vertices
0 1
0 2
0 3
0 4
0 5
0 6
1 6
1 7
1 8
2 9
2 3
3 9
3 4
4 10
4 11
4 7
4 5
5 6
7 11
8 11
8 12
9 12
9 13
9 10
10 13
12 13

# Unit Distance Graph 152
14 vertices
0 4
0 11
0 8
0 12
0 13
0 10
1 3
1 4
1 10
1 9
2 4
2 7
2 11
3 8
3 11
3 7
4 9
4 12
4 8
5 9
5 13
5 12
6 9
6 10
6 13
7 9

# Embedding 152 (with cost 9.6763e-15)
(-0.40519, 0.691319, 0.285198) (-0.249168, 0.152009, -0.0485037) (-0.559146, 0.565855, 0.547858) (-0.532961, 0.443895, 0.864877) (0.369465, 0.243612, 0.731818) (-0.0159777, 0.579168, 0.25921) (-0.233384, 0.473264, 0.0492121) (0.308693, 0.0750815, 0.470422) (-0.307717, -0.302849, 0.239067) (-0.602249, 0.0619759, 0.882747) (-0.00462683, 0.0235365, 0.912586) (0.122784, -0.150271, 0.399082) (-0.457219, -0.278703, 0.52258) (-0.407025, -0.168009, 0.796619) 


# Original Graph 153 in [150, 175)
14 vertices
0 1
0 2
0 3
0 4
0 5
0 6
1 6
1 7
1 8
1 9
2 10
2 11
2 12
3 12
3 4
4 12
4 5
5 11
5 7
5 6
7 13
7 8
8 13
9 13
9 10
10 11

# Unit Distance Graph 153
14 vertices
0 5
0 7
0 13
0 9
0 10
0 11
1 2
1 12
1 4
1 5
1 11
2 7
2 5
2 6
3 7
3 8
3 13
4 9
4 13
4 8
5 10
5 9
6 11
6 10
7 12
8 12

# Embedding 153 (with cost 7.367e-15)
(0.440732, -0.186402, -0.152896) (-0.00569818, 0.309993, -0.310457) (-0.243278, -0.432441, 0.315919) (0.210545, -0.550781, -0.034301) (0.0759507, -0.684499, -0.244748) (-0.325241, -0.566007, -0.671726) (0.166306, -0.0662141, -0.519616) (-0.451801, -0.0350329, -0.577717) (-0.317731, 0.22475, -0.379953) (-0.497484, 0.0659423, 0.083901) (-0.480872, -0.174153, 0.235043) (-0.478413, -0.444668, 0.144545) (-0.0466376, -0.5692, 0.164245) (-0.50849, 0.1254, -0.194823) 


# Original Graph 154 in [150, 175)
14 vertices
0 1
0 2
0 3
0 4
0 5
1 5
1 4
1 6
1 7
2 8
2 3
3 9
4 9
4 10
4 11
4 6
4 5
6 11
6 7
7 11
7 12
8 13
8 9
10 13
10 12
12 13

# Unit Distance Graph 154
14 vertices
0 4
0 11
0 7
0 12
0 10
1 4
1 10
1 13
1 8
1 9
2 4
2 6
2 11
3 6
3 7
3 11
4 8
4 13
4 12
4 7
5 10
5 12
5 13
6 9
6 8
7 9

# Embedding 154 (with cost 9.8612e-15)
(0.704144, -0.591376, -0.335443) (1.01265, -0.208344, -0.0751621) (0.240815, -0.575677, -0.120547) (0.415433, -0.582792, -0.346123) (0.32879, 0.296327, -0.602076) (0.856856, -0.341845, -0.373345) (0.785177, 0.235065, 0.0947833) (0.554953, 0.116242, 0.355222) (0.0425394, -0.430668, 0.0220551) (0.0921014, -0.218317, -0.465655) (0.0590295, 0.0425879, 0.0910739) (0.578046, 0.364367, -0.069635) (0.231473, -0.0251627, 0.339823) (0.0543111, -0.218185, 0.21029) 


# Original Graph 155 in [150, 175)
14 vertices
0 1
0 2
0 3
0 4
0 5
1 5
1 6
1 7
1 8
2 9
2 3
3 9
3 6
4 6
4 5
6 10
6 11
6 7
7 11
8 11
8 12
8 13
9 13
10 13
10 12
12 13

# Unit Distance Graph 155
14 vertices
0 6
0 11
0 8
0 12
0 10
1 3
1 6
1 10
1 13
1 9
2 6
2 7
2 11
3 8
3 11
3 7
4 8
4 13
4 12
5 10
5 12
5 13
6 9
6 13
6 8
7 9

# Embedding 155 (with cost 9.14443e-15)
(-0.255236, 0.0210708, -0.406493) (0.162261, -0.16485, 0.12973) (-0.658936, -0.0382576, -0.287986) (-0.676846, 0.254421, -0.216841) (-0.139079, 0.406125, -0.127504) (-0.0115017, 0.0910374, -0.236863) (-0.350293, 0.664171, 0.353366) (0.0665553, -0.00543439, 0.399462) (-0.341059, -0.320139, 0.529568) (-0.821407, -0.122691, -0.0452551) (-0.71629, 0.172519, 0.46786) (-0.174609, -0.065651, 0.586472) (-0.624953, -0.208597, 0.493819) (-0.828863, -0.208389, 0.25534) 


# Original Graph 156 in [150, 175)
14 vertices
0 1
0 2
0 3
0 4
0 5
0 6
1 7
1 8
2 9
2 3
3 4
4 5
5 10
6 10
6 9
6 11
6 7
7 11
7 12
7 13
7 8
8 13
8 9
9 10
11 12
12 13

# Unit Distance Graph 156
14 vertices
0 6
0 11
0 12
0 13
0 8
0 9
1 6
1 9
1 10
2 6
2 7
2 11
3 7
3 12
3 11
4 7
4 13
4 12
5 7
5 8
5 13
6 9
6 8
7 10
7 9
8 10

# Embedding 156 (with cost 9.33835e-15)
(0.0856849, -0.761418, -0.15707) (-0.266558, -0.599756, -0.19388) (0.305377, -0.427814, -0.705518) (0.321194, -0.607563, -0.464333) (0.386217, -0.570336, -0.171219) (0.483614, -0.2731, -0.0199238) (0.282278, 0.189825, 0.0806047) (-0.478942, -0.0696101, -0.199027) (-0.0442281, -0.0391985, -0.836424) (0.254033, -0.0902098, -0.87897) (0.496762, 0.015591, 0.00281778) (0.000201244, 0.224225, -0.0114622) (-0.292504, 0.157491, -0.269228) (-0.249472, 0.0645534, -0.610327) 


# Original Graph 157 in [150, 175)
14 vertices
0 1
0 2
0 3
0 4
0 5
0 6
0 7
1 7
1 8
2 9
2 10
3 10
3 9
3 8
3 4
4 5
5 11
5 12
5 6
6 13
7 11
8 9
9 10
11 13
11 12
12 13

# Unit Distance Graph 157
14 vertices
0 1
0 8
0 3
0 4
0 5
0 11
0 7
1 5
1 4
2 5
2 12
2 11
3 7
3 11
3 13
3 6
4 7
5 9
5 8
6 8
6 9
9 13
9 12
10 11
10 12
10 13

# Embedding 157 (with cost 9.92993e-15)
(-0.696169, -0.140415, -0.00734378) (0.231558, -0.430403, 0.227665) (-0.462039, -0.0987637, -0.186744) (0.125943, 0.421549, -0.0985947) (0.0191509, 0.542788, 0.139454) (-0.137312, 0.419208, 0.604621) (-0.567593, -0.0380305, 0.456198) (0.135327, -0.3862, 0.490857) (0.297787, -0.249795, 0.00202308) (0.184117, -0.0765444, -0.202171) (0.0319924, 0.156275, -0.25589) (0.0293576, -0.200754, 0.6782) (-0.123664, 0.109931, 0.730834) (-0.341591, -0.0515457, 0.648127) 


# Original Graph 158 in [150, 175)
14 vertices
0 1
0 2
0 3
0 4
1 5
1 3
1 6
2 7
2 8
3 8
3 5
3 9
3 4
4 10
5 11
6 8
6 7
7 8
9 11
9 12
9 13
9 10
10 13
10 11
11 12
12 13

# Unit Distance Graph 158
14 vertices
0 3
0 9
0 11
0 5
1 3
1 4
1 10
1 9
2 9
2 12
2 11
3 5
3 11
3 10
3 4
4 5
6 9
6 10
6 13
7 9
7 13
7 12
8 10
8 11
8 12
8 13

# Embedding 158 (with cost 9.11551e-15)
(-0.00656742, -0.273955, 0.281213) (-0.359629, 0.384157, -0.238224) (-0.276304, -0.266034, 0.162711) (-0.780945, 0.235511, 0.656426) (0.147962, -0.0905212, 0.480825) (-0.252531, 0.616162, -0.102444) (-0.483802, 0.13255, -0.153642) (-0.48699, -0.121351, 0.0124946) (-0.687985, -0.0715767, 0.222475) (-0.34937, 0.54045, 0.749434) (0.213706, 0.198834, 0.559863) (-0.0741146, 0.712904, 0.134423) (-0.0509643, 0.664737, 0.450613) (0.0694379, 0.4486, 0.617097) 


# Original Graph 159 in [150, 175)
14 vertices
0 1
0 2
0 3
0 4
0 5
1 6
1 7
2 8
2 3
3 9
3 10
3 7
3 4
4 6
4 11
4 12
4 5
5 13
6 11
7 10
8 10
8 9
9 10
11 13
11 12
12 13

# Unit Distance Graph 159
14 vertices
0 1
0 7
0 3
0 4
0 6
1 4
1 3
2 4
2 11
2 6
3 6
3 11
3 13
3 5
4 8
4 10
4 7
5 7
5 10
8 12
8 11
9 11
9 12
9 13
10 13
10 12

# Embedding 159 (with cost 9.82921e-15)
(0.204807, -0.0347435, 0.407955) (0.703939, -0.870563, 0.636587) (-0.0129824, -0.396246, 0.313548) (0.215596, -0.801944, -0.233362) (0.792225, -0.468974, -0.274968) (0.478383, -0.0175716, 0.328513) (0.911402, -0.738471, 0.482057) (0.439199, -1.00314, 0.49317) (-0.00238761, -0.679452, 0.294496) (0.0796293, -0.861502, 0.0936592) (0.196957, -0.976964, 0.347609) (0.981033, -0.503047, 0.336522) (0.914787, -0.313235, 0.137412) (0.735157, -0.135424, 0.301247) 


# Original Graph 160 in [150, 175)
14 vertices
0 1
0 2
0 3
0 4
0 5
1 6
1 7
1 2
2 7
2 8
2 9
2 3
3 10
3 11
3 12
3 4
4 12
5 10
5 9
6 8
6 7
8 9
10 13
11 13
11 12
12 13

# Unit Distance Graph 160
14 vertices
0 2
0 3
0 10
0 5
0 9
1 3
1 11
1 13
1 10
2 5
2 10
2 13
2 12
2 4
3 6
3 8
3 9
3 5
4 9
4 8
6 12
6 11
7 11
7 12
7 13
8 12

# WARNING!!: failed to find good embedding for graph 160!!!


# Original Graph 161 in [150, 175)
14 vertices
0 1
0 2
0 3
0 4
0 5
1 6
1 7
2 8
2 3
3 8
3 9
3 7
3 4
4 6
4 10
4 11
4 12
5 12
5 11
6 10
7 9
7 13
8 13
9 13
10 11
11 12

# Unit Distance Graph 161
14 vertices
0 1
0 7
0 3
0 4
0 6
1 4
1 3
2 4
2 10
2 6
3 6
3 10
3 11
3 5
4 8
4 13
4 7
5 7
5 9
7 12
8 11
8 10
9 11
9 12
11 13
12 13

# Embedding 161 (with cost 9.53685e-15)
(0.39263, 0.724241, -0.250441) (0.248282, -0.0592471, -0.854849) (0.635615, 0.51825, -0.228365) (0.539918, -0.204184, 0.0906352) (-0.106631, -0.0767727, 0.0798856) (0.121457, 0.642807, -0.237229) (-0.014218, -0.0543625, -0.728197) (0.484675, -0.152225, -0.723024) (0.765847, 0.213048, -0.313543) (0.646285, -0.207669, -0.272512) (-0.196937, 0.0558551, -0.533403) (-0.232515, 0.265103, -0.337284) (-0.0934131, 0.459254, -0.18274) (0.698775, -0.0543158, -0.512412) 


# Original Graph 162 in [150, 175)
14 vertices
0 1
0 2
0 3
0 4
0 5
1 6
1 7
1 8
2 9
2 10
2 3
3 10
4 10
4 7
4 11
4 12
4 5
5 12
6 11
6 7
8 10
8 13
9 13
9 10
10 13
11 12

# Unit Distance Graph 162
14 vertices
0 1
0 8
0 10
0 4
0 7
1 4
1 10
1 3
2 4
2 11
2 6
2 7
3 7
3 6
4 9
4 13
4 8
5 8
5 13
5 10
6 10
9 12
9 11
10 11
10 12
12 13

# Embedding 162 (with cost 8.43587e-15)
(0.671581, -0.261947, 0.176408) (-0.316479, -0.146311, 0.0745938) (0.498752, 0.266705, 0.147035) (0.660129, 0.0645245, 0.0323395) (0.272456, -0.149598, -0.73358) (0.538785, -0.494768, 0.0804162) (-0.215478, -0.417336, -0.00116461) (-0.231474, -0.287607, -0.252352) (-0.244093, 0.127397, 0.0766372) (0.238718, 0.374618, 0.117337) (0.297666, 0.12481, -0.666567) (0.00980598, -0.588058, -0.0270706) (0.293923, -0.617361, 0.00363233) (-0.0386517, 0.321589, 0.0917658) 


# Original Graph 163 in [150, 175)
14 vertices
0 1
0 2
0 3
0 4
0 5
1 6
1 7
1 8
1 9
2 10
2 11
3 7
3 4
4 5
5 12
6 12
6 7
7 12
7 11
8 13
8 9
9 13
9 11
9 10
10 11
11 13

# Unit Distance Graph 163
14 vertices
0 1
0 8
0 13
0 11
0 7
1 3
1 7
1 11
1 2
2 7
2 6
3 9
3 8
4 8
4 9
4 13
5 9
5 11
5 13
6 11
6 10
7 10
7 9
9 12
10 12
11 12

# Embedding 163 (with cost 9.64477e-15)
(-0.513442, 0.828506, -0.533459) (-0.374855, 0.369398, 0.344045) (-0.29442, 0.653449, -0.611384) (-0.891336, 0.397769, -0.511783) (-0.769262, 0.686149, -0.48388) (-0.89541, 0.602301, -0.244971) (-0.808294, 0.344594, 0.188955) (-0.957321, -0.0491715, -0.352757) (-0.201615, 0.209529, 0.187396) (-0.011495, 0.15705, -0.101985) (-0.111759, 0.457982, -0.519552) (-0.285398, -0.144836, -0.508927) (-0.981197, 0.390536, -0.0301353) (-0.139364, -0.0522141, -0.242946) 


# Original Graph 164 in [150, 175)
14 vertices
0 1
0 2
0 3
0 4
0 5
0 6
1 7
1 8
1 9
2 10
2 3
3 10
3 5
3 11
4 11
4 12
5 12
5 13
5 6
6 13
7 13
7 9
7 8
8 9
9 10
11 12

# Unit Distance Graph 164
14 vertices
0 3
0 5
0 13
0 7
0 9
0 10
1 3
1 11
1 12
1 5
2 5
2 6
2 13
3 7
3 13
3 6
4 7
4 8
4 9
5 10
5 9
6 10
7 11
8 12
8 11
9 12

# Embedding 164 (with cost 7.36001e-15)
(0.282578, -0.134493, -0.632832) (0.513963, 0.229487, -0.327931) (0.332658, -0.332473, 0.157589) (0.0656073, -0.400181, 0.306494) (-0.151878, -0.319741, -0.304204) (-0.452049, 0.244159, -0.0698532) (-0.257197, 0.361408, -0.255449) (0.128065, 0.567544, 0.0623444) (0.420694, 0.421731, 0.0456245) (0.474838, 0.173792, 0.298832) (0.38395, -0.0953396, 0.361246) (-0.164876, -0.388567, 0.0685355) (-0.377923, -0.161897, -0.101309) (-0.165131, 0.516486, -0.0198212) 


# Original Graph 165 in [150, 175)
14 vertices
0 1
0 2
0 3
0 4
0 5
0 6
0 7
1 7
1 2
2 7
2 8
3 9
3 10
4 11
4 12
5 12
5 7
5 13
5 6
6 13
7 13
8 10
8 9
9 10
10 11
11 12

# Unit Distance Graph 165
14 vertices
0 2
0 8
0 10
0 11
0 12
0 5
0 7
1 4
1 12
1 11
2 5
2 12
2 4
3 5
3 13
3 7
4 7
5 9
5 8
6 8
6 9
6 10
7 11
7 10
9 13
10 13

# Embedding 165 (with cost 9.80338e-15)
(-0.644233, 0.320545, -0.45331) (-0.0195511, 0.288664, 0.115306) (0.240857, 0.141635, -0.0236524) (-0.235201, 0.0699017, -0.623262) (-0.489485, -0.432855, -0.393195) (-0.539847, -0.451175, 0.174027) (-0.645241, -0.0621035, 0.15083) (-0.121607, 0.0985831, 0.369851) (0.265005, -0.0497102, -0.263054) (0.0951773, -0.111006, -0.519536) (0.0538633, -0.394882, -0.482031) (-0.190344, -0.56692, -0.373372) (-0.430308, -0.594474, -0.111293) (-0.389139, -0.072466, 0.354508) 


# Original Graph 166 in [150, 175)
14 vertices
0 1
0 2
0 3
0 4
0 5
1 5
1 6
2 7
2 8
3 8
3 4
4 8
4 5
5 7
5 9
5 10
5 6
6 10
6 11
6 12
7 9
9 12
10 13
10 11
11 13
12 13

# Unit Distance Graph 166
14 vertices
0 5
0 10
0 13
0 12
0 9
1 5
1 9
1 7
2 5
2 6
2 10
3 10
3 11
3 13
4 6
4 12
4 13
4 11
5 7
5 9
5 12
5 6
6 8
6 7
8 11
8 10

# WARNING!!: failed to find good embedding for graph 166!!!


# Original Graph 167 in [150, 175)
14 vertices
0 1
0 2
0 3
0 4
0 5
1 6
1 4
1 3
1 2
2 3
3 4
4 6
4 7
4 8
4 9
4 5
5 9
6 7
7 10
8 11
8 12
9 13
10 13
10 11
11 12
12 13

# Unit Distance Graph 167
14 vertices
0 4
0 8
0 11
0 10
0 7
1 4
1 9
1 13
1 12
1 8
2 8
2 12
2 11
3 10
3 11
3 12
3 13
4 6
4 7
4 10
4 13
4 9
4 5
5 7
5 6
6 9

# WARNING!!: failed to find good embedding for graph 167!!!


# Original Graph 168 in [150, 175)
14 vertices
0 1
0 2
0 3
0 4
1 5
1 6
1 7
2 7
2 3
3 7
3 6
4 6
4 8
5 9
5 6
6 9
6 10
6 8
8 11
9 11
9 12
10 12
10 13
10 11
11 13
12 13

# Unit Distance Graph 168
14 vertices
0 6
0 10
0 12
0 9
1 6
1 8
1 11
1 10
2 10
2 13
2 12
3 9
3 12
3 13
3 11
4 5
4 6
4 9
5 8
5 6
6 9
6 11
6 8
7 10
7 11
7 13

# Embedding 168 (with cost 9.96699e-15)
(0.830726, -0.371878, 0.160943) (0.511725, -0.357438, -0.500838) (0.8472, -0.57382, -0.0785865) (0.74817, -0.877238, -0.085816) (0.6418, -0.351482, 0.400254) (0.202985, -0.33036, -0.498075) (0.287146, -1.19508, -0.00292863) (0.717591, -0.529508, -0.341913) (0.367608, -0.327765, 0.488278) (-0.0360719, -0.308437, -0.333665) (-0.101723, -0.731606, 0.194633) (0.0932996, -0.30325, 0.405796) (-0.140792, -0.419491, -0.0711906) (-0.0920973, -0.442763, 0.238502) 


# Original Graph 169 in [150, 175)
14 vertices
0 1
0 2
0 3
0 4
0 5
1 6
1 7
1 2
2 7
3 7
3 6
3 8
3 9
3 10
3 4
4 5
5 10
6 11
6 8
8 11
9 12
9 13
10 13
10 12
11 12
12 13

# Unit Distance Graph 169
14 vertices
0 3
0 9
0 12
0 11
0 8
1 3
1 10
1 13
1 9
2 9
2 13
2 12
3 6
3 11
3 12
3 10
3 5
4 6
4 8
4 11
5 8
5 6
6 10
7 10
7 12
7 13

# Embedding 169 (with cost 9.17298e-15)
(0.125987, 1.2309, -0.0528292) (0.255333, 0.958558, -0.640454) (0.304816, 1.13965, -0.380017) (0.652384, 0.391267, 0.0810254) (0.161497, 1.01872, 0.193811) (-0.142546, 0.992689, 0.160894) (0.138666, 0.652164, -0.736304) (0.551296, 0.878556, -0.356236) (0.144542, 0.37701, -0.572945) (0.237172, 0.243325, 0.0581968) (-0.287324, 0.722602, 0.165678) (-0.146898, 0.389861, -0.519928) (-0.287677, 0.343577, -0.256629) (-0.243217, 0.411863, 0.0322814) 


# Original Graph 170 in [150, 175)
14 vertices
0 1
0 2
0 3
0 4
0 5
1 5
1 6
2 7
2 3
3 7
3 4
4 8
4 9
4 10
4 11
4 6
4 5
6 11
6 12
7 8
8 13
8 9
9 13
10 12
10 11
12 13

# Unit Distance Graph 170
14 vertices
0 4
0 10
0 12
0 13
0 9
1 4
1 9
1 8
2 4
2 11
2 10
3 6
3 12
3 10
3 11
4 7
4 8
4 13
4 12
4 6
5 8
5 9
5 13
6 8
6 7
7 11

# Embedding 170 (with cost 8.68026e-15)
(0.277379, -0.759764, 0.0807596) (0.45282, -0.558349, 0.431212) (0.0139095, -0.700808, -0.0125606) (-0.107617, -0.52564, -0.200853) (0.449966, 0.16448, -0.259808) (0.501882, -0.565711, 0.112227) (0.446039, -0.33097, 0.608819) (-0.33235, -0.407945, -0.0142256) (-0.41302, -0.162256, 0.125546) (-0.260014, 0.0812344, 0.14346) (0.194986, 0.162375, 0.458744) (0.436919, 0.152197, 0.293128) (-0.00306128, 0.0330018, 0.62194) (-0.242964, 0.0126079, 0.44502) 


# Original Graph 171 in [150, 175)
14 vertices
0 1
0 2
0 3
0 4
0 5
1 5
1 4
1 6
2 7
2 3
3 7
3 4
4 7
4 8
4 9
4 10
4 5
6 10
6 11
7 12
8 12
8 13
9 11
9 10
11 13
12 13

# Unit Distance Graph 171
14 vertices
0 4
0 9
0 11
0 13
0 8
1 4
1 8
1 12
1 7
2 4
2 10
2 9
3 6
3 11
3 9
3 10
4 7
4 12
4 13
4 11
4 6
5 8
5 13
5 12
6 7
7 10

# Embedding 171 (with cost 7.66783e-15)
(-0.238439, -0.251457, -0.0195465) (0.196555, -0.218932, 0.240148) (-0.267634, -0.152725, -0.293998) (-0.346166, 0.0956656, -0.40817) (-0.124243, 0.725073, 0.163066) (-0.0889315, -0.124901, 0.235821) (0.446418, -0.0960772, 0.17066) (-0.0672445, 0.148247, -0.651809) (0.277022, 0.47284, -0.47747) (0.532872, 0.384929, -0.0291993) (0.370504, 0.438546, 0.199133) (0.631536, 0.197115, -0.224307) (0.203051, 0.240404, -0.64809) (0.476173, 0.265184, -0.491153) 


# Original Graph 172 in [150, 175)
14 vertices
0 1
0 2
0 3
0 4
0 5
1 6
1 7
2 8
2 3
3 8
3 9
3 10
3 7
3 4
4 6
4 11
4 12
4 13
4 5
5 13
6 11
7 10
8 9
9 10
11 12
12 13

# Unit Distance Graph 172
14 vertices
0 1
0 7
0 3
0 4
0 6
1 4
1 3
2 4
2 11
2 6
3 6
3 11
3 12
3 13
3 5
4 8
4 9
4 10
4 7
5 7
5 10
8 12
8 11
9 13
9 12
10 13

# Embedding 172 (with cost 9.06064e-15)
(-0.126344, -0.0758207, -0.651762) (-0.0237773, -1.01403, -0.321239) (0.194249, -0.13092, -0.649441) (0.728863, -0.363344, -0.220541) (0.00154508, -0.250857, 0.324459) (-0.214613, -0.0650679, -0.365057) (-0.106207, -0.894765, -0.0782426) (0.250807, -0.949947, -0.345721) (0.503241, -0.302688, -0.539031) (0.607247, -0.536706, -0.418115) (0.479328, -0.785057, -0.372931) (-0.160824, -0.684948, 0.103538) (-0.188313, -0.412514, 0.174896) (-0.229787, -0.18982, 0.00502184) 


# Original Graph 173 in [150, 175)
14 vertices
0 1
0 2
0 3
0 4
0 5
0 6
0 7
0 8
1 8
1 2
2 9
3 9
3 10
3 11
4 11
4 5
5 6
6 8
6 12
7 12
7 13
8 13
9 11
9 10
10 11
12 13

# Unit Distance Graph 173
14 vertices
0 1
0 2
0 9
0 11
0 4
0 5
0 6
0 8
1 5
1 4
2 6
2 5
3 6
3 12
3 13
3 8
4 8
6 9
7 9
7 10
7 11
8 11
9 12
10 13
10 12
11 13

# Embedding 173 (with cost 9.31755e-15)
(-0.343145, -0.259348, -0.375602) (-0.742557, 0.283835, 0.362926) (-0.62185, 0.0780944, 0.523541) (-0.143251, -0.331706, 0.240685) (0.251082, 0.212933, 0.275432) (0.209067, 0.430318, 0.0928241) (0.00411744, 0.616538, -0.0405905) (-0.41073, 0.235066, -0.354944) (-0.703238, 0.494145, 0.174473) (-0.370437, -0.0516753, 0.602216) (-0.106376, -0.132887, 0.523679) (0.132161, 0.023068, 0.45766) (-0.250801, 0.574508, -0.168226) (-0.529883, 0.526135, -0.0978771) 


# Original Graph 174 in [150, 175)
14 vertices
0 1
0 2
0 3
0 4
0 5
0 6
0 7
0 8
0 9
1 9
1 2
2 9
2 3
3 5
3 4
4 5
5 10
6 10
6 11
7 11
7 12
8 12
8 13
9 13
10 11
12 13

# Unit Distance Graph 174
14 vertices
0 2
0 3
0 5
0 10
0 11
0 7
0 12
0 13
0 9
1 6
1 11
1 10
2 7
2 11
2 6
3 8
3 12
3 7
4 8
4 13
4 12
5 9
5 13
5 8
6 9
9 10

# Embedding 174 (with cost 9.57049e-15)
(-0.0328038, 0.485506, -0.123928) (0.51019, -0.115432, -0.433175) (0.395458, -0.373057, -0.405815) (0.0784962, -0.507435, -0.164931) (-0.0856656, -0.367332, 0.0195509) (0.000352174, -0.42756, 0.282534) (0.134885, -0.00635153, 0.487285) (0.620182, 0.0301538, 0.48127) (0.710254, 0.237297, 0.0501445) (0.75462, -0.107851, -0.290935) (0.146724, -0.289467, 0.482032) (0.387847, -0.111358, 0.559305) (0.787994, 0.0582971, 0.255261) (0.840371, 0.00440956, -0.0457503) 
