

# Original Graph 450 in [450, 475)
14 vertices
0 1
0 2
0 3
0 4
1 5
1 2
2 5
2 3
3 6
4 6
4 7
4 8
4 9
5 9
5 6
6 7
7 10
7 11
7 12
8 12
8 13
8 10
9 10
10 13
11 13
11 12

# Unit Distance Graph 450
14 vertices
0 7
0 11
0 13
0 10
1 7
1 12
1 11
2 8
2 13
2 11
2 12
3 8
3 10
3 13
4 5
4 6
4 7
4 10
4 9
5 8
5 12
5 7
6 9
6 10
6 8
7 9

# Embedding 450 (with cost 9.39916e-15)
(-0.243317, 0.213594, -0.437882) (-0.789198, 0.0239515, -0.335401) (-0.596598, -0.0311839, -0.545034) (-0.440217, -0.281451, -0.592908) (-0.0196197, 0.258547, -0.230862) (-0.94888, -0.0954113, -0.125084) (-0.330619, -0.674139, -0.413557) (-0.168645, -0.719716, -0.0866601) (-0.0402552, -0.0210624, 0.285857) (-0.884838, -0.0641983, 0.152847) (-0.698788, -0.168068, 0.366407) (-0.171378, -0.564293, 0.186391) (-0.0434105, -0.314664, 0.238307) (-0.429921, -0.287725, 0.407019) 


# Original Graph 451 in [450, 475)
14 vertices
0 1
0 2
0 3
1 4
1 5
1 6
2 7
2 8
2 9
3 10
3 4
4 10
4 11
4 5
5 11
6 11
6 10
6 12
6 7
7 12
8 13
8 9
9 13
9 10
10 12
12 13

# Unit Distance Graph 451
14 vertices
0 6
0 12
0 10
1 9
1 10
1 12
1 13
2 4
2 11
2 6
2 10
3 6
3 7
3 12
4 8
4 13
4 12
4 7
5 8
5 9
5 13
6 10
6 9
7 10
8 11
9 11

# Embedding 451 (with cost 9.31106e-15)
(0.272083, 0.0243251, -0.28111) (0.352023, 0.111055, 0.144858) (0.179627, -0.22327, -0.421469) (-0.203371, 0.248837, 0.0396601) (-0.239055, 0.243314, 0.357636) (0.13795, 0.114032, 0.420182) (0.137238, -0.559868, 0.519225) (0.148901, -0.668667, 0.224294) (-0.137517, -0.439902, -0.365486) (-0.452225, -0.328776, -0.254811) (-0.634293, -0.0534613, 0.134137) (0.088063, -0.179824, 0.573382) (-0.171787, -0.739734, 0.187071) (-0.253274, -0.647416, -0.0966754) 


# Original Graph 452 in [450, 475)
14 vertices
0 1
0 2
0 3
0 4
1 5
1 6
1 2
2 6
2 7
2 3
3 7
3 4
4 7
4 6
4 8
5 8
5 9
5 10
6 11
6 12
8 12
9 13
9 10
10 11
11 13
12 13

# Unit Distance Graph 452
14 vertices
0 6
0 12
0 13
0 11
1 4
1 8
1 12
1 6
2 5
2 9
2 13
2 12
2 8
3 9
3 10
3 11
3 13
4 6
4 11
4 10
4 5
5 7
5 6
6 8
7 10
7 9

# Embedding 452 (with cost 8.7923e-15)
(0.145067, 0.309793, 0.179946) (-0.106141, 0.486317, -0.0933094) (0.590759, 0.0683979, -0.207096) (0.30321, 0.00784554, 0.253671) (0.0493931, -0.448586, 0.225697) (-0.376179, 0.319193, -0.253264) (0.398696, -0.159825, -0.665709) (0.272529, -0.273384, 0.224261) (-0.185406, -0.496598, 0.0728094) (-0.367461, 0.0147528, -0.488052) (-0.13255, 0.00568447, -0.646389) (0.114363, -0.12717, -0.719009) (-0.237871, -0.485127, -0.290649) (-0.300937, -0.287861, -0.486305) 


# Original Graph 453 in [450, 475)
14 vertices
0 1
0 2
0 3
1 4
1 5
2 6
2 3
3 4
4 7
5 8
5 9
5 10
5 6
6 10
6 7
7 8
8 11
9 11
9 12
9 13
9 10
10 13
10 11
11 13
11 12
12 13

# Unit Distance Graph 453
14 vertices
0 11
0 12
0 13
1 10
1 11
1 13
2 9
2 12
2 11
3 9
3 13
3 12
4 9
4 10
4 13
5 6
5 7
5 8
5 11
5 10
6 9
6 11
6 8
7 10
7 9
8 10

# Embedding 453 (with cost 8.92631e-15)
(0.191989, -0.656533, 0.104563) (0.198484, -0.768352, -0.160124) (-0.0430265, -0.379957, 0.366825) (0.276149, -0.433296, 0.268562) (0.491872, -0.288489, 0.113245) (0.0161371, -0.784695, -0.419277) (-0.287151, -0.226368, 0.35292) (0.508481, -0.0210025, -0.00169872) (0.437487, 0.106371, -0.250557) (-0.173218, -0.405191, -0.624342) (-0.486012, -0.0814043, 0.0839412) (0.194963, 0.199165, -0.412904) (-0.0590393, 0.083886, -0.518948) (-0.307749, 0.0681446, -0.369889) 


# Original Graph 454 in [450, 475)
14 vertices
0 1
0 2
0 3
0 4
1 4
1 5
1 6
2 7
2 8
2 9
2 5
3 5
3 4
5 9
5 6
6 7
7 10
8 11
8 9
9 12
9 10
10 13
10 11
11 13
11 12
12 13

# Unit Distance Graph 454
14 vertices
0 9
0 10
0 13
0 12
1 8
1 9
1 12
1 11
2 5
2 6
2 7
2 10
2 9
3 10
3 11
3 13
4 11
4 12
4 13
5 8
5 11
5 10
5 7
6 9
6 8
7 9

# Embedding 454 (with cost 9.04646e-15)
(0.62469, -0.656418, 0.0515896) (0.643137, -0.116031, 0.422099) (0.529199, -0.696759, -0.227513) (0.31633, -0.533345, 0.478176) (0.608073, -0.448954, 0.379943) (-0.0267674, -0.407327, 0.551673) (0.576634, 0.152348, 0.298574) (0.512613, 0.265249, 0.0450067) (0.210315, -0.439682, -0.419278) (-0.303774, -0.300883, 0.15906) (0.278624, 0.265579, -0.122073) (0.0760416, -0.12299, -0.401523) (-0.214245, -0.131566, -0.0923458) (0.0618494, 0.11839, -0.236304) 


# Original Graph 455 in [450, 475)
14 vertices
0 1
0 2
0 3
1 4
1 5
1 2
2 5
2 6
2 7
3 7
3 8
4 9
4 10
4 11
4 5
5 11
5 12
5 8
5 6
6 7
8 13
9 13
9 10
10 11
11 12
12 13

# Unit Distance Graph 455
14 vertices
0 5
0 12
0 11
1 5
1 8
1 13
1 12
2 9
2 10
2 11
2 12
2 13
3 4
3 5
3 11
4 8
4 5
4 6
4 7
5 9
5 13
5 8
6 10
6 9
7 11
7 10

# Embedding 455 (with cost 9.7126e-15)
(0.336622, -0.311601, -0.24945) (0.509616, 0.0797899, -0.138039) (0.466253, -0.289583, -0.565843) (-0.131757, -0.456053, -0.392707) (0.231123, 0.415238, -0.0622965) (0.125772, 0.257594, -1.04416) (0.271632, -0.154109, -0.883395) (0.129627, -0.44173, -0.567573) (-0.377145, -0.30759, -0.390214) (-0.294207, 0.199369, -0.138492) (-0.0734216, 0.451427, -0.166273) (-0.106857, 0.529859, -0.558108) (-0.307414, 0.337898, -0.653638) (-0.468219, -0.0512586, -0.301334) 


# Original Graph 456 in [450, 475)
14 vertices
0 1
0 2
0 3
1 4
1 5
1 2
2 6
2 7
2 3
3 7
3 8
4 9
4 10
4 11
4 5
5 12
5 13
5 8
5 6
6 7
8 9
9 13
9 10
10 11
11 12
12 13

# Unit Distance Graph 456
14 vertices
0 5
0 13
0 12
1 5
1 8
1 9
1 13
2 9
2 10
2 11
2 12
2 13
3 4
3 5
3 12
3 11
4 8
4 5
4 6
4 7
5 9
5 8
6 10
6 9
7 11
7 10

# Embedding 456 (with cost 9.23816e-15)
(0.128136, -0.231534, -0.252408) (-0.134986, -0.2443, -0.0959357) (0.196185, -0.0732909, -0.498591) (0.643966, 0.118228, -0.202549) (-0.213683, -0.0675226, 0.276966) (-0.138141, 0.729864, -0.321755) (0.0065258, 0.510599, -0.508707) (0.315261, 0.203565, -0.527229) (0.686453, 0.306174, 0.0531207) (0.525393, 0.370915, 0.334658) (0.0957644, 0.233326, 0.44793) (-0.168949, 0.335774, 0.337677) (-0.139346, 0.675337, 0.0732267) (0.148564, 0.680872, 0.156368) 


# Original Graph 457 in [450, 475)
14 vertices
0 1
0 2
0 3
1 4
1 5
1 6
2 7
2 8
2 3
3 9
3 4
4 9
4 6
4 5
5 6
6 10
6 7
7 11
8 12
8 13
9 13
9 11
9 10
10 11
11 12
12 13

# Unit Distance Graph 457
14 vertices
0 9
0 10
0 11
1 9
1 11
1 12
1 13
2 4
2 6
2 10
2 9
3 6
3 7
3 11
3 10
4 8
4 12
4 11
4 7
5 8
5 13
5 12
6 9
6 13
6 8
7 9

# Embedding 457 (with cost 7.58896e-15)
(-0.19127, -0.123969, -0.453612) (-0.0112547, 0.215907, -0.334562) (-0.525251, -0.352105, -0.289078) (0.0686863, -0.428899, -0.22519) (0.358372, 0.0109704, 0.00653459) (0.0637514, 0.368107, -0.0984345) (-0.149463, 0.498498, 0.0786954) (-0.613174, 0.197646, 0.152312) (-0.545211, -0.417412, 0.0116743) (0.145193, -0.381039, 0.452318) (-0.232452, 0.200095, 0.491526) (-0.515953, -0.04364, 0.488794) (-0.527996, -0.305358, 0.344599) (-0.277426, -0.45258, 0.3599) 


# Original Graph 458 in [450, 475)
14 vertices
0 1
0 2
0 3
0 4
0 5
1 5
1 6
2 6
2 7
2 4
2 3
3 4
4 8
4 9
4 10
5 10
5 11
6 7
7 12
7 8
8 9
9 13
9 10
11 13
11 12
12 13

# Unit Distance Graph 458
14 vertices
0 7
0 8
0 9
0 13
0 12
1 4
1 9
1 8
2 5
2 11
2 13
2 9
2 10
3 11
3 12
3 13
4 6
4 7
4 12
4 11
4 5
5 8
5 7
6 10
6 9
7 10

# Embedding 458 (with cost 9.91416e-15)
(0.403581, -0.404513, -0.718864) (-0.0436414, -0.333735, -0.455434) (0.51324, -0.554703, -0.0881904) (0.669087, -0.387697, -0.549433) (0.871331, 0.056221, -0.559167) (-0.1281, 0.0319827, -0.582642) (0.224855, -0.49675, -0.0335325) (0.35808, -0.201899, 0.259337) (0.638037, 0.20907, 0.0351562) (0.536828, 0.438923, -0.198421) (0.431894, 0.298575, -0.603263) (-0.0772774, 0.226114, -0.292185) (0.0740383, 0.164343, 0.0346635) (0.177047, 0.385146, -0.148671) 


# Original Graph 459 in [450, 475)
14 vertices
0 1
0 2
0 3
0 4
1 4
1 5
1 6
1 2
2 6
2 7
2 5
3 5
3 4
5 8
5 6
6 9
7 10
7 8
8 11
9 11
9 12
9 10
10 12
10 13
11 13
12 13

# Unit Distance Graph 459
14 vertices
0 9
0 12
0 13
0 11
1 7
1 8
1 11
1 13
1 10
2 5
2 6
2 9
2 11
2 8
3 9
3 10
3 12
4 10
4 13
4 12
5 7
5 10
5 9
5 6
6 8
6 7

# Embedding 459 (with cost 9.42258e-15)
(-0.337387, -0.188985, 0.126492) (0.0174246, -0.653003, 0.119737) (-0.509427, -0.0805397, -0.276194) (0.124001, 0.0160233, 0.257691) (-0.0832784, -0.267769, 0.271695) (0.365074, 0.161838, 0.143925) (0.228306, -0.754249, -0.233009) (-0.34674, 0.00390515, -0.540456) (0.434077, 0.219485, -0.135538) (0.317707, -0.589747, -0.514008) (-0.0676473, -0.109969, -0.715653) (0.471231, 0.0693083, -0.402111) (0.250597, -0.340066, -0.668146) (0.313359, -0.0482415, -0.619645) 


# Original Graph 460 in [450, 475)
14 vertices
0 1
0 2
0 3
0 4
1 5
1 2
2 6
2 7
2 8
2 9
2 3
3 9
3 10
4 10
4 5
5 10
5 6
6 11
7 11
7 12
7 8
8 12
9 12
9 13
11 13
12 13

# Unit Distance Graph 460
14 vertices
0 7
0 12
0 13
0 11
1 9
1 13
1 12
2 3
2 10
2 5
2 6
2 11
2 13
2 9
3 7
3 11
3 6
4 7
4 8
4 12
5 9
5 12
5 8
6 9
7 10
8 10

# Embedding 460 (with cost 9.85593e-15)
(-0.201871, -0.406855, -0.589135) (0.0469613, -0.297836, -0.471385) (-0.246617, 0.207081, -0.518279) (-0.716428, -0.613772, -0.193506) (-0.144509, -0.690127, -0.306518) (0.17327, -0.556244, -0.0273306) (0.167748, -0.356444, 0.196383) (-0.2264, 0.136777, 0.24983) (-0.374978, 0.270669, -0.152391) (-0.81525, -0.413368, 0.0218134) (-0.434772, -0.72581, -0.211175) (-0.00483263, -0.190158, 0.367013) (-0.598997, 0.0297137, 0.218143) (-0.541856, -0.225446, 0.333633) 


# Original Graph 461 in [450, 475)
14 vertices
0 1
0 2
0 3
0 4
1 4
1 5
1 6
2 6
2 7
3 7
3 6
3 8
4 8
4 9
4 10
4 5
5 11
5 12
6 7
8 12
9 12
9 11
9 13
10 13
10 11
11 13

# Unit Distance Graph 461
14 vertices
0 5
0 12
0 9
0 11
1 4
1 9
1 12
1 8
2 9
2 13
2 11
3 4
3 5
3 11
3 10
4 6
4 8
4 12
4 5
5 8
6 10
6 13
6 9
7 10
7 11
7 13

# Embedding 461 (with cost 9.46393e-15)
(0.0618962, -0.0639159, 0.784335) (-0.512696, -0.246757, 0.271716) (-0.199546, 0.10265, 0.668998) (-0.0477787, 0.48709, 0.330404) (0.430476, -0.35293, 0.586604) (-0.306269, -0.383183, -0.0888907) (-0.476091, 0.0300206, 0.409161) (-0.239697, 0.322589, 0.479717) (0.152897, 0.482213, 0.11175) (0.33795, 0.0358333, -0.171617) (0.412175, -0.395963, 0.237339) (0.0764898, -0.371426, -0.167098) (0.214403, 0.30945, -0.130727) (0.34004, -0.258349, -0.0916117) 


# Original Graph 462 in [450, 475)
14 vertices
0 1
0 2
0 3
1 4
1 5
1 6
2 7
2 3
3 4
4 5
5 7
5 8
5 6
6 9
6 7
7 10
8 10
8 11
8 12
8 9
9 12
9 11
9 13
10 13
11 13
11 12

# Unit Distance Graph 462
14 vertices
0 8
0 12
0 11
1 8
1 11
1 13
1 10
2 8
2 9
2 12
3 9
3 11
3 12
4 9
4 13
4 11
5 6
5 7
5 10
5 13
5 9
6 8
6 10
6 7
7 9
7 8

# Embedding 462 (with cost 9.60813e-15)
(-0.342359, -0.758232, 0.800342) (-0.171506, -0.986566, 0.790356) (-0.431901, -0.353734, 0.642462) (-0.558834, -0.628134, 0.658657) (-0.651445, -0.884953, 0.442037) (-0.615504, -1.00316, 0.0382648) (0.174542, -1.01036, 0.651271) (-0.310737, -0.154766, 0.4711) (-0.357613, -0.904694, -0.188757) (0.340135, -0.897338, 0.313138) (-0.13277, -0.151366, 0.241775) (0.150251, -0.531195, -0.0397705) (0.0483057, -0.787889, -0.119713) (0.0878129, -0.29641, 0.114754) 


# Original Graph 463 in [450, 475)
14 vertices
0 1
0 2
0 3
1 4
1 5
2 6
2 7
3 7
3 4
4 7
5 8
5 9
5 10
6 10
6 7
7 8
8 10
8 11
8 12
8 9
9 12
10 13
10 11
11 13
11 12
12 13

# Unit Distance Graph 463
14 vertices
0 8
0 12
0 11
1 8
1 11
1 10
2 8
2 9
2 12
3 11
3 12
3 13
4 10
4 11
4 13
5 6
5 7
5 8
5 10
6 9
6 8
7 10
7 13
7 12
7 9
8 10

# Embedding 463 (with cost 9.94087e-15)
(-0.307857, -0.42336, 0.0897457) (0.0866551, -0.129693, -0.156033) (-0.546282, -0.325605, 0.208264) (-0.108061, -0.473176, 0.285307) (0.0506076, -0.344402, 0.0886995) (0.148887, 0.157257, -0.190334) (-0.70318, -0.0917693, 0.270066) (-0.0540556, -0.405649, 0.610885) (0.108892, 0.133064, 0.808573) (0.145693, 0.368693, 0.0104722) (-0.729995, 0.25149, 0.277306) (-0.316102, 0.473135, 0.532723) (-0.0155377, 0.521407, 0.237947) (-0.523543, 0.434768, 0.340182) 


# Original Graph 464 in [450, 475)
14 vertices
0 1
0 2
0 3
0 4
0 5
1 5
1 6
1 2
2 6
2 4
2 3
3 4
4 7
5 8
5 9
5 6
6 10
6 11
7 11
7 8
8 12
9 13
9 10
10 13
11 12
12 13

# Unit Distance Graph 464
14 vertices
0 6
0 11
0 12
0 13
0 10
1 7
1 8
1 12
1 11
2 5
2 9
2 13
2 12
2 8
3 9
3 10
3 13
4 5
4 6
4 10
4 9
5 7
5 11
5 6
6 8
6 7

# Embedding 464 (with cost 9.19916e-15)
(-0.254599, -0.115251, 0.28965) (-0.467562, -0.265673, -0.0307797) (-0.670536, 0.131774, 0.161158) (-0.351334, 0.184896, 0.336483) (-0.144483, 0.468156, 0.263203) (0.0857087, -0.309266, -0.322141) (-0.726884, 0.240018, -0.51703) (0.00268028, 0.612535, 0.0565272) (0.199252, 0.457894, -0.20913) (-0.0218302, -0.0646583, -0.574094) (-0.369049, 0.165852, -0.663179) (-0.214156, 0.643968, -0.359928) (0.0331271, 0.490442, -0.452205) (-0.0533444, 0.260102, -0.615119) 


# Original Graph 465 in [450, 475)
14 vertices
0 1
0 2
0 3
1 4
1 5
1 6
2 6
2 7
3 7
3 6
3 8
4 9
4 10
4 5
5 11
5 12
5 8
5 6
6 7
8 9
9 12
10 13
10 11
11 13
11 12
12 13

# Unit Distance Graph 465
14 vertices
0 5
0 12
0 11
1 5
1 8
1 9
1 12
2 11
2 12
2 13
3 4
3 5
3 11
3 10
4 8
4 5
4 6
5 9
5 8
6 10
6 13
6 12
6 9
7 10
7 11
7 13

# Embedding 465 (with cost 7.74662e-15)
(0.186516, -0.32863, 0.034764) (-0.00539272, -0.499396, -0.113723) (0.28563, -0.0317189, 0.0630685) (0.0837755, 0.163375, 0.505731) (-0.293437, -0.563178, -0.0685782) (-0.393539, 0.393389, -0.342363) (0.203151, 0.304326, -0.0975172) (0.238027, 0.172675, 0.259047) (-0.193502, 0.164277, 0.610261) (-0.473498, 0.0369835, 0.58854) (-0.532137, -0.372925, -0.0713605) (-0.677262, 0.142974, -0.142656) (-0.663217, 0.0909395, 0.354006) (-0.713932, -0.0612972, 0.0614802) 


# Original Graph 466 in [450, 475)
14 vertices
0 1
0 2
0 3
0 4
1 4
1 5
1 6
2 7
2 3
3 7
3 8
3 5
4 5
6 9
6 7
7 10
7 11
7 8
8 12
8 13
8 9
9 13
10 13
10 12
10 11
11 12

# Unit Distance Graph 466
14 vertices
0 8
0 13
0 10
0 12
1 7
1 8
1 12
1 11
2 8
2 9
2 13
3 6
3 7
3 10
3 13
3 9
4 10
4 11
4 12
5 7
5 11
5 10
6 8
6 7
7 9
7 8

# Embedding 466 (with cost 9.93384e-15)
(0.561138, -0.264888, -0.0961113) (0.241287, -0.00464929, -0.392543) (0.458681, -0.457364, 0.228809) (0.648079, 0.34232, 0.276363) (0.505856, 0.0033796, -0.24857) (0.59102, 0.222049, -0.0629052) (-0.0551517, 0.0146777, -0.354602) (0.166588, -0.513588, 0.465013) (0.233533, 0.484058, 0.47987) (-0.227062, 0.152369, -0.168661) (-0.288511, 0.00174333, 0.358867) (-0.0816727, -0.222754, 0.528395) (-0.0973427, 0.142277, 0.536834) (-0.320903, 0.157914, 0.111839) 


# Original Graph 467 in [450, 475)
14 vertices
0 1
0 2
0 3
0 4
1 4
1 3
1 5
2 6
2 7
3 7
3 4
5 8
5 6
6 9
6 10
6 11
6 7
7 11
8 11
8 9
9 11
9 12
10 12
10 13
11 13
12 13

# Unit Distance Graph 467
14 vertices
0 9
0 12
0 13
0 11
1 6
1 11
1 13
1 10
2 8
2 9
2 11
3 6
3 10
3 12
3 9
4 10
4 13
4 12
5 6
5 7
5 11
6 8
6 11
6 7
7 9
7 8

# Embedding 467 (with cost 9.59136e-15)
(0.646146, 0.373413, -0.215009) (0.492219, -0.0793757, -0.0762227) (0.668034, 0.628771, -0.0418473) (0.225293, 0.328932, -0.418147) (0.490737, 0.13034, -0.28084) (0.401356, -0.170553, 0.18467) (0.542199, 0.793832, 0.408556) (-0.0532708, 0.539226, -0.353409) (0.152974, -0.126231, 0.363968) (0.0491009, 0.1004, 0.539312) (0.262297, 0.696675, 0.511043) (-0.322035, 0.495653, 0.0033545) (0.0101136, 0.390995, 0.556453) (-0.152276, 0.547665, 0.361323) 


# Original Graph 468 in [450, 475)
14 vertices
0 1
0 2
0 3
0 4
0 5
1 5
1 4
1 6
1 7
2 7
2 3
3 7
3 8
3 4
4 5
6 8
6 9
7 10
7 11
8 12
8 9
9 10
10 13
11 13
11 12
12 13

# Unit Distance Graph 468
14 vertices
0 8
0 9
0 10
0 13
0 12
1 3
1 8
1 12
1 11
1 7
2 6
2 9
2 8
3 7
3 10
3 9
3 6
4 7
4 11
4 13
4 10
5 11
5 12
5 13
6 7
7 8

# Embedding 468 (with cost 9.40164e-15)
(0.301482, 0.316693, 0.173934) (0.0866417, 0.367571, -0.442547) (0.0860781, -0.0786547, 0.354602) (0.822456, -0.244174, -0.152125) (0.596752, 0.27401, -0.171455) (0.30521, 0.415553, -0.212289) (0.0212947, 0.126456, -0.621991) (-0.081358, -0.313488, 0.270148) (0.679415, -0.434297, -0.367527) (-0.0501555, -0.158059, -0.632888) (-0.13468, -0.36233, -0.416566) (0.00608298, -0.50482, 0.0395781) (0.340509, -0.582603, -0.26166) (0.0281334, -0.54435, -0.254884) 


# Original Graph 469 in [450, 475)
14 vertices
0 1
0 2
0 3
0 4
1 4
1 5
1 2
2 3
3 6
4 6
4 7
4 8
4 9
4 10
4 11
4 12
4 5
5 12
6 7
7 8
8 13
9 13
9 10
10 11
11 13
11 12

# Unit Distance Graph 469
14 vertices
0 9
0 10
0 11
0 13
1 4
1 9
1 13
1 8
2 4
2 10
2 9
3 4
3 11
3 10
4 6
4 7
4 8
4 13
4 11
4 12
4 5
5 8
5 7
6 12
6 11
7 12

# WARNING!!: failed to find good embedding for graph 469!!!


# Original Graph 470 in [450, 475)
14 vertices
0 1
0 2
0 3
1 4
1 5
1 6
1 2
2 6
2 3
3 7
4 8
4 5
5 8
5 9
5 10
5 11
5 7
5 6
7 11
8 12
8 13
8 9
9 10
10 13
11 12
12 13

# Unit Distance Graph 470
14 vertices
0 5
0 10
0 9
1 5
1 11
1 12
1 13
1 10
2 8
2 9
2 10
2 13
3 5
3 9
3 8
4 5
4 7
4 11
5 8
5 12
5 11
5 7
6 8
6 13
6 12
7 8

# WARNING!!: failed to find good embedding for graph 470!!!


# Original Graph 471 in [450, 475)
14 vertices
0 1
0 2
0 3
0 4
1 5
1 2
2 5
2 6
2 7
2 3
3 4
4 8
5 6
6 8
6 9
6 10
6 7
7 10
7 11
7 12
7 13
8 13
9 11
9 10
11 12
12 13

# Unit Distance Graph 471
14 vertices
0 7
0 11
0 9
0 10
1 7
1 12
1 11
2 6
2 9
2 11
2 12
2 13
2 8
3 6
3 10
3 9
4 6
4 7
4 10
5 7
5 13
5 12
6 8
6 13
6 7
7 8

# WARNING!!: failed to find good embedding for graph 471!!!


# Original Graph 472 in [450, 475)
14 vertices
0 1
0 2
0 3
1 3
1 4
2 5
2 3
3 6
4 7
4 8
5 9
5 10
5 6
6 10
6 9
6 11
6 12
6 13
6 7
7 8
8 13
9 13
9 11
9 10
11 12
12 13

# Unit Distance Graph 472
14 vertices
0 6
0 12
0 11
1 6
1 11
1 9
2 6
2 13
2 12
3 9
3 11
3 12
3 13
4 6
4 9
4 10
5 6
5 7
5 8
5 13
6 9
6 13
6 8
7 10
7 9
8 10

# Embedding 472 (with cost 5.41648e-15)
(0.875318, 0.103409, -0.019143) (0.890062, -0.0459757, -0.26359) (0.709823, 0.280306, 0.1397) (0.795817, -0.129658, 0.135881) (0.765026, -0.134996, -0.503268) (0.460934, 0.414716, 0.175978) (0.114115, -0.522837, 0.149337) (0.522032, -0.39946, -0.401416) (0.531362, -0.120724, -0.665653) (0.0154539, 0.42572, -0.151503) (0.183951, 0.378576, 0.128075) (-0.0986099, 0.103081, -0.246001) (-0.000589056, -0.0770803, -0.466592) (0.261592, -0.019889, -0.702304) 


# Original Graph 473 in [450, 475)
14 vertices
0 1
0 2
0 3
1 3
1 4
2 5
2 6
2 3
3 6
4 7
4 8
5 9
5 10
6 10
6 9
6 11
6 12
6 8
6 7
7 8
8 13
9 13
9 11
9 10
11 12
12 13

# Unit Distance Graph 473
14 vertices
0 6
0 12
0 11
1 6
1 11
1 9
2 6
2 8
2 13
2 12
3 9
3 11
3 12
3 13
4 6
4 9
4 10
5 6
5 7
5 8
6 9
6 13
6 8
7 10
7 9
8 10

# Embedding 473 (with cost 9.61083e-15)
(0.0120981, 0.168365, -0.257571) (-0.222353, 0.238412, -0.0287743) (0.216853, -0.0482316, -0.351868) (0.190609, 0.31709, -0.0961151) (-0.362986, 0.154809, 0.202843) (0.262379, -0.320069, -0.280782) (0.564309, 0.102939, 0.573562) (-0.222303, 0.156654, 0.452579) (-0.404904, -0.096972, 0.429824) (0.185381, -0.66991, 0.0645248) (0.398853, -0.438363, -0.0574407) (0.218216, -0.541294, 0.41615) (-0.00192058, -0.421874, 0.549536) (-0.30865, -0.36551, 0.43755) 


# Original Graph 474 in [450, 475)
14 vertices
0 1
0 2
0 3
1 4
1 5
1 2
2 5
2 3
3 6
3 7
4 8
4 9
4 5
5 9
5 10
5 11
5 12
5 6
6 7
7 12
8 13
8 10
8 9
10 11
11 13
12 13

# Unit Distance Graph 474
14 vertices
0 5
0 11
0 10
1 5
1 12
1 13
1 11
2 8
2 10
2 11
2 13
3 5
3 10
3 8
3 9
4 5
4 6
4 7
4 12
5 8
5 13
5 12
5 7
6 9
6 8
7 9

# Embedding 474 (with cost 9.98583e-15)
(-0.615246, -0.0155002, 0.506145) (-0.905336, 0.0112388, 0.229078) (-0.436391, 0.159909, 0.373899) (-0.287056, -0.229424, 0.587774) (-0.989923, -0.167892, -0.0134647) (-0.082692, 0.107707, -0.331235) (-0.0755703, -0.213905, 0.388832) (-0.174209, -0.470303, 0.479647) (-0.800424, -0.57564, -0.197456) (-0.854226, -0.297846, -0.232979) (-0.502271, -0.538762, -0.338505) (-0.285042, -0.650194, -0.192517) (-0.180941, -0.676118, 0.281926) (-0.320765, -0.781952, 0.0584163) 
