

# Original Graph 600 in [600, 625)
14 vertices
0 1
0 2
0 3
0 4
1 4
1 5
1 6
1 7
2 8
2 3
3 9
4 9
4 10
4 11
4 6
4 5
5 6
6 11
6 7
7 11
7 10
8 12
8 13
9 13
10 12
12 13

# Unit Distance Graph 600
14 vertices
0 4
0 11
0 7
0 10
1 4
1 10
1 12
1 13
1 9
2 4
2 6
2 11
3 6
3 7
3 11
4 8
4 12
4 10
4 7
5 8
5 13
5 12
6 9
6 13
6 8
7 9

# Embedding 600 (with cost 9.08632e-15)
(-0.397765, 0.892614, 0.983009) (-0.729388, 0.659882, 1.10579) (-0.109162, 0.780401, 0.922466) (-0.227548, 0.822518, 0.635473) (-0.603251, 0.36541, 0.158491) (-0.888927, 0.314394, 0.732323) (-0.809319, 0.066531, 0.935517) (-0.326497, -0.104751, 0.996558) (0.0795457, 0.520345, 0.872483) (-0.280348, 0.526434, 0.222299) (-0.0495509, -0.0397661, 0.885986) (-0.629257, -0.0698354, 0.841229) (0.0911319, 0.151009, 0.845415) (0.107366, 0.350282, 0.654135) 


# Original Graph 601 in [600, 625)
14 vertices
0 1
0 2
0 3
0 4
1 5
1 2
2 6
2 7
2 8
2 9
2 3
3 9
3 7
3 10
4 11
4 12
5 12
5 13
6 13
6 10
7 10
7 9
7 8
8 9
11 13
11 12

# Unit Distance Graph 601
14 vertices
0 2
0 7
0 10
0 6
1 3
1 10
1 7
2 4
2 11
2 13
2 6
2 10
2 3
3 6
3 13
3 5
4 8
4 7
5 7
5 9
7 12
8 12
8 11
9 13
9 11
9 12

# Embedding 601 (with cost 8.82489e-15)
(-0.465178, -0.0906363, 0.131434) (-0.162116, 0.603767, 0.12434) (-0.649702, 0.891189, 0.0870411) (-0.873557, -0.0695443, -0.0769132) (-0.242651, -0.0195051, 0.0167111) (-0.0135486, 0.440277, -0.0552966) (-0.268981, 0.417576, -0.707152) (-0.864413, 0.489724, -0.57835) (-0.886308, 0.7295, -0.140442) (-1.00458, 0.505625, -0.171818) (-0.569019, 0.358991, -0.755726) (-0.0696936, 0.175281, -0.301632) (-0.0774091, 0.146307, -0.065817) (-0.085802, 0.345083, -0.532463) 


# Original Graph 602 in [600, 625)
14 vertices
0 1
0 2
0 3
0 4
1 4
1 5
1 6
1 2
2 7
3 8
3 9
3 10
4 10
4 11
4 12
4 13
5 13
5 6
6 7
7 13
8 13
8 12
9 11
9 10
10 11
11 12

# Unit Distance Graph 602
14 vertices
0 4
0 13
0 8
0 12
1 3
1 9
1 11
1 12
1 8
2 4
2 12
2 11
3 5
3 13
3 4
4 8
4 13
4 7
5 10
5 9
6 9
6 10
6 11
7 11
7 10
10 13

# Embedding 602 (with cost 9.80303e-15)
(-0.80151, -0.773327, -0.198624) (-1.31304, -0.633259, 0.325919) (-0.778955, -0.75884, 0.076015) (-0.730039, -0.431789, -0.461176) (-1.59801, -0.194119, -0.0251351) (-0.933585, -0.316452, 0.511072) (-0.996764, -0.535118, 0.461155) (-0.754466, -0.543513, 0.382724) (-0.681877, 0.133125, 0.206387) (-0.890933, -0.2258, -0.483897) (-1.14579, -0.159126, -0.453407) (-1.08252, 0.121692, -0.28801) (-0.973445, 0.206584, -0.0975649) (-0.7352, -0.01212, 0.446487) 


# Original Graph 603 in [600, 625)
14 vertices
0 1
0 2
0 3
0 4
1 4
1 5
2 6
2 3
3 7
3 4
4 8
4 9
4 10
4 11
4 12
5 12
5 11
5 13
6 8
6 7
7 8
8 9
9 13
10 13
10 11
11 12

# Unit Distance Graph 603
14 vertices
0 4
0 10
0 13
0 9
1 4
1 9
1 8
2 4
2 11
2 10
3 5
3 13
3 10
3 11
4 6
4 8
4 9
4 13
4 5
5 8
5 7
6 12
6 11
7 11
7 12
8 12

# Embedding 603 (with cost 9.51528e-15)
(0.151045, -0.0937982, 0.50639) (-0.0909633, -0.0136215, 0.43838) (0.463483, 0.0694398, 0.481584) (0.622578, -0.105075, 0.177821) (0.280529, -0.10979, -0.485062) (-0.308415, 0.255306, 0.235943) (0.643284, 0.393841, 0.299006) (0.689052, 0.186567, 0.217657) (0.616981, 0.614916, 0.11627) (0.419082, 0.739932, 0.0236373) (-0.026027, 0.509449, -0.271259) (-0.195479, 0.294065, -0.236269) (-0.278671, 0.196377, -0.0341694) (0.161846, 0.762295, -0.0103185) 


# Original Graph 604 in [600, 625)
14 vertices
0 1
0 2
0 3
1 4
1 5
2 5
2 6
2 3
3 7
4 8
4 9
4 10
4 5
5 10
5 9
5 11
5 8
5 12
6 13
6 7
7 13
8 12
8 11
9 11
9 10
12 13

# Unit Distance Graph 604
14 vertices
0 5
0 8
0 11
1 5
1 12
1 8
2 4
2 9
2 11
2 8
3 5
3 11
3 9
4 6
4 13
4 12
4 5
5 8
5 12
5 13
5 7
6 10
6 9
7 9
7 10
10 13

# Embedding 604 (with cost 9.76716e-15)
(-0.329355, 0.157591, 0.12989) (-0.295951, 0.0672689, -0.262627) (0.0146301, 0.591221, 0.29494) (-0.202235, 0.142166, 0.328338) (-0.104696, -0.0245879, -0.483867) (0.409809, 0.767596, -0.155645) (0.0821318, 0.308793, 0.440228) (0.0363533, 0.0665859, 0.451904) (0.609365, -0.183487, 0.0801904) (0.367322, 0.0842629, -0.491572) (0.134721, 0.12582, -0.541482) (0.556503, 0.00649587, -0.308773) (0.510615, -0.117387, 0.298936) (0.294904, -0.0327446, 0.432786) 


# Original Graph 605 in [600, 625)
14 vertices
0 1
0 2
0 3
1 3
1 4
2 5
2 6
3 6
3 7
3 4
4 7
4 8
5 9
5 10
5 11
6 11
6 12
6 13
6 9
6 8
7 8
8 9
9 13
10 12
10 11
12 13

# Unit Distance Graph 605
14 vertices
0 6
0 9
0 13
1 6
1 13
1 12
2 6
2 8
2 9
3 5
3 10
3 12
3 13
3 9
4 6
4 12
4 10
4 11
5 7
5 8
5 6
6 9
6 8
7 11
7 10
8 11

# Embedding 605 (with cost 9.95062e-15)
(0.0808611, 0.655085, -0.160701) (-0.0447405, 0.83869, -0.138035) (0.10173, 0.432868, -0.147133) (-0.0191421, 1.07342, 0.295509) (-0.378201, 1.01491, -0.00599231) (-0.0148677, 0.138655, -0.0597192) (-0.0304067, 0.59269, 0.831129) (-0.272546, 1.07417, 0.181959) (-0.795708, 0.707823, 0.197838) (-0.822676, 0.481655, 0.231145) (-0.179936, 0.0865196, 0.308314) (0.00948381, 0.114829, 0.192907) (-0.375773, 0.167988, 0.525725) (-0.573963, 0.26349, 0.485719) 


# Original Graph 606 in [600, 625)
14 vertices
0 1
0 2
0 3
1 3
1 4
1 5
2 5
2 6
3 7
3 4
4 7
4 8
5 8
5 9
5 10
5 11
5 12
6 12
6 13
6 9
7 8
8 9
9 10
10 13
11 13
11 12

# Unit Distance Graph 606
14 vertices
0 5
0 10
0 9
1 6
1 9
1 10
1 13
2 5
2 9
2 8
3 5
3 11
3 13
3 10
4 6
4 13
4 11
4 12
5 7
5 8
5 9
5 6
6 8
7 12
7 11
8 12

# Embedding 606 (with cost 9.51516e-15)
(0.350623, 0.0771802, 0.138814) (0.416211, -0.0228636, 0.618584) (-0.0115335, -0.104215, -0.0724769) (0.576167, 0.00651798, 0.26446) (0.664871, -0.165606, 0.423454) (-0.0640202, -0.494726, 0.846624) (-0.135281, -0.364729, -0.142327) (0.745387, -0.382618, 0.270177) (0.715312, -0.706826, 0.257001) (0.54001, -0.904423, 0.163034) (0.16008, -0.901492, 0.215584) (-0.235359, -0.577525, 0.28235) (-0.237516, -0.448212, 0.0981345) (-0.126735, -0.686404, 0.103877) 


# Original Graph 607 in [600, 625)
14 vertices
0 1
0 2
0 3
1 3
1 4
1 5
2 5
2 6
2 7
2 8
2 3
3 9
3 4
4 9
4 10
5 11
5 12
5 6
6 12
7 12
7 13
8 13
8 11
8 10
9 10
11 13

# Unit Distance Graph 607
14 vertices
0 8
0 11
0 13
1 2
1 8
1 13
1 7
2 5
2 11
2 8
2 10
2 4
3 5
3 12
3 7
3 13
3 11
4 7
4 12
4 6
5 9
5 10
5 8
6 10
6 9
9 12

# Embedding 607 (with cost 8.99898e-15)
(-0.718882, -1.44228, -0.0826491) (-1.00466, -0.972992, 0.161388) (-0.5807, -1.443, -0.612789) (-0.992985, -1.7068, -0.0736808) (-1.36799, -1.48956, 0.00203636) (-0.975529, -0.707011, -0.0628522) (-0.674202, -1.00204, -0.52804) (-1.02941, -1.05898, -0.834601) (-1.57201, -1.31376, -0.588273) (-1.3995, -1.60332, -0.192781) (-1.55506, -1.45425, -0.388081) (-1.45831, -0.966645, -0.559109) (-0.861177, -0.856307, -0.582884) (-1.35118, -1.0848, -0.769966) 


# Original Graph 608 in [600, 625)
14 vertices
0 1
0 2
0 3
0 4
1 4
1 5
2 6
2 7
2 8
2 9
3 10
3 11
3 4
4 11
5 9
5 12
5 13
5 6
6 13
7 13
7 12
8 12
8 9
9 11
9 10
10 11

# Unit Distance Graph 608
14 vertices
0 5
0 12
0 8
0 9
1 2
1 9
1 8
2 5
2 9
2 11
2 4
3 5
3 13
3 7
3 12
4 8
4 12
4 7
5 10
5 9
6 9
6 10
6 11
7 11
10 13
11 13

# Embedding 608 (with cost 9.15731e-15)
(1.15403, -0.124027, -0.397273) (0.560082, 0.0074423, 0.13492) (1.15233, -0.683593, -0.279463) (0.828238, 0.0443666, -0.584909) (0.657413, 0.172249, -0.429773) (0.429355, -0.272331, 0.275669) (0.786675, -0.532744, 0.161276) (0.6171, -0.713858, 0.0319511) (0.416786, -0.798318, -0.439725) (0.26446, -0.475051, -0.689584) (0.459146, -0.194193, -0.720828) (0.550368, 0.0353075, -0.627062) (0.421938, -0.757561, -0.146922) (0.579335, -0.478543, 0.230329) 


# Original Graph 609 in [600, 625)
14 vertices
0 1
0 2
0 3
1 4
1 5
1 6
1 7
1 8
2 8
2 9
3 9
3 10
4 11
4 8
4 5
5 8
5 12
6 12
6 7
7 8
8 12
9 13
9 10
10 13
10 11
11 13

# Unit Distance Graph 609
14 vertices
0 4
0 5
0 8
1 2
1 9
1 13
1 11
1 4
1 8
2 5
2 4
3 5
3 12
3 8
4 8
5 9
6 9
6 10
6 13
7 10
7 11
7 13
8 11
8 10
9 12
10 12

# Embedding 609 (with cost 9.53445e-15)
(-0.0794622, -0.481391, -0.8534) (0.00132557, -0.483674, -0.479) (0.520614, 0.015573, -1.17261) (0.0623625, -0.564238, -1.14779) (0.838108, -0.878939, -0.857894) (0.848001, -0.687693, -0.54155) (0.394548, -0.295139, -0.375699) (0.419646, -0.0974126, -0.487641) (0.723544, 0.114, -0.827118) (0.421039, -0.335757, -1.37452) (0.333116, -0.677229, -1.29778) (0.72258, -0.858082, -1.06176) (0.733598, -0.393833, -0.426401) (0.567229, -0.69463, -1.27603) 


# Original Graph 610 in [600, 625)
14 vertices
0 1
0 2
0 3
0 4
1 5
1 6
2 7
2 8
2 9
2 10
3 10
3 11
3 8
3 12
3 4
4 5
5 13
5 6
6 13
6 12
7 12
7 8
8 11
9 11
9 10
12 13

# Unit Distance Graph 610
14 vertices
0 3
0 12
0 7
0 8
1 3
1 8
1 11
2 3
2 4
2 5
2 13
2 12
3 7
3 12
3 6
4 8
4 7
5 9
5 11
5 8
6 11
6 9
6 10
9 13
10 12
10 13

# Embedding 610 (with cost 8.58375e-15)
(0.139556, 0.174904, -0.219807) (-0.162077, -0.0512661, -0.168781) (0.124305, 0.557615, -0.597979) (0.116096, -0.310912, -1.09355) (-0.0267177, -0.430856, -0.587188) (-0.249494, -0.339436, -0.362241) (-0.466512, -0.122753, -0.30288) (-0.612968, 0.332203, -0.859311) (-0.394097, 0.381623, -1.03986) (0.148258, 0.423638, -0.871663) (0.226259, 0.203722, -0.945906) (-0.0291386, 0.306614, -1.09304) (-0.729591, 0.04677, -0.697474) (-0.617496, -0.106975, -0.508246) 


# Original Graph 611 in [600, 625)
14 vertices
0 1
0 2
0 3
0 4
1 5
1 6
2 7
2 8
2 9
2 10
2 3
3 10
3 9
3 8
3 11
3 4
4 5
5 12
6 12
6 13
7 11
7 8
8 9
9 10
11 13
12 13

# Unit Distance Graph 611
14 vertices
0 3
0 11
0 7
0 8
1 3
1 8
1 9
2 3
2 4
2 5
2 12
2 13
2 11
3 7
3 11
3 13
3 6
4 8
4 7
5 9
5 8
6 9
6 10
9 12
10 13
10 12

# Embedding 611 (with cost 9.60635e-15)
(0.708249, -0.294319, -0.10162) (0.62789, -0.16114, -0.298079) (0.438427, -0.39329, 0.357045) (-0.0500253, -0.89386, -0.357689) (0.228392, -0.621108, -0.593736) (0.311263, -0.347302, -0.63377) (0.439931, -0.0236905, -0.410107) (-0.235482, 0.00990923, 0.0280671) (-0.246105, -0.211225, 0.185269) (-0.132733, -0.514501, 0.246521) (0.00134702, -0.742631, 0.129123) (-0.206248, 0.086587, -0.238028) (0.237611, -0.0628105, -0.565156) (0.0221464, 0.102401, -0.405189) 


# Original Graph 612 in [600, 625)
14 vertices
0 1
0 2
0 3
0 4
1 5
1 6
1 7
1 8
1 9
2 9
2 3
3 10
3 4
4 11
5 12
5 9
5 6
6 13
7 13
7 9
7 8
8 9
9 13
10 12
10 11
11 12

# Unit Distance Graph 612
14 vertices
0 5
0 6
0 13
0 9
1 2
1 3
1 10
1 12
1 5
1 9
2 6
2 5
3 7
3 13
3 6
4 7
4 9
4 13
5 9
7 11
7 10
8 10
8 11
8 12
9 12
9 11

# Embedding 612 (with cost 9.94305e-15)
(1.15131, 0.477484, 0.099673) (0.557559, 0.337055, -0.0798617) (1.00725, 0.650478, 0.756523) (1.32413, 0.421425, 0.55673) (1.26018, 0.336242, 0.234569) (0.845958, -0.325675, 0.611235) (0.542107, -0.200184, 0.511547) (0.324478, 0.408713, 0.579827) (0.381246, 0.470702, 0.314778) (0.546271, 0.587255, 0.888267) (1.28486, 0.130084, 0.574503) (1.20125, -0.0671659, 0.510462) (1.0447, -0.225929, 0.587774) (0.353415, 0.193001, 0.63112) 


# Original Graph 613 in [600, 625)
14 vertices
0 1
0 2
0 3
0 4
0 5
1 5
1 2
2 6
2 3
3 7
4 8
4 9
4 10
4 11
5 11
5 10
5 12
5 13
6 13
6 7
7 13
8 13
8 9
9 12
10 12
10 11

# Unit Distance Graph 613
14 vertices
0 5
0 13
0 8
0 9
0 12
1 4
1 9
1 8
2 4
2 10
2 12
2 9
3 5
3 12
3 10
4 6
4 13
4 5
5 8
5 13
5 7
6 11
6 10
7 10
7 11
11 13

# Embedding 613 (with cost 9.98354e-15)
(0.0651485, 0.325978, -0.201592) (0.417543, 0.426653, -0.868608) (0.533974, 0.651763, -0.544324) (0.300453, 0.486311, -0.199413) (0.157046, -0.163319, -0.10436) (0.484138, -0.0247015, -1.03913) (0.767877, 0.567347, -0.40934) (0.864309, 0.437272, -0.23785) (1.00824, -0.0062508, -0.187678) (0.87273, -0.256015, -0.296971) (0.477255, -0.323224, -0.759229) (0.279052, -0.280379, -0.615278) (0.690363, -0.333056, -0.619661) (1.05924, 0.237315, -0.264147) 


# Original Graph 614 in [600, 625)
14 vertices
0 1
0 2
0 3
0 4
1 4
1 5
1 2
2 6
2 7
2 8
2 9
2 3
3 9
3 10
3 11
4 12
4 5
5 12
5 13
6 13
6 11
7 11
7 10
8 10
8 9
12 13

# Unit Distance Graph 614
14 vertices
0 2
0 7
0 11
0 6
1 3
1 11
1 7
1 10
2 4
2 12
2 13
2 6
2 11
2 3
3 6
3 13
3 5
4 8
4 10
4 7
5 10
5 8
5 9
8 12
9 13
9 12

# Embedding 614 (with cost 9.77756e-15)
(-0.194551, -1.84624, -1.07481) (0.454968, -1.69871, -1.33832) (0.154116, -1.04041, -1.55341) (-0.443146, -1.54188, -0.927475) (0.215923, -1.90853, -1.06092) (0.52191, -1.75687, -1.0773) (0.460437, -1.24071, -0.622796) (0.137776, -0.965899, -0.73635) (-0.0659952, -0.980644, -1.30497) (-0.251292, -1.15054, -1.26308) (-0.0545309, -0.959775, -0.897436) (0.241897, -1.10862, -0.559611) (0.498644, -1.6793, -0.865583) (0.535438, -1.4697, -0.734696) 


# Original Graph 615 in [600, 625)
14 vertices
0 1
0 2
0 3
0 4
1 4
1 5
1 6
1 2
2 6
3 7
3 8
3 9
3 4
4 9
4 10
4 11
4 12
5 13
5 6
6 13
7 12
7 11
8 10
8 9
10 11
12 13

# Unit Distance Graph 615
14 vertices
0 4
0 12
0 7
0 11
1 3
1 8
1 10
1 11
1 7
2 4
2 11
2 10
3 5
3 13
3 12
3 4
4 7
4 12
4 13
4 6
5 9
5 8
6 10
6 8
6 9
9 13

# Embedding 615 (with cost 9.24233e-15)
(-0.645822, 1.02023, -0.126859) (-1.16114, 1.02897, 0.267764) (-0.774284, 1.18004, -0.0343484) (-0.698924, 0.712141, -0.560473) (-1.43746, 0.436937, 0.0550121) (-1.20881, 1.23686, 0.121208) (-1.09325, 1.37336, -0.0130146) (-1.47486, 1.11643, -0.677715) (-1.08128, 0.580701, -0.622561) (-0.893466, 0.530217, -0.512208) (-1.36456, 0.632534, -0.627478) (-1.46806, 0.827643, -0.662435) (-1.53821, 1.25376, -0.51301) (-1.43384, 1.35441, -0.342778) 


# Original Graph 616 in [600, 625)
14 vertices
0 1
0 2
0 3
0 4
1 4
1 5
1 6
1 2
2 6
2 3
3 7
3 8
3 9
4 9
4 10
4 11
5 12
5 6
6 12
7 12
7 13
8 10
8 9
10 13
11 13
11 12

# Unit Distance Graph 616
14 vertices
0 7
0 13
0 11
0 12
1 3
1 8
1 10
1 13
1 7
2 4
2 11
2 13
2 10
3 5
3 12
3 11
3 4
4 7
4 12
4 6
5 9
5 8
6 10
6 8
6 9
9 12

# Embedding 616 (with cost 9.85617e-15)
(0.251732, 0.66952, -0.261335) (0.242438, 0.0368643, -0.244446) (0.459396, 0.490931, 0.00315434) (0.649075, 0.938298, -0.392988) (0.222383, 0.207787, -0.926176) (0.773212, -0.0286996, -0.170488) (0.655114, 0.104582, -0.0305796) (1.14447, 0.331821, -0.559617) (0.681638, 0.74309, -0.799738) (0.365263, 0.546503, -0.879516) (0.794029, 0.498508, -0.939164) (0.793235, 0.0506291, -0.830324) (0.993803, 0.00213375, -0.323998) (1.01098, 0.326973, -0.814692) 


# Original Graph 617 in [600, 625)
14 vertices
0 1
0 2
0 3
0 4
1 4
1 5
1 2
2 6
2 3
3 7
3 8
3 9
3 4
4 9
4 8
4 10
5 11
5 6
6 11
7 12
7 13
8 13
8 9
10 13
10 12
11 12

# Unit Distance Graph 617
14 vertices
0 7
0 13
0 10
0 12
1 3
1 8
1 13
1 7
2 4
2 10
2 13
2 8
3 5
3 11
3 12
3 10
3 4
4 7
4 12
4 11
4 6
5 9
5 8
6 8
6 9
9 11

# Embedding 617 (with cost 9.2001e-15)
(-0.330041, -1.74586, -0.203614) (-0.458062, -1.56318, -0.642921) (0.072865, -1.60474, -0.389334) (0.0781126, -1.44439, 0.192785) (-0.865315, -1.37406, -0.131252) (-0.25513, -1.34553, -0.744859) (-0.0137111, -1.33984, -0.65432) (-0.05802, -0.784587, -0.159434) (-0.46331, -0.9581, 0.153227) (-0.48116, -1.17701, 0.214573) (-0.453358, -0.758637, -0.304496) (-0.113595, -1.05256, -0.707061) (-0.145816, -0.831977, -0.565378) (-0.343616, -0.755722, -0.0642037) 


# Original Graph 618 in [600, 625)
14 vertices
0 1
0 2
0 3
1 3
1 4
1 5
1 6
1 7
1 8
2 8
2 9
3 9
3 10
4 11
4 12
4 5
5 12
5 6
6 8
6 7
7 8
8 12
9 13
10 13
10 11
11 13

# Unit Distance Graph 618
14 vertices
0 4
0 5
0 12
1 2
1 9
1 13
1 11
1 4
1 12
1 8
2 5
2 4
3 5
3 6
3 8
3 12
4 8
5 9
6 10
6 13
6 9
7 10
7 11
7 13
8 11
8 10

# Embedding 618 (with cost 9.75723e-15)
(-0.142496, 0.315983, 0.91513) (0.282243, 0.525039, 0.819182) (-0.530315, 0.526825, 1.40206) (-0.112511, 0.040132, 1.09347) (0.355747, 0.258784, 1.78028) (0.4259, 0.662893, 1.66117) (0.313831, 0.899275, 1.3765) (0.147994, 0.908525, 1.14167) (-0.331596, 0.928024, 1.49801) (-0.468649, 0.279085, 1.4321) (-0.0535463, -0.0296246, 1.4232) (0.163979, 0.085641, 1.70966) (0.133697, 0.714296, 1.78981) (-0.230884, 0.0793771, 1.55273) 


# Original Graph 619 in [600, 625)
14 vertices
0 1
0 2
0 3
0 4
1 4
1 5
2 6
2 7
2 3
3 7
3 8
3 9
3 10
3 11
3 4
4 11
5 11
5 12
6 13
6 8
7 8
8 9
9 13
10 13
10 12
11 12

# Unit Distance Graph 619
14 vertices
0 3
0 10
0 13
0 9
1 3
1 9
1 8
2 3
2 11
2 12
2 10
3 6
3 13
3 10
3 12
3 5
4 6
4 8
4 9
4 13
5 8
5 7
6 11
7 12
7 11
8 11

# Embedding 619 (with cost 9.86753e-15)
(0.150704, -0.527564, -0.151884) (0.263551, -0.156285, 0.0163894) (0.0778366, -0.589044, -0.570019) (-0.661552, 0.0331277, -0.312711) (-0.053217, -0.0797578, 0.114403) (0.292567, 0.131072, -0.0297552) (0.134151, -0.235823, -0.85541) (-0.222096, -0.396971, -0.705249) (-0.18338, -0.10573, -0.87675) (-0.124736, 0.119353, -0.862961) (0.246121, 0.395629, -0.524188) (0.0674057, 0.202597, 0.0408782) (0.289451, 0.337728, -0.259674) (0.185924, 0.227381, -0.806726) 


# Original Graph 620 in [600, 625)
14 vertices
0 1
0 2
0 3
0 4
1 4
1 5
1 6
2 6
2 7
3 8
3 9
3 10
4 10
4 11
4 12
4 13
5 13
5 7
6 7
7 13
8 13
8 12
9 12
9 11
9 10
11 12

# Unit Distance Graph 620
14 vertices
0 4
0 13
0 8
0 12
1 3
1 9
1 12
1 8
2 4
2 12
2 11
3 5
3 13
3 4
4 8
4 13
4 7
5 10
5 9
6 9
6 11
6 12
7 11
7 9
7 10
10 13

# Embedding 620 (with cost 8.56012e-15)
(0.460303, 1.4804, -0.414714) (-0.388374, 1.74135, -0.421464) (0.204792, 1.39991, -0.665031) (0.503405, 1.35315, -0.189028) (-0.365557, 1.77849, 0.0639254) (-0.405299, 1.24228, -0.591478) (-0.189824, 1.49054, -0.696885) (-0.219279, 1.16816, -0.714598) (-0.213912, 0.806102, -0.113453) (0.24514, 1.24025, 0.168078) (0.286314, 1.46284, 0.0962898) (-0.110603, 1.26691, 0.274563) (-0.174509, 0.940762, 0.138284) (-0.359513, 0.907929, -0.428095) 


# Original Graph 621 in [600, 625)
14 vertices
0 1
0 2
0 3
0 4
1 5
1 6
1 2
2 7
2 8
2 9
2 10
3 10
3 11
3 12
4 13
4 5
5 6
6 13
6 7
7 13
7 12
8 12
8 11
8 9
9 11
9 10

# Unit Distance Graph 621
14 vertices
0 2
0 8
0 12
0 7
1 3
1 12
1 8
1 11
2 4
2 13
2 7
2 12
2 3
3 7
3 6
4 9
4 8
5 8
5 9
5 11
6 11
6 9
6 10
7 10
9 13
10 13

# Embedding 621 (with cost 7.95569e-15)
(-1.35905, -0.500693, 0.932105) (-1.24459, -0.0651879, 0.200641) (-0.732602, -0.124629, 0.249359) (-1.12927, -0.701093, 0.963743) (-1.57027, -0.513833, 0.632551) (-1.54128, -0.337799, 0.291843) (-1.50572, -0.440228, 0.0747928) (-1.35026, -0.871656, 0.00349892) (-0.725816, -0.916473, 0.279307) (-0.593821, -0.619072, 0.444197) (-0.763019, -0.53184, 0.738122) (-0.713645, -0.845392, 0.531369) (-1.09173, -1.05167, 0.141555) (-1.54039, -0.702435, 0.132653) 


# Original Graph 622 in [600, 625)
14 vertices
0 1
0 2
0 3
0 4
1 5
1 6
1 2
2 7
2 8
2 9
2 10
3 10
3 9
3 11
3 4
4 5
5 12
6 12
6 13
7 13
7 8
8 11
8 9
9 10
11 13
12 13

# Unit Distance Graph 622
14 vertices
0 7
0 8
0 11
0 13
1 3
1 11
1 8
1 9
2 3
2 4
2 5
2 12
2 13
2 11
3 7
3 13
3 6
4 8
4 7
5 9
5 8
6 9
6 10
9 12
10 13
10 12

# Embedding 622 (with cost 8.42391e-15)
(-0.514366, -0.692968, -0.641688) (-0.847097, -0.806984, -0.53248) (-0.505866, -0.538342, 0.0492188) (-0.361468, 0.0384318, -0.754822) (-0.571551, -0.277029, -0.913798) (-0.967912, -0.442379, -0.83243) (-1.15055, -0.532893, -0.529132) (-1.07861, -0.096315, -0.0710432) (-0.740989, 0.0146333, 0.0275966) (-0.395555, -0.0068475, -0.137649) (-0.287861, -0.0422831, -0.406377) (-0.962377, 0.184364, -0.469717) (-1.23504, -0.302869, -0.593323) (-1.28594, -0.10404, -0.401191) 


# Original Graph 623 in [600, 625)
14 vertices
0 1
0 2
0 3
1 3
1 4
1 5
1 6
2 7
2 8
3 8
3 9
4 10
4 11
5 11
5 7
5 6
6 7
7 12
7 8
8 13
9 13
9 10
10 13
10 12
10 11
11 12

# Unit Distance Graph 623
14 vertices
0 10
0 11
0 12
1 7
1 8
1 13
1 10
1 12
2 4
2 11
2 10
3 5
3 7
3 12
3 11
4 8
4 7
5 9
5 13
5 8
6 9
6 10
6 13
7 10
7 9
8 11

# Embedding 623 (with cost 7.931e-15)
(-0.381381, 0.444551, 0.239571) (-0.172856, 0.196859, 0.430845) (-0.630137, 0.439814, -0.253712) (-0.117362, 0.547143, 0.272245) (0.193345, -0.0191404, 0.0798111) (-0.22644, -0.314079, -0.224141) (-0.507124, -0.109455, -0.0235088) (-0.653327, 0.0940691, -0.44012) (-0.325471, 0.656389, -0.444107) (0.173335, 0.602171, -0.198333) (0.335037, 0.24578, -0.429185) (0.104867, -0.236033, -0.308487) (0.0576884, -0.0503463, -0.510292) (0.012866, 0.629952, -0.451163) 


# Original Graph 624 in [600, 625)
14 vertices
0 1
0 2
0 3
1 4
1 5
2 6
2 7
2 8
2 9
3 10
3 11
4 11
4 12
5 12
5 13
6 13
6 7
7 13
7 10
7 8
8 10
8 9
9 10
10 13
10 11
12 13

# Unit Distance Graph 624
14 vertices
0 7
0 10
0 13
1 7
1 8
1 10
2 4
2 12
2 13
2 10
2 11
3 6
3 7
3 13
4 8
4 7
5 8
5 9
5 10
6 11
6 10
7 11
8 12
9 13
9 12
10 13

# Embedding 624 (with cost 7.6551e-15)
(0.323326, -0.100759, 0.281584) (0.303279, 0.108432, 0.362531) (0.192487, -0.414477, 0.395665) (-0.141829, 0.23014, -0.00460063) (-0.0996186, 0.540915, 0.352064) (-0.0672266, 0.339605, 0.805196) (-0.218451, -0.0245765, 0.959375) (-0.530291, -0.25399, 0.779438) (-0.593577, -0.325153, 0.275053) (-0.404129, -0.337639, 0.151103) (-0.643766, 0.0153748, 0.0552119) (-0.292275, 0.389973, 0.0523475) (-0.152992, 0.486143, 0.659349) (-0.319005, 0.216031, 0.979478) 
