

# Original Graph 275 in [275, 300)
14 vertices
0 1
0 2
0 3
0 4
0 5
0 6
0 7
0 8
1 8
1 2
2 9
2 10
2 3
3 10
4 10
4 9
5 9
5 6
6 11
7 12
7 13
7 8
8 13
11 13
11 12
12 13

# Unit Distance Graph 275
14 vertices
0 1
0 2
0 9
0 5
0 6
0 11
0 13
0 8
1 6
1 5
2 7
2 12
2 11
2 6
3 11
3 12
3 13
4 7
4 8
4 13
5 8
7 10
7 9
8 9
10 13
10 12

# WARNING!!: failed to find good embedding for graph 275!!!


# Original Graph 276 in [275, 300)
14 vertices
0 1
0 2
0 3
0 4
1 5
1 2
2 5
2 6
2 7
2 8
2 9
2 10
2 3
3 10
4 9
4 8
5 11
5 6
6 11
6 12
6 13
7 13
7 8
9 10
11 12
12 13

# Unit Distance Graph 276
14 vertices
0 2
0 7
0 13
0 6
1 2
1 8
1 7
2 5
2 11
2 12
2 13
2 7
2 8
2 4
3 6
3 13
3 12
4 6
4 5
5 9
5 8
6 9
6 10
9 11
10 12
10 11

# WARNING!!: failed to find good embedding for graph 276!!!


# Original Graph 277 in [275, 300)
14 vertices
0 1
0 2
0 3
0 4
0 5
1 6
1 7
1 8
1 2
2 8
2 9
2 10
2 11
2 3
3 11
4 10
4 5
5 9
6 12
6 7
7 12
7 13
7 8
9 13
10 11
12 13

# Unit Distance Graph 277
14 vertices
0 2
0 9
0 13
0 7
0 8
1 2
1 10
1 4
1 5
1 9
2 6
2 12
2 13
2 9
2 5
3 7
3 13
3 12
4 8
4 7
5 8
6 11
6 10
7 10
7 11
11 12

# WARNING!!: failed to find good embedding for graph 277!!!


# Original Graph 278 in [275, 300)
14 vertices
0 1
0 2
0 3
0 4
0 5
1 6
1 3
1 7
2 8
2 9
3 9
3 6
3 5
3 10
3 4
4 10
5 10
5 6
7 11
7 12
8 13
8 9
9 11
11 13
11 12
12 13

# Unit Distance Graph 278
14 vertices
0 1
0 7
0 11
0 9
0 3
1 3
1 9
1 2
2 3
2 6
3 8
3 13
3 12
3 7
4 7
4 12
4 11
5 8
5 9
5 11
5 13
6 9
6 8
10 11
10 12
10 13

# Embedding 278 (with cost 8.8439e-15)
(-0.426006, 0.598691, 0.49794) (0.142995, -0.223433, 0.516659) (-0.160612, 0.725464, 0.430535) (-0.233638, 0.104348, -0.349774) (-0.520007, 0.31564, 0.0967154) (-0.386427, -0.138057, 0.186951) (-0.0986927, -0.268967, 0.34525) (0.345758, -0.0356396, 0.45316) (0.116331, 0.707398, 0.367061) (0.310114, 0.484795, -0.16926) (-0.462425, 0.0690363, -0.0306618) (0.477893, 0.362792, 0.141123) (0.433245, 0.226215, 0.385356) (0.337857, 0.531701, 0.350771) 


# Original Graph 279 in [275, 300)
14 vertices
0 1
0 2
0 3
0 4
0 5
1 6
1 7
1 8
2 9
2 3
3 9
3 7
3 10
4 10
4 11
5 11
5 10
5 12
6 12
6 10
7 13
7 8
8 13
9 13
10 12
10 11

# Unit Distance Graph 279
14 vertices
0 1
0 7
0 3
0 10
0 6
1 4
1 10
1 3
2 6
2 10
2 12
3 6
3 12
3 5
4 8
4 7
5 7
5 13
5 9
7 11
8 11
8 10
9 12
9 10
10 13
11 13

# Embedding 279 (with cost 9.96206e-15)
(0.189859, -0.357675, 0.332423) (0.610039, -0.42106, -0.572801) (0.323101, -0.120031, 0.25594) (-0.0597268, 0.29647, -0.381581) (-0.19895, -0.397348, 0.0145434) (-0.0958785, -0.701522, -0.329577) (0.343083, -0.58464, -0.629351) (0.509372, 0.0734714, -0.511392) (0.651039, -0.165592, -0.458539) (0.470863, 0.0233713, 0.0620008) (-0.34851, -0.150209, -0.484349) (-0.267966, -0.494922, -0.241809) (0.0916471, -0.679206, -0.540146) (0.594513, 0.00871742, -0.192029) 


# Original Graph 280 in [275, 300)
14 vertices
0 1
0 2
0 3
0 4
0 5
0 6
1 7
1 8
1 2
2 9
2 10
3 11
3 12
4 12
4 8
5 8
5 13
6 13
6 7
7 8
8 13
9 12
9 11
9 10
10 11
11 12

# Unit Distance Graph 280
14 vertices
0 1
0 2
0 9
0 12
0 4
0 8
1 4
1 12
1 3
2 5
2 8
2 4
3 8
3 7
5 10
5 9
6 9
6 11
6 12
7 12
7 11
8 11
8 10
9 13
10 13
11 13

# Embedding 280 (with cost 9.16163e-15)
(-0.551158, 0.0960712, 0.264519) (0.338284, -0.0753064, -0.159183) (0.175268, 0.0589812, -0.421724) (-0.655272, 0.0360377, -0.180352) (-0.399771, -0.742697, -0.258502) (-0.376188, -0.260121, 0.349035) (0.0249787, -0.212585, 0.31287) (0.266834, -0.22725, 0.103195) (-0.117472, -0.777133, 0.0421882) (-0.266509, -0.2107, -0.643703) (-0.077877, 0.0169454, -0.564335) (-0.4843, -0.0445322, -0.531164) (-0.471273, -0.567202, -0.479583) (-0.145384, -0.441823, 0.321652) 


# Original Graph 281 in [275, 300)
14 vertices
0 1
0 2
0 3
0 4
0 5
0 6
0 7
1 7
1 5
1 2
2 8
3 9
3 10
4 10
4 5
5 7
5 11
5 6
6 11
7 11
8 12
8 13
9 13
9 12
10 12
12 13

# Unit Distance Graph 281
14 vertices
0 1
0 2
0 8
0 12
0 10
0 4
0 5
1 4
1 10
1 3
2 5
2 4
3 5
3 7
5 9
5 13
5 8
6 8
6 13
6 12
7 10
7 12
7 9
9 11
11 12
11 13

# Embedding 281 (with cost 9.85584e-15)
(-0.334717, -0.578077, 0.254363) (0.517548, -0.167601, -0.0699096) (0.362383, 0.06958, -0.0531938) (-0.461115, -0.260364, 0.113432) (-0.196665, -0.418868, -0.723182) (0.0231678, -0.633901, -0.677732) (0.00204842, -0.781728, -0.199032) (0.485176, -0.446787, -0.15073) (0.131628, 0.208634, -0.150122) (-0.392233, 0.0216263, -0.0470762) (-0.320834, -0.0683972, -0.605889) (0.246877, -0.697044, -0.321032) (-0.265588, 0.155777, -0.421418) (-0.154336, 0.205338, -0.163756) 


# Original Graph 282 in [275, 300)
14 vertices
0 1
0 2
0 3
0 4
0 5
0 6
0 7
1 7
1 8
1 9
2 10
2 3
3 8
3 4
4 11
5 11
5 12
6 12
6 11
6 13
7 13
8 10
8 9
9 10
11 13
11 12

# Unit Distance Graph 282
14 vertices
0 1
0 8
0 3
0 4
0 11
0 13
0 7
1 5
1 11
1 4
2 6
2 13
2 11
3 7
3 13
3 6
4 7
5 9
5 8
6 8
6 10
8 12
9 12
9 11
10 11
10 12

# Embedding 282 (with cost 9.04705e-15)
(0.0243525, -0.244325, -0.460688) (-0.419891, -0.590826, 0.365499) (0.177273, -0.219126, 0.0224819) (-0.0539582, 0.22425, 0.419258) (-0.305301, 0.393971, 0.234946) (-0.366869, 0.0244358, -0.421038) (-0.804393, -0.123838, -0.142598) (-0.662241, -0.539633, 0.203679) (-0.0594944, -0.0895555, 0.523698) (-0.181642, -0.444175, 0.44273) (0.0547863, -0.287458, 0.342211) (-0.674786, 0.303767, -0.00155812) (-0.643515, 0.0850217, -0.269046) (-0.815655, -0.325181, 0.0758287) 


# Original Graph 283 in [275, 300)
14 vertices
0 1
0 2
0 3
0 4
0 5
0 6
1 7
1 8
1 2
2 8
2 9
2 3
3 9
4 9
4 10
5 10
5 11
6 12
6 13
7 13
7 8
8 13
9 11
9 10
11 12
12 13

# Unit Distance Graph 283
14 vertices
0 2
0 9
0 11
0 12
0 13
0 8
1 5
1 11
1 9
1 10
2 6
2 12
2 11
2 5
3 6
3 13
3 12
4 7
4 8
4 13
5 8
6 9
7 10
7 9
8 10
9 13

# Embedding 283 (with cost 8.33632e-15)
(0.3497, -0.468752, 0.169669) (-0.326801, -0.824487, 0.147496) (-0.554679, -0.590624, -0.239289) (-0.24213, -0.333939, -0.322302) (0.114177, -0.0559121, -0.0445121) (-0.124606, 0.145362, 0.283551) (-0.25062, -0.33226, 0.67766) (-0.544479, -0.642704, 0.426495) (-0.620016, -0.710575, 0.135423) (-0.372942, 0.107481, -0.212095) (-0.115099, 0.136612, -0.0299039) (-0.405507, 0.128825, 0.439047) (-0.459052, -0.0957006, 0.624369) (-0.535148, -0.404969, 0.631162) 


# Original Graph 284 in [275, 300)
14 vertices
0 1
0 2
0 3
0 4
0 5
1 5
1 3
1 6
2 7
2 3
3 8
3 6
3 5
3 9
3 4
4 9
5 9
6 10
7 11
7 8
8 12
10 12
10 13
11 13
11 12
12 13

# Unit Distance Graph 284
14 vertices
0 3
0 6
0 10
0 12
0 8
1 2
1 3
1 8
1 7
2 6
2 3
3 7
3 11
3 13
3 10
3 6
4 10
4 13
4 12
5 7
5 8
5 12
5 11
9 11
9 12
9 13

# Embedding 284 (with cost 9.44217e-15)
(-0.630905, -0.387488, 0.820718) (-0.0443848, 0.236764, 0.487651) (-0.813014, -0.392997, 0.599945) (0.00945156, -0.689435, 0.114481) (-0.243802, -0.529411, 0.707433) (0.0400065, -0.00446954, 0.608833) (-0.172683, 0.285745, 0.240382) (-0.879821, -0.293633, 0.343687) (-0.456228, -0.400391, -0.163824) (-5.65786e-05, -0.427793, 0.606129) (-0.389708, 0.226318, 0.0690091) (-0.821668, -0.133353, 0.118011) (-0.593178, -0.15326, -0.150732) (-0.623033, 0.0779757, 0.00938913) 


# Original Graph 285 in [275, 300)
14 vertices
0 1
0 2
0 3
0 4
1 4
1 5
1 6
2 7
2 5
3 5
3 8
4 9
5 9
5 8
5 10
5 6
6 11
6 12
7 13
7 11
7 10
8 9
10 11
11 13
11 12
12 13

# Unit Distance Graph 285
14 vertices
0 5
0 6
0 11
0 10
1 2
1 5
1 10
1 7
2 6
2 5
3 6
3 12
3 11
4 7
4 10
4 11
5 7
5 13
5 12
5 6
7 9
8 11
8 12
8 13
9 11
9 13

# Embedding 285 (with cost 9.63215e-15)
(0.143326, -0.191388, 0.568629) (-0.0934531, 0.55066, 0.170169) (0.434424, -0.225565, 0.514871) (-0.0315974, -0.286998, 0.213801) (-0.231214, 0.306817, 0.121599) (0.107633, -0.223352, -0.430223) (0.295233, 0.641206, 0.0359822) (0.648526, -0.07968, 0.398507) (-0.13552, -0.203887, -0.0418177) (-0.232217, 0.062011, -0.0533957) (0.65727, 0.0457024, -0.25578) (0.746304, 0.265691, -0.0852032) (0.546301, 0.517742, 0.0780589) (0.714411, 0.266333, 0.1959) 


# Original Graph 286 in [275, 300)
14 vertices
0 1
0 2
0 3
0 4
0 5
0 6
0 7
0 8
1 8
1 2
2 9
2 10
3 10
3 9
3 11
4 11
4 5
5 12
6 12
6 13
7 13
7 8
8 12
9 11
9 10
12 13

# Unit Distance Graph 286
14 vertices
0 1
0 2
0 9
0 11
0 4
0 5
0 12
0 8
1 5
1 4
2 6
2 12
2 5
3 7
3 8
3 12
3 13
4 8
6 10
6 9
7 11
7 9
8 11
9 13
10 13
10 12

# Embedding 286 (with cost 9.98895e-15)
(0.0938362, 0.62143, -0.634582) (0.27032, -0.341701, -0.431523) (0.00852358, -0.322666, -0.31614) (-0.271581, 0.232596, -0.148264) (0.192242, 0.320293, 0.313908) (0.466827, 0.358217, 0.255136) (0.562772, 0.509318, -0.340841) (0.674326, 0.0916469, -0.440487) (0.566584, -0.235329, -0.428488) (-0.169913, -0.0231181, 0.0830495) (-0.165512, -0.153833, -0.168121) (-0.0462291, 0.172886, 0.248136) (0.700145, 0.279144, 0.0832141) (0.722706, 0.301424, -0.229845) 


# Original Graph 287 in [275, 300)
14 vertices
0 1
0 2
0 3
0 4
0 5
1 6
1 7
1 8
2 9
2 10
2 3
3 4
4 10
4 7
4 6
4 11
4 5
5 11
6 11
7 8
8 12
9 13
9 10
10 13
10 12
12 13

# Unit Distance Graph 287
14 vertices
0 4
0 7
0 8
0 12
0 10
1 2
1 3
1 4
1 10
2 7
2 4
2 6
3 8
3 7
4 9
4 13
4 12
4 8
5 10
5 12
5 13
6 10
6 9
9 11
10 11
11 13

# Embedding 287 (with cost 7.411e-15)
(0.440157, -0.372273, 0.114057) (-0.455538, -0.274188, 0.095461) (0.438308, -0.0272632, -0.278796) (0.515185, -0.0512606, 0.00601867) (0.0707841, 0.469701, 0.507304) (0.23758, -0.103047, 0.471041) (-0.272337, -0.0774577, 0.422963) (-0.473974, 0.0329619, 0.126316) (-0.473375, -0.05837, -0.144641) (0.227852, 0.12627, -0.418646) (0.0848827, 0.434322, -0.358367) (-0.0131415, 0.018779, 0.545909) (-0.320541, 0.0972078, -0.33419) (-0.063675, 0.178707, -0.439925) 


# Original Graph 288 in [275, 300)
14 vertices
0 1
0 2
0 3
0 4
0 5
0 6
1 7
1 8
1 9
2 9
2 3
3 9
3 10
3 11
3 4
4 11
5 11
5 10
6 10
6 12
7 13
7 8
8 13
8 9
10 12
12 13

# Unit Distance Graph 288
14 vertices
0 3
0 10
0 12
0 13
0 8
0 9
1 3
1 11
1 5
1 10
2 6
2 12
2 10
3 7
3 13
3 12
3 6
4 7
4 8
4 13
5 9
5 8
6 9
7 11
8 11
9 10

# Embedding 288 (with cost 9.57319e-15)
(0.629961, 0.106752, 0.42345) (0.280893, 0.442513, 0.344159) (0.46958, 0.528524, -0.297678) (0.561814, 0.159322, -0.572839) (0.688179, -0.0729865, -0.214889) (0.279258, -0.364503, -0.246368) (0.0212549, -0.232086, 0.171872) (-0.142778, 0.385919, 0.0996216) (-0.0799761, 0.559584, -0.115932) (0.189939, 0.629679, -0.306569) (-0.00769372, -0.344853, -0.200608) (0.500261, -0.21067, -0.380567) (-0.224642, -0.140813, -0.0330198) (-0.268055, 0.140873, -0.015187) 


# Original Graph 289 in [275, 300)
14 vertices
0 1
0 2
0 3
0 4
0 5
0 6
1 6
1 3
1 7
2 8
2 9
2 10
3 10
3 5
3 11
3 4
4 11
5 11
5 6
7 12
7 13
8 13
8 12
9 12
9 10
12 13

# Unit Distance Graph 289
14 vertices
0 1
0 7
0 12
0 9
0 10
0 3
1 3
1 10
1 2
2 3
2 5
2 6
3 8
3 13
3 7
4 7
4 13
4 12
5 9
5 12
5 8
6 10
6 9
8 11
11 12
11 13

# Embedding 289 (with cost 9.30864e-15)
(-0.512232, -0.62772, -0.469401) (0.21667, 0.0350884, -0.297973) (-0.270251, -0.827497, -0.160664) (-0.580422, 0.00136047, 0.304942) (-0.691079, -0.191378, -0.181522) (-0.336909, 0.1533, -0.343946) (-0.0319085, 0.108589, -0.419382) (0.306977, -0.170921, -0.122658) (-0.0205804, -0.748131, -0.0483838) (-0.0731931, -0.447395, 0.410785) (-0.392785, -0.241246, 0.445131) (-0.599543, 0.0655598, -0.100432) (0.165111, -0.475104, 0.250262) (0.265405, -0.42831, -0.0112227) 


# Original Graph 290 in [275, 300)
14 vertices
0 1
0 2
0 3
0 4
0 5
1 6
1 7
2 7
2 8
2 9
3 9
3 10
3 8
3 4
4 8
4 11
5 11
5 12
6 12
6 13
7 11
8 10
8 9
9 10
11 13
12 13

# Unit Distance Graph 290
14 vertices
0 2
0 8
0 4
0 11
0 7
1 3
1 4
1 8
2 5
2 11
2 4
3 7
3 11
3 13
3 6
4 7
5 9
5 8
6 8
6 10
8 12
9 12
9 13
9 11
10 13
10 12

# Embedding 290 (with cost 8.0632e-15)
(-0.0311283, 0.0280032, 0.668476) (-0.54317, -0.260567, 0.0618874) (-0.130205, -0.261107, -0.283678) (0.326412, 0.183581, 0.277666) (-0.271719, 0.697021, -0.0347528) (-0.309898, 0.137482, 0.615675) (-0.650636, -0.019203, 0.212431) (-0.421179, -0.277834, -0.200042) (0.127719, 0.417273, -0.238848) (0.126263, -0.0878706, -0.25552) (0.28012, 0.157402, -0.107732) (-0.551595, 0.591062, 0.0265427) (-0.561274, 0.144251, 0.43253) (-0.655424, 0.350724, 0.187878) 


# Original Graph 291 in [275, 300)
14 vertices
0 1
0 2
0 3
0 4
1 5
1 6
1 2
2 6
2 7
2 8
2 9
2 3
3 10
4 8
4 7
5 11
5 12
6 12
6 11
6 13
7 13
8 10
8 9
9 10
11 13
11 12

# Unit Distance Graph 291
14 vertices
0 2
0 7
0 13
0 6
1 2
1 8
1 4
1 7
2 5
2 11
2 13
2 7
2 4
3 6
3 13
3 11
4 6
5 9
5 8
6 8
6 10
8 12
9 12
9 11
10 11
10 12

# Embedding 291 (with cost 9.58589e-15)
(-0.624733, 0.704749, -0.126475) (-0.731947, 0.40594, -0.204289) (0.248146, 0.217093, -0.143015) (-0.306196, 0.801748, -0.0205392) (-0.261344, 0.485781, 0.674436) (-0.747024, 0.162128, -0.0616775) (-0.18322, -0.189933, -0.0585766) (-0.316041, 0.204539, 0.682536) (-0.071416, 0.621658, 0.514852) (0.119785, 0.600693, 0.175605) (-0.103445, 0.77256, 0.200739) (-0.58127, -0.0979969, 0.318274) (-0.599282, -0.080196, 0.0365655) (-0.439024, -0.0109879, 0.546751) 


# Original Graph 292 in [275, 300)
14 vertices
0 1
0 2
0 3
0 4
0 5
0 6
1 6
1 7
1 2
2 8
2 9
2 3
3 10
4 10
4 9
4 8
5 8
5 11
6 12
6 13
7 13
7 12
7 11
9 10
11 12
12 13

# Unit Distance Graph 292
14 vertices
0 1
0 2
0 8
0 5
0 11
0 7
1 5
1 8
1 4
2 6
2 12
2 11
2 5
3 7
3 11
3 12
4 7
4 13
4 6
6 9
6 8
7 10
9 13
9 12
10 12
10 13

# Embedding 292 (with cost 4.91313e-15)
(-0.0543443, 0.946511, -0.567501) (-0.58687, 0.156187, -0.264508) (-0.339809, -0.0118012, -0.579664) (0.0725872, 0.618265, -0.734451) (0.39698, 0.224853, -0.429811) (0.338811, 0.299355, 0.0856604) (-0.296869, 0.870895, -0.111685) (-0.508513, 0.254421, -0.00648093) (0.40694, 0.16174, -0.153554) (0.0750134, 0.109227, -0.642312) (0.237716, 0.340488, -0.666583) (0.101278, 0.368238, 0.233363) (-0.144743, 0.530325, 0.237678) (-0.346823, 0.656044, 0.0809056) 


# Original Graph 293 in [275, 300)
14 vertices
0 1
0 2
0 3
0 4
0 5
0 6
1 6
1 7
1 2
2 8
2 9
2 3
3 9
3 10
4 10
4 8
5 8
5 11
6 12
6 13
6 7
7 13
7 11
9 10
11 12
12 13

# Unit Distance Graph 293
14 vertices
0 1
0 2
0 8
0 5
0 11
0 7
1 5
1 8
1 4
2 6
2 12
2 11
2 5
3 7
3 11
3 12
3 13
4 7
4 6
6 9
6 10
6 8
7 10
9 13
9 12
10 13

# WARNING!!: failed to find good embedding for graph 293!!!


# Original Graph 294 in [275, 300)
14 vertices
0 1
0 2
0 3
0 4
0 5
1 6
1 7
1 8
2 8
2 7
2 9
2 3
3 9
3 7
3 10
4 10
4 11
5 12
5 13
6 13
6 10
7 9
7 8
10 11
11 12
12 13

# Unit Distance Graph 294
14 vertices
0 1
0 7
0 3
0 10
0 6
1 4
1 10
1 3
2 6
2 10
2 11
2 12
2 13
3 6
3 13
3 5
4 8
4 7
5 7
5 9
7 12
7 11
8 11
8 10
9 13
9 12

# Embedding 294 (with cost 8.15416e-15)
(0.563519, 0.296076, -0.271175) (-0.0983054, -0.394869, -0.562007) (0.0235151, 0.351872, -0.16942) (0.0279967, -0.201762, 0.411008) (0.627005, -0.157678, 0.0842633) (0.637061, -0.166976, -0.38135) (0.146021, -0.581605, -0.506483) (-0.339377, -0.121788, -0.170332) (-0.225513, -0.153684, -0.438419) (-0.235691, 0.0120952, 0.0727835) (0.31966, -0.453174, 0.344583) (0.56995, -0.443126, 0.0939922) (0.599348, -0.465081, -0.201101) (0.436979, -0.515675, -0.445843) 


# Original Graph 295 in [275, 300)
14 vertices
0 1
0 2
0 3
0 4
1 5
1 6
1 2
2 6
2 7
2 8
2 9
2 10
2 3
3 10
4 9
4 11
5 12
5 7
6 7
7 12
7 13
8 13
8 11
9 11
9 10
12 13

# Unit Distance Graph 295
14 vertices
0 2
0 8
0 13
0 7
1 2
1 9
1 11
1 8
2 5
2 12
2 13
2 8
2 11
2 4
3 7
3 13
3 12
4 7
4 6
5 10
5 9
6 11
6 9
7 9
7 10
10 12

# Embedding 295 (with cost 9.60244e-15)
(0.102639, -0.103219, 0.258129) (-0.208881, 0.0107053, 0.327212) (0.152488, 0.797982, -0.172396) (0.378233, 0.346298, -0.0475067) (0.520758, 0.204949, 0.543628) (-0.302176, 0.227582, 0.511654) (-0.329192, 0.633464, 0.237099) (-0.310984, 0.760099, 0.547261) (0.333893, 0.700622, 0.806181) (0.649212, 0.517746, 0.408376) (0.543819, 0.53808, 0.0781983) (0.547153, 0.541668, 0.709955) (-0.217438, 0.56204, 0.726206) (0.0522229, 0.722665, 0.81971) 


# Original Graph 296 in [275, 300)
14 vertices
0 1
0 2
0 3
0 4
0 5
0 6
1 6
1 7
1 8
1 2
2 9
2 10
2 3
3 10
4 10
4 11
5 9
5 12
6 13
6 7
7 8
8 13
8 12
9 11
10 11
12 13

# Unit Distance Graph 296
14 vertices
0 1
0 2
0 9
0 5
0 12
0 8
1 5
1 9
1 11
1 4
2 6
2 13
2 12
2 5
3 8
3 12
3 13
4 8
4 7
6 10
6 11
6 9
7 11
7 10
8 10
10 13

# Embedding 296 (with cost 9.99901e-15)
(-0.404808, 0.712222, -0.277328) (-0.165282, -0.205866, 0.03849) (-0.240635, 0.0543577, 0.457697) (-0.300161, 0.420043, 0.419606) (-0.103864, 0.769362, 0.250994) (0.530355, 0.512142, 0.0149707) (-0.189238, 0.357074, -0.493996) (0.0365299, -0.0617627, -0.287078) (0.314405, 0.0176767, -0.258928) (0.420759, 0.570935, 0.269003) (-0.0716255, 0.57746, 0.4743) (0.180086, 0.667504, 0.381922) (0.499431, 0.299252, -0.168664) (0.209197, 0.225956, -0.418776) 


# Original Graph 297 in [275, 300)
14 vertices
0 1
0 2
0 3
0 4
0 5
0 6
1 6
1 7
1 2
2 8
2 9
2 10
3 10
3 9
4 9
4 8
5 8
5 11
6 12
6 7
7 13
7 11
9 10
11 13
11 12
12 13

# Unit Distance Graph 297
14 vertices
0 1
0 2
0 8
0 5
0 11
0 7
1 5
1 8
1 4
2 6
2 12
2 11
2 5
3 7
3 11
3 13
4 7
4 6
6 9
6 8
7 9
9 13
9 12
10 11
10 12
10 13

# Embedding 297 (with cost 9.68245e-15)
(0.00780463, 0.41925, -0.17522) (-0.268346, -0.515923, -0.397014) (0.0291837, -0.412351, -0.730181) (0.160673, 0.302567, -0.427103) (0.646202, -0.111928, -0.377238) (0.583682, -0.35067, 0.0997146) (-0.201111, 0.0389003, 0.131988) (-0.186662, -0.552623, -0.0423847) (0.684286, -0.317162, -0.166828) (0.475872, -0.0508592, -0.598516) (0.219028, -0.123344, -0.720506) (0.335331, -0.438293, 0.22145) (-0.0523824, -0.184232, 0.24003) (0.0445963, -0.465327, 0.202869) 


# Original Graph 298 in [275, 300)
14 vertices
0 1
0 2
0 3
0 4
1 5
1 6
1 2
2 6
2 7
2 8
2 9
2 10
3 10
3 9
4 8
4 7
5 11
5 6
6 12
6 13
7 13
8 9
9 10
11 13
11 12
12 13

# Unit Distance Graph 298
14 vertices
0 2
0 7
0 13
0 6
1 2
1 8
1 4
1 7
2 5
2 11
2 13
2 7
2 4
3 6
3 13
3 12
4 6
5 9
5 8
6 8
6 9
9 12
9 11
10 11
10 12
10 13

# Embedding 298 (with cost 9.94513e-15)
(-0.1978, -0.0878802, -0.0739424) (0.00836673, -0.329791, -0.186106) (0.615398, 0.117951, 0.470431) (-0.127137, 0.115919, 0.10928) (0.298153, 0.615328, -0.337016) (0.243736, -0.325139, -0.345374) (0.793485, -0.218286, -0.0926142) (0.531672, 0.4775, -0.458932) (0.26102, 0.626429, -0.038423) (0.167928, 0.497074, 0.218734) (0.247712, 0.289122, 0.393852) (0.445494, -0.170905, -0.471745) (0.695965, -0.0443176, -0.435538) (0.63957, 0.222705, -0.523774) 


# Original Graph 299 in [275, 300)
14 vertices
0 1
0 2
0 3
0 4
0 5
1 5
1 3
1 6
2 7
2 8
2 9
3 9
3 10
3 11
4 11
4 12
5 10
6 8
6 13
6 7
7 13
7 8
8 13
8 9
10 12
11 12

# Unit Distance Graph 299
14 vertices
0 1
0 6
0 8
0 9
0 3
1 3
1 9
1 2
2 3
2 10
2 5
3 7
3 6
4 6
4 13
4 8
5 9
5 8
6 11
7 11
7 12
7 10
8 10
8 12
11 13
12 13

# Embedding 299 (with cost 8.48785e-15)
(-0.189968, 0.667734, -0.251332) (0.513504, 0.0599777, 0.117123) (-0.0088159, 0.588383, -0.552183) (-0.318918, -0.323412, -0.282985) (-0.315884, 0.443177, -0.0823008) (0.261571, 0.0920722, 0.272782) (0.600717, 0.0584761, -0.191148) (0.388109, 0.306773, -0.60389) (0.229122, -0.119268, -0.704092) (-0.129948, -0.278393, -0.569518) (-0.018123, 0.00134694, 0.257325) (-0.387474, -0.0506451, -0.0835797) (-0.266506, 0.124063, 0.12966) (0.520082, 0.0709282, -0.485527) 
