

# Original Graph 400 in [400, 425)
14 vertices
0 1
0 2
0 3
0 4
1 5
1 6
1 2
2 7
2 8
2 9
3 10
3 4
4 11
5 11
5 6
6 12
6 13
6 7
7 13
7 8
8 13
8 12
8 9
9 10
10 12
10 11

# Unit Distance Graph 400
14 vertices
0 6
0 13
0 8
0 12
1 8
1 9
1 10
1 12
2 5
2 6
2 12
2 10
2 11
3 6
3 7
3 13
4 7
4 8
4 13
5 9
5 8
6 10
6 9
7 11
7 10
8 11

# Embedding 400 (with cost 5.60833e-15)
(-0.141195, 0.746923, -0.707783) (0.00165432, 0.192259, -0.572621) (-0.149139, 0.544099, -1.24516) (-0.642387, 0.691669, -0.574588) (-0.432597, 0.644673, -0.474615) (-0.376633, 0.148478, -0.355366) (-0.285709, -0.240261, -0.640073) (-0.322822, 0.0455913, -1.26774) (-0.671631, 0.151159, -1.31086) (-0.678038, 0.434816, -1.26485) (-0.943173, 0.513222, -0.63807) (-0.535798, 0.357875, -0.341934) (-0.973118, 0.199044, -0.795719) (-0.42784, -0.116246, -1.12344) 


# Original Graph 401 in [400, 425)
14 vertices
0 1
0 2
0 3
0 4
1 5
1 6
2 7
2 8
3 8
3 4
4 8
4 9
4 5
5 9
5 10
6 11
6 7
7 12
8 12
8 9
9 12
9 10
10 13
10 11
11 13
12 13

# Unit Distance Graph 401
14 vertices
0 9
0 10
0 13
0 12
1 8
1 9
1 12
2 5
2 10
2 9
3 10
3 11
3 13
4 6
4 7
4 12
4 13
4 11
5 8
5 12
5 7
6 9
6 8
7 9
8 11
8 10

# Embedding 401 (with cost 9.60594e-15)
(0.807391, -0.440111, -0.856101) (0.54634, -0.253626, -1.1923) (0.703093, -0.848199, -0.927261) (0.663353, -0.643468, -0.538995) (0.390266, -0.415915, -0.369302) (-0.00737753, -0.163335, -0.765421) (0.346086, -0.430853, -1.36821) (0.387784, -0.972656, -1.19999) (0.443465, -1.03607, -0.578131) (-0.120009, -0.491281, -0.485546) (-0.178828, -0.384463, -1.01191) (0.041169, -0.478533, -1.30429) (0.097454, -1.1279, -1.00753) (-0.0917242, -0.72345, -1.18973) 


# Original Graph 402 in [400, 425)
14 vertices
0 1
0 2
0 3
0 4
1 5
1 6
1 7
2 8
2 3
3 9
4 9
4 10
4 8
4 11
4 5
5 11
5 12
5 6
6 7
7 12
8 12
8 13
9 13
9 10
10 13
11 12

# Unit Distance Graph 402
14 vertices
0 4
0 11
0 12
0 8
1 4
1 8
1 13
1 10
2 4
2 5
2 11
3 5
3 12
3 11
4 8
4 12
4 7
5 9
5 13
5 8
6 9
6 10
6 13
7 10
7 9
9 12

# Embedding 402 (with cost 9.92917e-15)
(-0.673609, -0.520651, 0.707711) (-0.649029, -0.606585, 0.391116) (-0.905766, -0.207043, 0.722573) (-0.684749, -0.267302, 0.855678) (-0.0533541, 0.19664, 0.390258) (-0.286698, -0.250901, -0.0615388) (-0.61431, -0.48548, 0.095815) (-0.839089, -0.315387, 0.0432012) (-1.04152, 0.306866, 0.283619) (-0.459964, 0.184746, 0.821745) (-0.322014, 0.30774, 0.630011) (-0.249043, 0.06928, 0.0208885) (-0.945274, 0.0777472, -0.046025) (-0.692279, 0.367944, 0.611168) 


# Original Graph 403 in [400, 425)
14 vertices
0 1
0 2
0 3
0 4
0 5
1 6
1 7
1 8
2 9
2 10
3 10
3 11
3 4
4 5
5 11
6 11
6 7
7 11
7 12
8 12
8 13
8 9
9 13
9 11
9 10
12 13

# Unit Distance Graph 403
14 vertices
0 7
0 12
0 13
0 9
0 11
1 3
1 11
1 9
1 10
2 6
2 7
2 11
3 8
3 12
3 7
4 8
4 13
4 12
5 8
5 9
5 13
6 10
6 9
7 10
8 11
9 11

# Embedding 403 (with cost 9.66385e-15)
(-1.20548, -0.555588, 1.14166) (-1.1321, -0.527775, 1.5106) (-1.22492, 0.203145, 1.02526) (-0.929684, 0.050752, 0.720448) (-0.854927, -0.33549, 0.80069) (-0.627715, -0.387021, 0.916272) (-0.517683, -0.346068, 1.47043) (-0.446986, -0.0793639, 1.58652) (-1.08744, 0.0165538, 1.70733) (-1.09891, 0.433972, 1.23868) (-1.06345, 0.231015, 0.862889) (-0.293124, -0.14666, 1.12217) (-0.672697, 0.0923888, 1.68597) (-0.941522, 0.316307, 1.55412) 


# Original Graph 404 in [400, 425)
14 vertices
0 1
0 2
0 3
0 4
0 5
1 5
1 6
1 7
2 8
2 9
2 10
3 10
3 6
4 6
4 5
6 10
7 10
7 11
7 8
8 11
9 11
9 12
9 13
10 13
11 12
12 13

# Unit Distance Graph 404
14 vertices
0 7
0 11
0 12
0 13
0 10
1 2
1 10
1 13
1 9
2 7
2 10
2 6
3 7
3 8
3 11
4 9
4 12
4 11
5 9
5 13
5 12
6 9
6 11
6 8
7 10
8 10

# Embedding 404 (with cost 9.96178e-15)
(-0.587295, 1.36279, 0.759069) (-0.662744, 1.39748, 1.60464) (-0.160532, 1.1394, 0.779308) (-0.934624, 0.820995, 0.995243) (-0.952461, 1.22927, 1.06452) (-0.818921, 1.42604, 1.18971) (-1.04551, 0.909986, 1.1845) (-0.42081, 1.24933, 1.73856) (-0.122196, 1.19254, 1.44459) (-0.0572747, 0.784745, 1.09675) (-0.792509, 0.49075, 1.2034) (-0.117162, 0.972842, 1.55085) (-0.167511, 0.688119, 1.36619) (-0.470975, 0.489481, 1.23214) 


# Original Graph 405 in [400, 425)
14 vertices
0 1
0 2
0 3
0 4
0 5
0 6
1 6
1 2
2 7
2 4
2 8
3 9
3 10
4 11
4 7
4 5
5 7
6 7
8 12
8 9
9 12
10 12
10 13
10 11
11 13
12 13

# Unit Distance Graph 405
14 vertices
0 2
0 8
0 12
0 13
0 11
0 4
1 10
1 11
1 13
2 4
2 11
2 10
2 3
3 4
3 7
4 9
4 8
5 8
5 9
5 12
6 10
6 13
6 12
7 10
7 12
7 9

# Embedding 405 (with cost 9.88872e-15)
(0.629409, -0.237469, -0.0321275) (0.520296, -0.926417, 0.268314) (0.28073, -1.08152, 0.375311) (0.357444, -0.176963, -0.0440898) (0.434684, -0.276303, 0.947961) (0.697148, -0.30771, 0.678038) (0.707575, -0.730773, 0.391897) (0.644631, -0.688214, 0.765938) (-0.0121483, -0.917053, 0.323638) (-0.132358, -0.51688, 0.160188) (-0.11599, -0.163614, 0.383512) (0.102761, -0.202292, 0.817228) (-0.251227, -0.4467, 0.392964) (-0.152052, -0.260414, 0.591404) 


# Original Graph 406 in [400, 425)
14 vertices
0 1
0 2
0 3
0 4
0 5
0 6
1 6
1 7
1 8
2 8
2 3
3 9
3 5
3 4
4 5
5 10
6 10
6 11
7 12
7 13
8 13
8 9
9 10
10 11
11 12
12 13

# Unit Distance Graph 406
14 vertices
0 8
0 9
0 10
0 11
0 12
0 13
1 3
1 5
1 10
1 9
2 6
2 11
2 10
3 7
3 12
3 11
3 6
4 7
4 13
4 12
5 8
5 13
5 7
6 9
6 8
8 10

# Embedding 406 (with cost 8.9659e-15)
(-0.34588, -0.169191, 0.59869) (0.0573667, -0.489544, 0.28807) (-0.427305, 0.134071, -0.126983) (-0.442985, 0.348781, 0.0716025) (-0.335378, 0.317046, 0.463784) (-0.106547, 0.476742, 0.486621) (0.158726, -0.271937, 0.574248) (0.313156, -0.303854, 0.0234586) (-0.104619, -0.0486262, -0.364252) (0.000763453, 0.414523, -0.135555) (0.39711, 0.449366, 0.343048) (0.521526, 0.111787, 0.188012) (0.452972, -0.0899365, 0.00240595) (0.227848, -0.146794, -0.220049) 


# Original Graph 407 in [400, 425)
14 vertices
0 1
0 2
0 3
0 4
1 4
1 5
1 2
2 6
2 7
2 8
3 8
3 9
3 4
4 9
4 8
5 10
5 11
5 12
6 12
6 13
7 11
7 10
8 10
8 9
11 13
12 13

# Unit Distance Graph 407
14 vertices
0 5
0 11
0 7
0 10
1 2
1 8
1 10
1 7
2 5
2 10
2 8
2 4
3 5
3 12
3 13
3 11
4 7
4 11
4 13
4 6
5 8
6 8
6 9
8 12
9 13
9 12

# Embedding 407 (with cost 9.99025e-15)
(0.0384253, 0.667084, 0.193394) (-0.260332, 0.875209, -0.561995) (0.52974, 0.600387, -0.0140363) (-0.221977, 0.417291, 0.134526) (-0.460473, 0.539783, -0.139754) (-0.0743193, 0.750393, -0.796731) (0.500832, 0.642819, -0.395245) (0.313181, 0.0561151, -0.549052) (-0.186082, -0.0643686, -0.227809) (-0.331729, 0.216632, -0.0413999) (-0.042524, -0.0943141, -0.449817) (0.342, 0.289179, -0.681266) (0.222763, 0.709014, -0.712293) (0.410518, 0.535074, -0.63103) 


# Original Graph 408 in [400, 425)
14 vertices
0 1
0 2
0 3
0 4
1 5
1 6
2 7
2 8
2 9
2 10
3 10
3 11
3 5
3 4
4 5
5 11
6 10
6 12
6 7
7 8
8 13
9 13
9 12
9 10
10 11
12 13

# Unit Distance Graph 408
14 vertices
0 6
0 12
0 9
0 10
1 2
1 10
1 9
2 6
2 10
2 11
2 5
3 6
3 7
3 8
3 13
3 12
4 9
4 12
4 13
5 9
5 13
5 8
6 10
7 11
7 10
8 11

# Embedding 408 (with cost 9.94408e-15)
(0.787102, -0.0145829, 0.0497277) (0.140017, 0.334984, -0.387157) (0.969044, -0.221992, -0.337226) (0.269132, -0.202452, 0.209321) (0.439037, 0.0100741, 0.170343) (0.105339, 0.130786, 0.0227213) (0.151849, 0.242427, -0.678557) (0.686635, 0.00397482, -0.675597) (0.70583, -0.232157, -0.689797) (0.325292, -0.625918, -0.592924) (0.0714512, -0.651342, -0.237294) (0.0556395, -0.21141, 0.069691) (0.285544, -0.221166, -0.79037) (0.486363, -0.374582, -0.751503) 


# Original Graph 409 in [400, 425)
14 vertices
0 1
0 2
0 3
0 4
1 5
1 2
2 5
2 3
3 5
3 6
4 6
4 7
4 8
4 9
4 10
5 10
6 7
7 9
7 11
7 12
8 12
8 13
9 13
9 10
11 13
11 12

# Unit Distance Graph 409
14 vertices
0 7
0 11
0 13
0 9
1 7
1 12
1 11
2 8
2 13
2 11
2 12
3 4
3 9
3 13
3 8
4 6
4 7
4 9
4 10
4 5
5 8
5 12
5 7
6 10
6 9
7 10

# Embedding 409 (with cost 9.38836e-15)
(-0.985596, 0.426947, -0.187674) (-1.2133, 0.777949, -0.250934) (-1.07991, 0.797616, -0.0685021) (-0.800145, 0.900281, 0.0295573) (-0.695048, 0.190117, -0.66659) (-1.28207, 0.977505, -0.478385) (-0.464933, 0.981655, -0.100451) (-0.28766, 1.08301, -0.474837) (-0.51123, 0.430273, -0.804482) (-1.01669, 1.10078, -0.925906) (-1.25746, 1.01587, -0.709332) (-0.369805, 0.980411, -0.748459) (-0.343392, 0.757335, -0.743723) (-0.65732, 0.974436, -0.957409) 


# Original Graph 410 in [400, 425)
14 vertices
0 1
0 2
0 3
0 4
1 4
1 5
1 6
1 2
2 6
2 7
2 8
3 5
3 9
4 9
5 9
5 8
6 10
6 11
6 12
7 12
7 11
7 13
8 10
10 13
11 13
11 12

# Unit Distance Graph 410
14 vertices
0 6
0 11
0 13
0 10
1 2
1 8
1 10
1 13
1 7
2 6
2 10
2 8
2 5
3 6
3 12
3 11
4 7
4 13
4 11
5 7
5 12
5 6
6 8
7 9
9 11
9 12

# Embedding 410 (with cost 9.18962e-15)
(1.22875, 1.18954, -0.355684) (1.7914, 0.682573, -0.558368) (1.33161, 1.25058, 0.124245) (1.02715, 0.829972, -0.463269) (1.483, 0.753929, -0.655901) (0.94242, 0.478883, -0.378753) (1.91808, 0.492061, -0.15984) (1.42193, 1.03163, 0.302824) (0.924033, 0.383076, -0.160902) (1.06702, 0.621653, -0.537391) (1.09995, 0.281244, 0.0423232) (1.58248, 0.538017, 0.315432) (1.75396, 0.615715, 0.189299) (1.29009, 0.4048, 0.261101) 


# Original Graph 411 in [400, 425)
14 vertices
0 1
0 2
0 3
1 4
1 2
2 5
2 6
3 6
3 7
3 8
4 8
4 9
4 10
4 11
5 11
5 12
5 6
7 12
7 13
7 9
7 8
9 10
10 13
10 12
11 12
12 13

# Unit Distance Graph 411
14 vertices
0 10
0 12
0 13
1 7
1 13
1 12
2 7
2 9
2 10
2 13
3 4
3 11
3 12
3 10
4 7
4 12
4 5
4 6
5 9
5 7
5 8
6 10
6 9
7 11
8 12
8 11

# Embedding 411 (with cost 9.71581e-15)
(-1.12766, 0.0966004, -0.674841) (-0.924732, 0.134816, -0.339665) (-0.923763, 0.399607, -0.685104) (-1.13555, -0.200651, -1.02243) (-0.604547, -0.230421, -0.175586) (-0.617899, 0.447146, -0.910926) (-0.972553, 0.272875, -0.957421) (-0.852711, -0.505436, -1.10445) (-0.941072, -0.486365, -0.75563) (-0.441874, -0.464419, -0.539355) (-0.209892, -0.300121, -0.65738) (-0.269114, 0.252083, -0.811907) (-0.187609, 0.117716, -1.01521) (-0.242194, -0.287819, -0.935922) 


# Original Graph 412 in [400, 425)
14 vertices
0 1
0 2
0 3
0 4
1 4
1 2
2 5
2 3
3 5
3 6
3 7
4 7
4 8
4 9
5 9
5 10
6 11
6 12
6 8
6 7
8 13
9 10
10 13
10 11
11 12
12 13

# Unit Distance Graph 412
14 vertices
0 10
0 11
0 12
0 13
1 6
1 12
1 11
2 6
2 8
2 13
2 12
3 4
3 9
3 10
3 13
3 8
4 6
4 11
4 10
4 5
5 8
5 6
5 7
6 9
7 10
7 9

# Embedding 412 (with cost 9.78802e-15)
(0.256238, 0.182049, 0.751104) (0.226778, 0.152723, 0.497723) (0.569703, 0.190514, 0.523728) (0.461398, -0.0169308, 1.11292) (-0.148921, -0.27789, 0.364987) (0.829105, -0.0695597, 0.357011) (0.440836, -0.618493, 1.09723) (0.0932592, -0.315372, 0.987969) (0.0159653, -0.64047, 0.470438) (0.682456, -0.301483, 0.180099) (0.817617, -0.532489, 0.333625) (0.697672, -0.711851, 0.673138) (0.489311, -0.789379, 0.706336) (0.32388, -0.777754, 0.478703) 


# Original Graph 413 in [400, 425)
14 vertices
0 1
0 2
0 3
1 4
1 5
2 6
2 3
3 6
3 4
4 6
4 7
5 7
5 8
5 9
5 6
6 9
7 10
8 11
8 12
9 12
9 10
10 12
10 13
10 11
11 13
12 13

# Unit Distance Graph 413
14 vertices
0 10
0 13
0 12
1 9
1 10
1 12
2 10
2 11
2 13
3 8
3 12
3 13
3 11
4 5
4 9
4 12
4 8
5 7
5 10
5 9
5 6
6 8
6 11
6 10
6 7
7 9

# Embedding 413 (with cost 9.51574e-15)
(-0.719217, -0.249053, 0.00110701) (-0.842241, 0.0176511, -0.067246) (-0.625576, -0.506456, 0.245602) (-0.537569, -0.382232, 0.0818241) (-0.349014, 0.0900195, -0.0548186) (-1.21687, 0.197339, 0.430264) (-0.622236, -0.60281, 0.508813) (-0.275685, 0.238987, 0.0949534) (-1.08698, 0.27861, 0.593127) (-0.54036, -0.463145, 0.755981) (-0.25769, 0.31071, 0.689336) (-0.7033, 0.371836, 0.717367) (-0.639432, 0.187859, 0.897066) (-0.49456, 0.321289, 0.791195) 


# Original Graph 414 in [400, 425)
14 vertices
0 1
0 2
0 3
0 4
1 5
1 2
2 5
2 3
3 5
3 6
3 7
4 7
4 8
4 9
5 9
5 10
6 10
6 11
6 12
6 7
8 12
8 13
9 10
10 13
11 13
11 12

# Unit Distance Graph 414
14 vertices
0 6
0 11
0 13
0 10
1 6
1 12
1 11
2 8
2 13
2 11
2 12
3 4
3 9
3 10
3 13
3 8
4 6
4 10
4 5
5 8
5 12
5 6
5 7
6 9
7 10
7 9

# Embedding 414 (with cost 8.79676e-15)
(-0.729589, -0.865259, -0.895015) (-1.02255, -0.887419, -0.777173) (-1.01339, -0.907696, -0.54692) (-0.706244, -0.73653, -0.245143) (-0.576607, -0.364279, -1.16418) (-1.42844, -0.580853, -0.687231) (-0.670533, -0.158415, -0.190114) (-0.472617, -0.401581, -0.454282) (-0.603032, -0.142435, -1.04289) (-1.38007, -0.342623, -0.870282) (-1.42525, -0.184087, -0.66685) (-0.846419, 0.0776063, -0.582997) (-0.630084, 0.0145597, -0.597161) (-1.02921, 0.0748311, -0.732364) 


# Original Graph 415 in [400, 425)
14 vertices
0 1
0 2
0 3
0 4
1 5
1 2
2 6
2 7
2 8
3 9
3 4
4 9
4 5
5 9
5 6
6 10
6 11
6 12
7 12
7 13
8 13
8 10
8 9
10 13
11 13
11 12

# Unit Distance Graph 415
14 vertices
0 6
0 11
0 13
0 10
1 8
1 10
1 13
2 5
2 6
2 10
2 8
2 9
3 6
3 12
3 11
4 7
4 13
4 11
4 12
5 8
5 13
5 7
6 9
6 8
7 9
9 12

# Embedding 415 (with cost 9.35802e-15)
(0.429463, -0.0726974, 0.705335) (0.588148, -0.0155522, 0.557553) (0.117889, 0.181535, 0.466779) (0.494904, -0.334107, 0.712309) (0.686488, -0.458748, 0.645483) (0.945743, -0.308863, 0.194441) (0.732958, -0.161019, -0.243395) (0.0454722, 0.123726, 0.145661) (0.0599891, -0.772511, 0.172766) (0.333392, -0.79384, 0.419843) (0.132197, -0.690299, -0.0228134) (0.348308, -0.258127, -0.273965) (0.48039, -0.0672478, -0.251317) (0.00833779, -0.513397, -0.0874051) 


# Original Graph 416 in [400, 425)
14 vertices
0 1
0 2
0 3
1 3
1 4
1 5
2 5
2 6
2 7
3 8
4 9
4 10
5 11
5 12
5 13
5 6
6 9
6 8
6 7
7 8
9 13
9 12
10 12
10 11
11 12
12 13

# Unit Distance Graph 416
14 vertices
0 9
0 12
0 13
1 5
1 6
1 9
1 13
2 4
2 10
2 12
2 9
3 5
3 13
3 12
4 6
4 5
5 9
5 6
5 8
6 11
6 10
7 10
7 11
7 12
8 12
8 11

# Embedding 416 (with cost 9.58952e-15)
(0.492369, -0.478179, -1.13795) (0.175622, -0.14369, -1.09738) (0.531268, -0.977779, -1.09132) (0.471093, -0.24238, -0.833898) (-0.0659832, -0.179607, -1.01249) (0.168193, -1.14242, -1.14724) (0.402086, -0.686392, -0.288559) (0.607697, -0.677723, -0.586408) (0.543581, -0.399534, -0.592977) (0.0481844, -0.684877, -0.266188) (-0.273772, -0.397787, -0.966736) (-0.301583, -0.750408, -0.996198) (-0.377669, -0.761768, -0.734704) (-0.235941, -0.912478, -0.607909) 


# Original Graph 417 in [400, 425)
14 vertices
0 1
0 2
0 3
0 4
1 4
1 5
1 6
1 2
2 6
2 5
2 3
3 7
4 8
4 9
4 5
5 9
5 10
5 6
7 10
7 11
8 11
8 12
9 13
10 13
11 12
12 13

# Unit Distance Graph 417
14 vertices
0 5
0 10
0 13
0 9
1 7
1 11
1 12
1 13
1 10
2 4
2 9
2 13
2 12
2 8
3 4
3 5
3 9
4 7
4 10
4 5
5 8
5 11
5 7
6 8
6 12
6 11

# Embedding 417 (with cost 9.90418e-15)
(-0.853194, 0.144334, -1.74897) (-0.966039, -0.276222, -1.92964) (-0.594306, -0.0168556, -1.97865) (-0.397534, 0.249756, -1.58927) (-1.14954, -0.272611, -1.18726) (-0.409044, -0.747468, -1.66284) (-0.636753, -0.408209, -1.96784) (-0.288193, 0.201192, -1.37053) (-0.923439, -0.153484, -1.0443) (-0.589727, -0.654726, -1.20852) (-0.182416, -0.475097, -1.3411) (-0.539729, 0.0622726, -1.09078) (-0.627214, -0.184204, -0.993303) (-0.420673, -0.504773, -1.12321) 


# Original Graph 418 in [400, 425)
14 vertices
0 1
0 2
0 3
1 4
1 5
1 6
1 7
2 7
2 3
3 5
3 4
4 5
5 8
6 9
6 10
6 11
6 7
7 12
7 8
8 9
9 13
9 10
10 13
11 13
11 12
12 13

# Unit Distance Graph 418
14 vertices
0 9
0 10
0 13
1 7
1 8
1 9
1 13
1 12
2 6
2 10
2 9
3 6
3 11
3 13
3 10
4 11
4 12
4 13
5 6
5 7
5 12
5 11
6 8
6 7
7 9
7 8

# Embedding 418 (with cost 9.17685e-15)
(-0.346576, -0.682573, 1.32696) (0.139962, -0.669486, 1.80977) (-0.595273, -0.644924, 1.38997) (-0.129288, -0.492418, 1.17946) (0.0791021, -0.536214, 1.36759) (-0.00326259, -0.195195, 1.17922) (-0.0336588, -0.356853, 2.1656) (-0.832095, -0.563743, 1.60019) (-0.178491, 0.133712, 1.30632) (-0.249363, 0.243875, 1.69061) (-0.196055, -0.0135709, 2.05482) (-0.587366, -0.122216, 1.98762) (-0.774189, -0.26412, 1.81241) (-0.442826, 0.139326, 1.8884) 


# Original Graph 419 in [400, 425)
14 vertices
0 1
0 2
0 3
0 4
1 5
1 6
1 7
1 2
2 7
2 8
2 9
3 6
3 4
4 5
5 6
6 9
7 10
7 11
7 12
8 12
8 13
9 10
10 13
11 13
11 12
12 13

# Unit Distance Graph 419
14 vertices
0 7
0 11
0 13
0 10
1 2
1 9
1 10
1 13
1 8
2 7
2 10
2 9
2 6
3 7
3 12
3 11
4 11
4 12
4 13
5 8
5 13
5 12
6 8
6 12
6 7
7 9

# Embedding 419 (with cost 9.68431e-15)
(0.756346, -0.401259, 0.533955) (0.0444577, -0.942045, 0.529143) (0.962774, -0.558838, 0.62838) (0.463548, -0.409858, 0.095911) (0.504556, -0.37485, 0.321138) (0.117367, -0.620227, 0.220542) (0.331665, -0.570637, -0.147225) (0.263901, -1.27111, 0.563229) (1.04214, -0.906566, 0.471138) (0.642952, -0.864996, -0.26827) (0.732276, -1.10221, -0.178849) (0.602373, -1.3699, 0.338926) (0.827601, -1.32073, 0.290276) (0.858039, -1.26979, 0.0488633) 


# Original Graph 420 in [400, 425)
14 vertices
0 1
0 2
0 3
0 4
1 4
1 5
1 6
2 6
2 7
2 8
2 9
3 10
3 4
4 10
4 5
5 10
6 9
6 11
6 12
7 12
7 8
8 13
9 13
9 10
11 13
11 12

# Unit Distance Graph 420
14 vertices
0 6
0 11
0 13
0 9
1 2
1 9
1 13
1 8
2 6
2 9
2 10
2 5
3 6
3 12
3 11
4 7
4 8
4 13
4 11
4 12
5 8
5 7
6 10
6 9
7 10
10 12

# Embedding 420 (with cost 8.27689e-15)
(-0.697072, 1.36862, 1.83618) (-0.120198, 0.723377, 1.86843) (-0.532101, 1.62673, 1.74892) (-0.776363, 1.01361, 1.63847) (-0.630683, 0.745738, 1.73995) (-0.419203, 0.642975, 1.60938) (0.213548, 0.960726, 1.76992) (-0.109154, 1.59318, 1.64071) (-0.239857, 1.60786, 1.41746) (-0.355799, 1.04827, 0.952495) (-0.530097, 0.858071, 1.10927) (0.15611, 1.21411, 1.33798) (0.170237, 1.33602, 1.63946) (-0.153296, 1.23209, 1.00813) 


# Original Graph 421 in [400, 425)
14 vertices
0 1
0 2
0 3
1 3
1 4
1 5
2 6
2 7
3 7
3 4
4 7
4 6
4 8
5 9
5 6
6 10
6 8
8 11
8 12
8 9
9 12
9 13
10 13
10 11
11 12
12 13

# Unit Distance Graph 421
14 vertices
0 8
0 12
0 11
1 6
1 8
1 11
1 10
2 8
2 9
2 12
3 10
3 11
3 12
3 13
4 5
4 6
4 10
4 13
4 9
5 8
5 6
6 9
6 8
7 9
7 13
7 12

# Embedding 421 (with cost 7.13e-15)
(-0.614136, -1.07533, -0.0209416) (-0.401122, -1.18566, -0.238918) (-0.903538, -0.673464, 0.0342061) (-0.467136, -1.01046, 0.151452) (-0.146061, -0.612934, 0.317506) (-0.351077, -1.0742, -0.545747) (-0.958326, -0.355936, -0.206114) (-0.544921, -0.782764, 0.278171) (0.0243263, -0.305701, -0.0275905) (-0.198271, -0.821992, -0.659003) (-0.649174, -0.243357, -0.463705) (-0.33269, -0.205897, -0.426999) (-0.142719, -0.356747, -0.532226) (-0.386472, -0.387485, -0.626621) 


# Original Graph 422 in [400, 425)
14 vertices
0 1
0 2
0 3
1 4
1 5
2 6
2 3
3 4
4 7
4 5
5 8
5 9
5 10
6 10
6 7
7 8
8 11
8 12
8 13
8 9
9 13
9 12
9 10
10 11
11 12
12 13

# Unit Distance Graph 422
14 vertices
0 8
0 13
0 12
1 8
1 12
1 11
2 8
2 9
2 13
3 9
3 12
3 13
4 9
4 10
4 11
4 12
5 6
5 7
5 8
5 11
5 10
6 9
6 8
7 10
7 9
8 10

# Embedding 422 (with cost 8.79719e-15)
(0.0445444, -0.0270275, -0.421986) (-0.00870602, 0.0390358, -0.109057) (-0.0606723, 0.02065, -0.716845) (-0.0485956, -0.265214, -0.431476) (-0.223927, -0.466681, -0.262302) (-0.207403, 0.187136, 0.113445) (-0.234668, 0.117851, -0.88378) (-0.65135, -0.549553, -0.396655) (-0.871939, -0.415876, -0.327882) (-0.701422, 0.38342, -0.0402078) (-0.432358, 0.313008, -0.85276) (-0.798421, 0.229916, -0.692079) (-0.924218, 0.216225, -0.470223) (-0.907373, 0.199497, -0.215734) 


# Original Graph 423 in [400, 425)
14 vertices
0 1
0 2
0 3
0 4
1 4
1 5
1 6
1 2
2 6
2 7
2 8
3 9
3 4
5 9
5 6
6 10
6 11
6 7
7 11
7 12
7 8
8 13
9 13
10 13
10 12
11 12

# Unit Distance Graph 423
14 vertices
0 6
0 11
0 12
0 10
1 7
1 8
1 13
1 10
1 12
2 5
2 6
2 10
2 13
2 9
3 6
3 7
3 11
4 7
4 12
4 11
5 8
5 7
6 9
6 13
6 8
7 9

# Embedding 423 (with cost 9.57973e-15)
(-0.356291, 0.136223, -0.821064) (-0.866731, 0.0471034, -0.63287) (-0.196355, 0.418541, -0.654458) (-0.440158, -0.405321, -0.641995) (-0.591484, -0.21387, -0.749881) (-0.921534, -0.134315, -0.244013) (-0.90483, 0.190201, 0.0133171) (-0.0636644, 0.366735, -0.129958) (0.0548198, 0.0818524, -0.246169) (-0.374955, -0.537555, -0.422118) (-0.249151, -0.233511, 0.101876) (-0.511224, 0.1797, 0.165904) (-0.268549, 0.0170824, 0.167929) (-0.143249, -0.438849, -0.142538) 


# Original Graph 424 in [400, 425)
14 vertices
0 1
0 2
0 3
1 4
1 5
1 6
2 7
2 8
3 8
3 7
3 5
3 9
4 9
4 10
4 11
5 12
5 10
5 6
6 7
7 8
9 10
10 12
10 13
11 13
11 12
12 13

# Unit Distance Graph 424
14 vertices
0 5
0 10
0 12
1 3
1 9
1 10
1 5
2 10
2 13
2 12
3 5
3 12
3 11
3 4
4 5
4 6
4 7
5 9
6 10
6 9
7 11
7 13
7 10
8 11
8 12
8 13

# Embedding 424 (with cost 8.09031e-15)
(-0.161373, 0.676687, 0.307229) (-0.478245, 0.508782, 0.302065) (0.152548, 0.621935, 0.263849) (0.407846, 0.511009, 0.765572) (-0.560548, 0.307513, 0.62134) (0.139653, -0.271249, 0.203305) (0.20587, 0.0118348, 0.051096) (0.338526, 0.446692, 0.206257) (0.348615, 0.569372, 0.407755) (0.215685, 0.329192, 0.999351) (-0.0158618, -0.00306705, 1.02609) (-0.457367, 0.0253244, 0.641002) (-0.134912, -0.296642, 0.53511) (-0.250028, -0.158364, 0.742458) 
