

# Original Graph 525 in [525, 550)
14 vertices
0 1
0 2
0 3
0 4
1 5
1 2
2 6
2 7
2 8
2 9
2 10
3 10
3 9
3 4
4 5
5 11
6 11
6 12
7 12
7 8
8 13
8 9
9 13
9 10
11 12
12 13

# Unit Distance Graph 525
14 vertices
0 7
0 8
0 13
0 12
1 8
1 9
1 13
2 3
2 4
2 5
2 11
2 12
2 13
2 9
3 7
3 12
3 6
4 8
4 7
5 9
5 8
6 9
6 10
9 11
10 12
10 11

# Embedding 525 (with cost 9.7689e-15)
(-0.28214, -0.0881831, 0.467623) (-0.446433, 0.052426, 0.248359) (0.0432346, 0.531692, 0.0939805) (0.0856034, -0.393834, 0.470287) (-0.382402, -0.358786, 0.254858) (-0.517636, -0.288758, -0.0168579) (-0.283315, -0.0237201, -0.382306) (0.224587, 0.140176, -0.363689) (0.42243, -0.0306356, -0.239674) (0.456556, -0.373567, 0.192323) (0.298388, -0.201525, 0.411424) (-0.416833, -0.271748, -0.283937) (-0.105021, -0.257596, -0.501876) (0.26736, -0.347428, -0.326633) 


# Original Graph 526 in [525, 550)
14 vertices
0 1
0 2
0 3
0 4
0 5
1 5
1 2
2 6
2 7
2 8
2 9
2 10
2 11
3 11
3 4
4 5
5 6
6 7
7 12
7 8
8 9
9 13
10 13
10 12
10 11
12 13

# Unit Distance Graph 526
14 vertices
0 7
0 8
0 9
0 13
0 12
1 10
1 12
1 13
2 3
2 4
2 5
2 6
2 7
2 12
2 10
2 11
3 8
3 7
4 9
4 8
5 10
5 13
5 9
6 11
6 10
7 11

# Embedding 526 (with cost 8.02358e-15)
(0.00319027, 0.496165, -0.165867) (-0.339334, 0.434196, 0.2423) (-0.739457, 0.214653, 0.276645) (-0.0458805, 0.260859, -0.442255) (0.201721, 0.321356, -0.0439779) (0.258823, 0.199537, 0.219997) (0.217854, -0.0634369, 0.35552) (0.0671755, -0.374697, 0.321477) (-0.621197, -0.158749, 0.259843) (-0.585478, -0.293061, 0.00903857) (-0.288912, -0.248772, -0.486406) (-0.199102, 0.0431694, -0.547133) (-0.119823, -0.491253, -0.0665022) (-0.352952, -0.434151, -0.253469) 


# Original Graph 527 in [525, 550)
14 vertices
0 1
0 2
0 3
1 4
1 2
2 5
2 6
3 7
3 8
4 8
4 9
4 10
5 11
5 12
5 6
6 7
7 12
7 13
7 9
7 8
9 10
10 13
10 12
10 11
11 12
12 13

# Unit Distance Graph 527
14 vertices
0 10
0 12
0 13
1 7
1 13
1 12
2 7
2 9
2 10
2 13
3 10
3 11
3 12
4 5
4 6
4 7
4 12
5 9
5 7
5 8
6 10
6 9
7 11
7 10
8 12
8 11

# Embedding 527 (with cost 9.56659e-15)
(-0.125623, -0.320222, -0.0838309) (-0.261602, -0.0972557, 0.145991) (-0.564503, -0.413008, -0.133937) (0.107235, -0.184078, -0.33936) (-0.172476, 0.351561, 0.109495) (-0.789663, -0.282552, -0.356318) (-0.4988, -0.39179, -0.474408) (0.0648759, -0.00383089, -0.794585) (0.12491, 0.100027, -0.225204) (-0.227221, 0.52687, -0.187511) (-0.530026, 0.580472, -0.242605) (-0.856726, 0.0713387, -0.413798) (-0.765272, 0.170719, -0.675291) (-0.439023, 0.399086, -0.703813) 


# Original Graph 528 in [525, 550)
14 vertices
0 1
0 2
0 3
1 4
1 5
1 6
2 7
2 8
3 8
3 4
4 5
5 9
6 9
6 10
6 11
7 11
7 12
7 9
8 9
9 13
9 10
10 13
10 11
11 13
11 12
12 13

# Unit Distance Graph 528
14 vertices
0 9
0 10
0 13
1 7
1 9
1 13
1 12
2 6
2 10
2 9
3 10
3 11
3 13
4 11
4 12
4 13
5 7
5 12
5 11
6 8
6 9
6 7
7 9
8 11
8 10
9 11

# Embedding 528 (with cost 9.73677e-15)
(0.110557, 0.122252, -0.900902) (0.0768289, 0.616493, -1.06417) (0.262431, -0.0719385, -0.522671) (-0.142501, 0.135762, -0.772992) (-0.240734, 0.392318, -0.844352) (-0.36479, 0.556544, -0.648114) (0.256737, 0.855494, -0.896618) (0.438411, 0.0638439, -0.313279) (-0.163216, 0.037135, -0.504281) (-0.395483, 0.600146, -0.18289) (0.294603, 0.903395, -0.304293) (0.584653, 0.685532, -0.361897) (0.510857, 0.418707, -0.18525) (0.379232, 0.676149, -0.112859) 


# Original Graph 529 in [525, 550)
14 vertices
0 1
0 2
0 3
1 4
1 5
1 6
2 7
2 8
2 9
3 9
3 4
4 5
5 10
5 6
6 11
6 7
7 11
7 12
7 13
8 13
8 10
9 10
10 12
10 11
11 12
12 13

# Unit Distance Graph 529
14 vertices
0 10
0 11
0 12
1 8
1 10
1 12
1 13
2 5
2 6
2 11
2 10
3 7
3 12
3 11
4 7
4 13
4 12
5 8
5 13
5 7
6 9
6 10
6 8
7 10
7 9
9 11

# Embedding 529 (with cost 9.74753e-15)
(-0.384408, -0.347505, -0.470672) (0.127237, -0.0695289, -0.576002) (-0.649621, -0.23593, -0.317715) (-0.0909461, -0.462579, -0.255526) (0.159137, -0.277133, -0.369076) (0.334685, -0.0806234, -0.233923) (0.130865, 0.3771, -0.440331) (-0.518656, 0.440034, -0.206999) (-0.605048, -0.0260874, 0.10361) (-0.134584, -0.44059, 0.0704725) (0.020228, -0.126254, 0.416637) (-0.0292034, 0.529653, -0.147527) (-0.318259, 0.407671, 0.181503) (-0.548155, 0.269886, 0.0787074) 


# Original Graph 530 in [525, 550)
14 vertices
0 1
0 2
0 3
1 4
1 5
1 6
2 7
2 8
2 3
3 9
3 4
4 5
5 10
6 10
6 11
6 7
7 12
7 13
7 8
8 13
8 9
9 12
9 11
9 10
11 12
12 13

# Unit Distance Graph 530
14 vertices
0 9
0 11
0 12
1 8
1 9
1 12
1 13
2 6
2 11
2 9
2 10
3 6
3 7
3 12
3 11
4 7
4 13
4 12
5 7
5 8
5 13
6 9
6 8
7 10
7 9
8 10

# Embedding 530 (with cost 9.91412e-15)
(-0.250775, -0.490433, -0.310686) (-0.244811, 0.0392253, 0.0856569) (-0.412762, -0.745743, -0.279312) (0.157691, -0.59622, -0.11663) (0.109951, -0.308029, -0.0281583) (0.0245612, -0.121451, 0.186938) (-0.466146, 0.0428207, 0.33332) (-0.809844, -0.669152, 0.125357) (-0.580086, -0.900771, 0.0224299) (0.0664834, -0.760998, 0.598237) (0.02828, -0.240063, 0.462153) (-0.437608, -0.432349, 0.669986) (-0.499562, -0.768694, 0.61704) (-0.658466, -0.837415, 0.331405) 


# Original Graph 531 in [525, 550)
14 vertices
0 1
0 2
0 3
0 4
1 4
1 2
2 5
2 6
3 7
3 8
4 8
4 5
5 7
5 9
5 10
5 11
6 11
6 10
6 12
7 12
7 8
9 12
9 13
10 13
10 11
12 13

# Unit Distance Graph 531
14 vertices
0 5
0 10
0 13
0 9
1 9
1 13
1 12
2 5
2 9
2 12
2 7
3 5
3 11
3 10
4 6
4 12
4 13
4 10
5 7
5 12
5 6
6 7
6 8
7 11
8 10
8 11

# Embedding 531 (with cost 8.43852e-15)
(-0.445043, 0.379072, 0.29192) (-0.389886, 0.11681, 0.389072) (-0.680307, 0.0808623, 0.0187267) (-0.0236868, 0.5765, 0.124994) (0.0698917, -0.117273, 0.461542) (0.176163, -0.39992, 0.20663) (-0.62807, -0.0165099, -0.247468) (0.194777, 0.540232, -0.133619) (0.142694, 0.383631, 0.248324) (0.228948, 0.110905, -0.396427) (-0.203753, -0.184788, -0.497916) (-0.406999, -0.239038, -0.308561) (0.175117, 0.407735, -0.383025) (-0.00275324, 0.0137413, -0.527173) 


# Original Graph 532 in [525, 550)
14 vertices
0 1
0 2
0 3
0 4
1 5
1 6
2 6
2 3
3 7
3 4
4 7
4 5
5 8
6 9
6 10
6 7
7 10
7 11
8 11
8 12
8 9
9 13
10 13
10 11
11 12
12 13

# Unit Distance Graph 532
14 vertices
0 10
0 11
0 12
0 13
1 7
1 11
1 10
2 8
2 12
2 11
3 8
3 9
3 13
3 12
4 6
4 10
4 13
4 9
5 6
5 7
5 10
6 8
6 11
6 7
7 9
7 8

# Embedding 532 (with cost 9.50411e-15)
(0.356088, -0.180039, -0.123542) (0.0344356, -0.167765, -0.13187) (0.283546, -0.335871, 0.257505) (0.598596, -0.0375132, 0.0162025) (0.405604, 0.117066, -0.233973) (-0.124888, 0.270515, -0.227303) (0.00277603, -0.316734, 0.571972) (0.646267, 0.426745, 0.389878) (-0.272572, 0.45306, -0.00387597) (-0.274087, 0.0504728, 0.496496) (0.192706, 0.333494, 0.71883) (0.212541, 0.648714, 0.417348) (-0.136036, 0.56978, 0.318708) (-0.144283, 0.335187, 0.572282) 


# Original Graph 533 in [525, 550)
14 vertices
0 1
0 2
0 3
0 4
1 4
1 5
2 5
2 6
2 3
3 6
3 7
4 8
4 6
4 5
5 6
6 9
6 10
7 11
7 12
8 12
8 9
9 13
10 13
10 11
11 13
12 13

# Unit Distance Graph 533
14 vertices
0 6
0 10
0 13
0 9
1 10
1 11
1 13
2 8
2 9
2 13
2 12
3 4
3 6
3 9
3 8
4 7
4 11
4 10
4 6
5 7
5 12
5 13
5 11
6 8
6 12
6 7

# Embedding 533 (with cost 9.09607e-15)
(0.346906, -0.571866, -0.256641) (0.0245115, -0.584287, -0.0988292) (0.446985, -0.355918, 0.0452084) (0.62227, -0.253289, -0.405177) (-0.3519, -0.459922, -0.314098) (0.0236331, -0.344095, 0.220812) (0.0705567, 0.22819, 0.275844) (0.497712, -0.01377, -0.595358) (-0.371074, -0.205089, -0.509797) (-0.261581, 0.21329, -0.371848) (0.137757, 0.40428, -0.19838) (0.277503, 0.292796, -0.507143) (-0.0962402, 0.044305, -0.692848) (-0.0198398, 0.318272, -0.527104) 


# Original Graph 534 in [525, 550)
14 vertices
0 1
0 2
0 3
1 4
1 5
2 6
2 3
3 7
3 8
4 9
4 7
4 5
5 7
5 6
6 7
7 10
7 11
7 12
8 12
8 13
9 13
9 11
9 10
10 11
11 13
11 12

# Unit Distance Graph 534
14 vertices
0 7
0 11
0 10
1 7
1 12
1 11
2 9
2 10
2 11
3 4
3 7
3 10
3 9
4 8
4 12
4 7
5 8
5 13
5 11
5 12
6 9
6 11
6 13
7 9
7 13
7 8

# Embedding 534 (with cost 7.52814e-15)
(-0.306049, -0.251189, 0.183514) (-0.100163, 0.0168933, 0.358145) (-0.568843, -0.155593, 0.295251) (-0.461211, -0.317774, -0.105843) (0.0556156, 0.455458, 0.261584) (-0.451741, 0.273188, 0.541884) (-0.679632, 0.0769644, 0.438186) (-0.935531, 0.525037, 0.1485) (-0.422707, -0.171517, -0.353322) (0.039237, 0.547392, -0.0735998) (-0.315233, 0.665316, -0.216403) (-0.45367, 0.52853, -0.424964) (-0.636491, 0.289074, -0.440773) (-0.176451, 0.202288, -0.416859) 


# Original Graph 535 in [525, 550)
14 vertices
0 1
0 2
0 3
1 4
1 5
1 2
2 6
2 3
3 7
4 8
4 9
4 6
4 10
5 10
5 6
6 10
6 9
6 11
6 12
7 12
7 13
8 13
8 12
8 11
9 11
12 13

# Unit Distance Graph 535
14 vertices
0 6
0 11
0 9
1 6
1 12
1 8
1 11
2 4
2 9
2 11
2 8
3 4
3 6
3 9
4 7
4 12
4 6
5 8
5 12
5 13
6 8
6 13
6 7
7 10
10 13
10 12

# Embedding 535 (with cost 7.92475e-15)
(0.536176, 0.229786, -0.0196665) (0.549744, 0.319501, -0.306978) (0.502989, -0.0473962, 0.0258236) (0.339001, 0.16233, 0.238446) (-0.0167187, 0.493465, -0.635518) (0.444809, 0.151691, -0.509123) (-0.0324657, -0.484546, -0.42756) (0.0663829, 0.182181, 0.311158) (-0.411558, 0.35271, -0.0334907) (-0.332187, 0.110444, -0.501024) (0.217156, 0.153395, -0.676991) (-0.436244, 0.165124, -0.243764) (-0.248414, -0.0196521, 0.190937) (-0.252325, 0.26308, 0.199112) 


# Original Graph 536 in [525, 550)
14 vertices
0 1
0 2
0 3
0 4
1 4
1 5
1 6
2 6
2 3
3 7
4 8
4 9
4 10
4 11
4 5
5 11
6 11
7 12
7 8
8 12
8 9
9 13
9 10
10 11
11 13
12 13

# Unit Distance Graph 536
14 vertices
0 9
0 10
0 11
0 13
1 8
1 9
1 13
1 12
2 4
2 10
2 9
3 4
3 11
3 10
4 7
4 12
4 13
4 11
4 6
5 7
5 8
5 12
6 9
6 8
7 11
8 11

# Embedding 536 (with cost 9.94749e-15)
(-0.182566, -0.0755795, -0.47262) (-0.116914, -0.258044, -0.202379) (-0.394512, 0.105236, -0.319999) (-0.214662, 0.345647, -0.550143) (0.554943, -0.0420282, -0.0427814) (0.0112312, -0.220675, 0.0665288) (-0.431099, 0.0709943, 0.0794801) (-0.0604752, 0.608666, -0.487594) (0.260707, 0.657336, -0.341955) (0.446267, 0.543757, -0.00252335) (0.416811, 0.317403, 0.22474) (-0.242274, 0.308416, 0.448782) (-0.0469985, 0.739499, -0.206739) (-0.118052, 0.653552, 0.208706) 


# Original Graph 537 in [525, 550)
14 vertices
0 1
0 2
0 3
0 4
1 4
1 5
2 6
2 7
2 8
2 9
2 3
3 10
4 10
4 8
5 11
5 6
6 11
6 12
7 12
7 8
8 13
8 9
9 10
11 13
11 12
12 13

# Unit Distance Graph 537
14 vertices
0 7
0 8
0 13
0 12
1 2
1 8
1 7
2 5
2 11
2 13
2 8
2 4
3 11
3 12
3 13
4 7
4 12
4 6
5 9
5 8
6 8
6 9
6 10
9 11
10 12
10 11

# Embedding 537 (with cost 9.38427e-15)
(-0.35389, 0.731273, -0.511144) (-0.284334, 0.700002, -0.11126) (-0.759092, 0.22163, -0.850018) (-0.473521, 0.480786, -0.821494) (0.132844, 0.482621, -0.480785) (-0.44624, 0.525678, 0.0498033) (-0.722551, 0.259926, -0.0131253) (-0.550119, -0.235171, -0.345373) (0.0666974, -0.173769, -0.447861) (-0.155973, 0.148122, -0.829513) (-0.0462253, 0.400426, -0.736204) (-0.498096, 0.116896, 0.109623) (-0.516523, -0.131114, -0.0317292) (-0.210639, -0.175244, -0.114022) 


# Original Graph 538 in [525, 550)
14 vertices
0 1
0 2
0 3
1 3
1 4
2 5
2 6
3 6
3 7
4 8
4 9
5 9
5 10
5 7
5 11
5 6
6 11
7 11
7 10
7 12
7 13
8 13
8 9
9 12
10 12
12 13

# Unit Distance Graph 538
14 vertices
0 7
0 12
0 10
1 5
1 7
1 10
2 7
2 13
2 12
3 5
3 10
3 12
3 9
4 5
4 11
4 7
5 8
5 13
5 7
6 8
6 9
6 12
6 13
7 9
8 11
9 11

# Embedding 538 (with cost 9.621e-15)
(0.323208, -0.787732, -0.0761031) (0.0968925, -0.690918, -0.237139) (0.666331, -0.791541, -0.0925765) (0.287789, -0.571048, 0.181692) (0.0595585, -0.558529, -0.499061) (1.05777, -0.51892, -0.454244) (0.664518, -0.577486, 0.178849) (0.508952, 0.193036, -0.0161588) (0.0951045, -0.284206, -0.589107) (0.471167, -0.436617, -0.792115) (0.759672, 0.0199164, -0.472592) (0.768423, -0.283006, 0.150245) (0.481681, 0.0746988, -0.556832) (0.201785, -0.00367855, -0.496891) 


# Original Graph 539 in [525, 550)
14 vertices
0 1
0 2
0 3
0 4
1 4
1 5
1 6
1 2
2 6
2 3
3 7
4 8
4 9
4 6
4 5
5 6
6 9
6 10
7 11
7 12
8 12
8 13
9 13
10 13
10 11
11 12

# Unit Distance Graph 539
14 vertices
0 6
0 10
0 13
0 9
1 8
1 13
1 10
1 11
1 12
2 4
2 9
2 13
2 8
3 4
3 6
3 9
4 7
4 11
4 10
4 6
5 7
5 12
5 11
6 8
6 12
6 7

# Embedding 539 (with cost 9.2403e-15)
(-0.0876658, -0.0546307, 0.521873) (-0.388883, 0.080945, 0.789365) (0.0547895, 0.0603203, 0.765525) (0.243503, 0.137951, 0.563589) (-0.596509, 0.315282, 0.0508192) (-0.60753, 0.299378, 0.681595) (-0.414744, 0.81152, 0.899766) (0.341428, 0.407246, 0.38521) (-0.187327, 0.588736, -0.0482052) (-0.404619, 0.8912, 0.451545) (0.0426834, 0.936675, 0.503924) (0.234632, 0.754299, 0.392095) (0.182359, 0.57437, 0.133458) (-0.153758, 0.916558, 0.292911) 


# Original Graph 540 in [525, 550)
14 vertices
0 1
0 2
0 3
1 4
1 2
2 5
3 6
3 7
4 7
4 8
4 9
5 10
5 11
5 6
6 12
6 13
6 9
6 8
7 8
9 13
9 12
9 10
10 12
10 11
11 12
12 13

# Unit Distance Graph 540
14 vertices
0 9
0 12
0 13
1 6
1 13
1 12
2 6
2 9
2 13
3 9
3 10
3 12
4 5
4 6
4 12
4 11
5 9
5 6
5 8
6 10
6 9
7 10
7 11
7 12
8 11
8 10

# Embedding 540 (with cost 9.97666e-15)
(-0.411874, 0.0892239, 0.0630878) (-0.342135, -0.164125, 0.245477) (-0.431565, -0.251069, -0.0538756) (-0.237526, 0.359933, 0.0743111) (0.234821, -0.127305, 0.568191) (-0.288194, -0.415436, -0.233954) (0.297962, 0.393259, -0.283294) (-0.0586184, 0.274587, 0.315564) (0.174515, 0.167103, 0.43429) (0.436213, -0.280965, 0.442177) (0.00511385, -0.561386, -0.229494) (0.165074, -0.394848, -0.392827) (0.409222, -0.228198, -0.411301) (0.53494, -0.0580418, -0.223016) 


# Original Graph 541 in [525, 550)
14 vertices
0 1
0 2
0 3
0 4
1 4
1 5
1 6
2 6
2 3
3 7
4 7
4 8
4 9
4 10
4 5
5 6
6 10
7 11
7 12
8 12
8 13
8 9
9 10
10 13
11 13
11 12

# Unit Distance Graph 541
14 vertices
0 8
0 9
0 10
0 13
1 8
1 13
1 11
1 12
2 4
2 9
2 8
3 4
3 10
3 9
4 7
4 11
4 13
4 10
4 6
5 7
5 12
5 11
6 8
6 12
6 7
7 10

# Embedding 541 (with cost 9.80388e-15)
(0.00596014, 0.15636, 0.619462) (0.355228, 0.315578, 0.446083) (0.176952, -0.112862, 0.578823) (-0.236906, -0.033215, 0.507149) (0.212842, 0.540251, -0.177587) (0.513297, 0.306048, 0.196138) (0.596093, -0.287703, 0.231817) (-0.38863, -0.118763, 0.274001) (-0.156804, 0.00825305, -0.356024) (0.184272, 0.225793, -0.362059) (0.520598, -0.400136, -0.0328113) (-0.185565, -0.367328, -0.0450212) (-0.319863, -0.133983, -0.138851) (0.155245, -0.457844, -0.155437) 


# Original Graph 542 in [525, 550)
14 vertices
0 1
0 2
0 3
0 4
1 4
1 5
2 6
2 7
3 7
3 4
4 7
4 8
5 8
5 9
5 10
6 10
6 11
6 8
7 8
8 11
8 9
9 12
9 13
10 13
11 12
12 13

# Unit Distance Graph 542
14 vertices
0 8
0 9
0 12
0 11
1 6
1 8
1 11
2 5
2 9
2 8
3 9
3 13
3 12
4 6
4 11
4 12
4 13
4 10
5 7
5 8
5 6
6 8
7 10
7 13
7 9
8 10

# Embedding 542 (with cost 6.17686e-15)
(0.491949, -0.0622617, 0.00391031) (-0.178782, -0.232708, 0.124837) (0.631425, -0.244693, -0.30925) (0.344765, 0.186902, -0.0181713) (0.0825809, 0.217037, 0.0836057) (-0.320381, -0.40848, -0.049944) (0.561959, -0.41963, -0.520424) (0.26359, 0.360825, -0.309074) (-0.0988873, 0.30544, -0.714218) (-0.348002, -0.425157, -0.399561) (0.16193, -0.623667, -0.452044) (-0.0178219, -0.11336, -0.854881) (-0.140705, -0.331305, -0.722288) (-0.0947217, -0.543511, -0.540999) 


# Original Graph 543 in [525, 550)
14 vertices
0 1
0 2
0 3
0 4
1 5
1 6
1 2
2 6
2 7
2 8
2 3
3 8
3 9
3 10
3 4
4 10
4 5
5 11
6 7
7 12
8 12
8 13
9 13
9 10
11 13
11 12

# Unit Distance Graph 543
14 vertices
0 8
0 13
0 11
0 12
1 3
1 9
1 13
1 8
2 4
2 5
2 11
2 13
2 9
2 10
3 6
3 7
3 12
3 11
3 5
4 8
4 12
4 7
5 8
6 10
6 9
7 10

# Embedding 543 (with cost 8.99463e-15)
(-0.104582, -0.0394612, -0.162704) (0.103909, -0.374699, -0.153809) (0.577118, 0.0652223, -0.113905) (-0.0449772, 0.494694, 0.317348) (-0.360844, 0.006856, 0.227885) (-0.129521, -0.501695, 0.309492) (0.433919, -0.282539, -0.0907791) (0.603222, -0.256304, 0.191493) (0.575032, 0.169292, 0.540537) (-0.021199, 0.160369, 0.681685) (-0.229941, 0.231102, 0.452786) (0.235475, -0.379321, 0.714141) (0.534662, -0.280855, 0.56743) (0.181949, -0.0684237, 0.794929) 


# Original Graph 544 in [525, 550)
14 vertices
0 1
0 2
0 3
1 3
1 4
1 5
1 6
2 7
2 8
2 9
3 9
4 10
4 11
4 12
4 5
5 13
5 6
6 13
6 12
6 11
6 7
7 10
8 10
8 9
11 12
12 13

# Unit Distance Graph 544
14 vertices
0 4
0 12
0 11
1 4
1 11
1 6
1 7
1 10
2 4
2 5
2 13
2 12
3 6
3 11
3 12
4 7
4 6
5 8
5 10
5 7
6 10
6 8
6 9
8 13
9 12
9 13

# Embedding 544 (with cost 9.80766e-15)
(0.191539, 0.109108, 0.376733) (0.266406, 0.363979, 0.279596) (-0.0370829, -0.43458, 0.138964) (0.374245, -0.106781, 0.379935) (0.79347, -0.192559, -0.362642) (0.29421, 0.492819, -0.0347543) (-0.203167, -0.154351, -0.435131) (-0.184974, -0.360101, -0.241905) (0.606055, -0.451322, 0.0717888) (0.450818, -0.36435, 0.291646) (0.731932, -0.395252, -0.175216) (0.177721, -0.102358, -0.600554) (0.393633, 0.0803426, -0.60221) (0.261343, 0.398928, -0.326017) 


# Original Graph 545 in [525, 550)
14 vertices
0 1
0 2
0 3
1 4
1 5
2 5
2 6
2 7
2 8
3 8
3 9
4 9
4 10
4 5
5 10
5 11
5 6
6 11
6 12
6 13
7 13
7 8
9 12
10 11
11 12
12 13

# Unit Distance Graph 545
14 vertices
0 6
0 12
0 11
1 6
1 13
1 12
2 4
2 10
2 11
2 12
2 9
3 5
3 6
3 11
4 7
4 13
4 6
5 9
5 12
5 13
5 7
5 8
6 9
7 10
8 11
8 10

# Embedding 545 (with cost 9.29802e-15)
(0.175191, -0.720745, 0.607358) (0.466876, -0.719282, 0.301986) (0.0378381, -0.20567, 0.594947) (-0.123362, -0.872722, 0.612267) (0.265632, -1.02528, 0.0692574) (0.547987, -0.374193, 0.0638506) (-0.283907, -0.211698, -0.120723) (-0.361635, -0.363061, 0.479138) (-0.232294, -0.561355, 0.660619) (-0.0881945, -1.12781, 0.229191) (0.248797, -0.796193, -0.184013) (-0.1175, -0.545443, -0.332643) (-0.381804, -0.613117, -0.216155) (-0.444988, -0.329452, 0.173392) 


# Original Graph 546 in [525, 550)
14 vertices
0 1
0 2
0 3
0 4
1 4
1 5
2 5
2 6
2 7
2 8
3 8
3 9
4 9
4 10
5 10
5 11
5 6
6 11
6 12
7 12
7 13
7 8
9 13
10 11
11 13
12 13

# Unit Distance Graph 546
14 vertices
0 6
0 12
0 13
0 11
1 7
1 13
1 12
2 4
2 10
2 11
2 13
2 9
3 5
3 6
3 11
4 7
4 12
4 6
5 9
5 13
5 7
5 8
6 9
7 10
8 11
8 10

# Embedding 546 (with cost 9.76962e-15)
(0.42703, -0.449203, 0.200736) (0.721727, -0.382122, 0.420426) (-0.0242118, -0.251293, 0.674462) (0.0470235, -0.055913, 0.0970112) (0.739699, -0.162299, 0.0353054) (0.781187, -0.225706, 0.754411) (0.522183, 0.22886, 0.929554) (-0.0630897, 0.234719, 0.480173) (-0.11687, -0.0207843, 0.36518) (0.441129, 0.231892, -0.0671509) (0.880962, -0.0437774, 0.30352) (0.751923, 0.37904, 0.657308) (0.165239, 0.428745, 0.601576) (0.399512, 0.549177, 0.250545) 


# Original Graph 547 in [525, 550)
14 vertices
0 1
0 2
0 3
0 4
1 5
1 6
1 7
1 2
2 7
2 8
2 9
2 10
3 10
3 11
3 12
4 12
4 5
5 6
6 13
6 8
7 8
8 9
9 13
9 10
11 13
11 12

# Unit Distance Graph 547
14 vertices
0 6
0 8
0 9
0 13
1 3
1 11
1 13
1 9
1 10
2 4
2 5
2 6
2 13
2 11
2 12
3 7
3 8
3 6
4 9
4 8
5 10
5 9
6 10
7 12
7 11
8 12

# Embedding 547 (with cost 8.06183e-15)
(0.329882, -0.210612, -0.558441) (0.273363, -0.589756, -0.325334) (0.55105, -0.0440456, 0.111132) (0.0119841, 0.375205, -0.348403) (-0.118575, -0.178414, -0.619311) (-0.144513, -0.472608, -0.465519) (-0.375769, -0.41948, 0.118634) (0.340597, -0.466574, 0.0798759) (-0.0332198, -0.322487, 0.366568) (0.00360896, 0.117602, 0.328025) (0.206446, 0.372957, -0.0632158) (-0.365829, 0.172603, -0.224124) (-0.213333, 0.118012, -0.512932) (-0.444917, 0.00486647, 0.035912) 


# Original Graph 548 in [525, 550)
14 vertices
0 1
0 2
0 3
1 3
1 4
1 5
1 6
2 7
2 8
3 8
3 9
3 4
4 5
5 9
5 10
6 10
6 7
7 11
7 12
8 12
8 9
9 13
9 10
10 13
11 13
11 12

# Unit Distance Graph 548
14 vertices
0 9
0 10
0 13
1 8
1 9
1 13
1 11
1 12
2 5
2 10
2 9
3 6
3 7
3 11
3 13
3 10
4 7
4 12
4 11
5 8
5 12
5 7
6 9
6 8
7 9
8 10

# Embedding 548 (with cost 9.1812e-15)
(-0.0794333, -0.484826, -0.00561461) (-0.302616, -0.482547, 0.389327) (-0.135601, -0.449174, -0.292113) (0.00116013, 0.0308409, 0.285428) (-0.223773, -0.138152, 0.452094) (-0.71443, -0.031653, 0.408338) (-0.771648, -0.509223, -0.047886) (-0.461332, -0.421816, -0.476938) (-0.0895754, 0.157079, -0.349248) (-0.46217, 0.438211, 0.0333108) (-0.973304, -0.0435495, 0.0735664) (-0.697067, -0.0568784, -0.425053) (-0.388095, -0.107784, -0.533845) (-0.872714, 0.0932673, -0.196699) 


# Original Graph 549 in [525, 550)
14 vertices
0 1
0 2
0 3
0 4
1 4
1 5
1 6
2 6
2 7
2 3
3 7
4 8
4 9
4 5
5 6
6 9
6 10
6 11
7 12
7 13
8 13
8 11
8 10
9 10
11 12
12 13

# Unit Distance Graph 549
14 vertices
0 6
0 11
0 8
0 10
1 8
1 11
1 12
1 13
2 4
2 9
2 10
2 8
3 6
3 10
3 9
4 7
4 12
4 11
4 6
5 7
5 13
5 12
6 8
6 13
6 7
7 9

# Embedding 549 (with cost 9.51205e-15)
(0.279307, -0.114372, 0.496716) (0.0224965, -0.151794, 0.622997) (0.351421, 0.380386, 0.264443) (0.450686, 0.121658, 0.198401) (-0.284565, -0.391233, 0.275675) (-0.253933, -0.0366131, 0.607437) (-0.412847, 0.596064, 0.369423) (0.392521, 0.23922, -0.103909) (-0.288224, -0.111028, -0.32663) (-0.526567, -0.0787054, 0.1289) (-0.483793, 0.00590419, -0.138274) (-0.239386, 0.560359, -0.0283517) (0.12599, 0.372775, -0.222057) (-0.00316859, 0.0445419, -0.357203) 
