

# Original Graph 125 in [125, 150)
14 vertices
0 1
0 2
0 3
0 4
1 5
1 6
1 7
2 8
2 4
2 9
3 10
3 4
4 11
4 5
5 8
5 7
5 12
6 12
6 7
7 12
7 8
9 11
9 13
9 10
10 13
11 13

# Unit Distance Graph 125
14 vertices
0 2
0 4
0 5
0 8
1 2
1 9
1 11
1 4
2 5
2 4
3 5
3 7
3 8
4 8
4 7
5 10
5 9
6 9
6 13
6 11
7 11
7 13
7 10
9 12
10 12
12 13

# Embedding 125 (with cost 9.63433e-15)
(-0.402022, -0.23692, -0.00760833) (-0.0818785, -0.210022, 0.0737896) (-0.00927615, -0.11229, -0.918771) (-0.560481, -0.092441, -0.215567) (-0.220286, 0.684133, -0.352039) (0.231043, 0.517677, -0.180268) (0.230312, -0.105918, -0.0356357) (0.431681, -0.0740049, -0.339158) (0.327948, -0.0875037, -0.674556) (-0.300615, 0.0292474, -0.872204) (-0.554939, -0.0164149, -0.49168) (-0.353873, 0.495923, -0.580168) (0.364371, 0.150364, -0.135235) (-0.467965, 0.188295, -0.688206) 


# Original Graph 126 in [125, 150)
14 vertices
0 1
0 2
0 3
0 4
1 5
1 3
1 6
2 7
2 8
3 8
3 5
3 9
3 4
4 10
4 5
5 10
5 9
6 8
6 11
7 11
7 12
8 13
9 10
11 13
11 12
12 13

# Unit Distance Graph 126
14 vertices
0 1
0 6
0 8
0 3
1 3
1 8
1 2
2 3
2 5
3 7
3 11
3 6
4 6
4 11
4 13
4 8
5 8
5 13
5 12
5 7
7 9
9 12
9 11
10 11
10 12
10 13

# Embedding 126 (with cost 7.49274e-15)
(0.109792, -0.321628, 0.0951558) (-0.140491, 0.437883, 0.695572) (0.385702, -0.217905, 0.15422) (0.00755773, 0.599642, -0.280089) (-0.168058, -0.201378, 0.0385888) (-0.438333, 0.316233, 0.343068) (0.15986, 0.47306, 0.700105) (0.504976, -0.015486, 0.331624) (0.389341, 0.610568, -0.134763) (-0.342383, 0.35987, -0.0439964) (-0.372413, 0.0771047, 0.0719659) (0.419109, 0.377958, 0.603925) (0.560011, 0.270123, 0.377466) (0.525255, 0.509287, 0.158057) 


# Original Graph 127 in [125, 150)
14 vertices
0 1
0 2
0 3
0 4
0 5
1 6
1 7
1 2
2 3
3 7
3 8
3 9
3 10
4 10
4 5
5 10
5 11
6 12
6 8
6 13
7 13
8 13
9 12
9 11
10 11
11 12

# Unit Distance Graph 127
14 vertices
0 3
0 9
0 12
0 6
0 8
1 3
1 10
1 11
1 9
2 9
2 11
2 12
3 6
3 12
3 11
3 5
4 6
4 13
4 8
5 8
5 13
5 7
6 10
7 11
7 10
10 13

# Embedding 127 (with cost 8.42627e-15)
(0.452726, 0.0414465, -0.401564) (0.514485, -0.397741, -0.238212) (0.56351, -0.127967, -0.107008) (0.128907, 0.0929759, 0.54315) (0.174669, 0.228595, -0.383685) (-0.124642, 0.175621, -0.420635) (-0.188348, -0.643178, -0.0547013) (0.362805, -0.481468, 0.154368) (0.0263103, -0.368158, 0.404906) (-0.42718, -0.1803, 0.018667) (-0.128083, 0.354324, -0.0915613) (-0.415935, -0.0343308, -0.285668) (-0.390799, -0.425382, -0.135975) (0.0880966, -0.576503, 0.203104) 


# Original Graph 128 in [125, 150)
14 vertices
0 1
0 2
0 3
0 4
0 5
1 5
1 4
1 6
2 7
2 3
3 8
3 9
3 10
3 6
3 4
4 6
4 5
6 10
7 11
7 8
8 12
9 12
9 13
10 11
11 13
12 13

# Unit Distance Graph 128
14 vertices
0 3
0 10
0 11
0 13
0 9
1 3
1 9
1 12
1 8
2 3
2 6
2 10
3 7
3 11
3 10
3 6
4 7
4 8
4 12
4 13
4 11
5 9
5 13
5 12
6 8
6 7

# Embedding 128 (with cost 9.19049e-15)
(-0.160899, 0.269516, 0.541251) (-0.318703, 0.230789, -0.114152) (-0.0392322, -0.00574294, 0.655523) (0.675326, 0.224021, -0.00524579) (-0.0993465, 0.489956, -0.0251298) (-0.248353, 0.386423, 0.193704) (-0.247748, 0.00645448, -0.322419) (0.0512986, -0.287591, 0.585385) (0.347575, -0.281556, 0.427674) (0.624363, -0.0715421, 0.024489) (-0.145002, -0.263016, -0.30501) (-0.00629735, -0.504571, -0.0726609) (0.475517, -0.303277, 0.175654) (0.288802, -0.43155, -0.0121706) 


# Original Graph 129 in [125, 150)
14 vertices
0 1
0 2
0 3
0 4
1 5
1 6
1 7
2 8
2 6
3 6
3 5
3 9
3 4
4 9
5 9
6 10
6 7
7 11
7 8
8 12
8 10
10 12
10 13
10 11
11 13
12 13

# Unit Distance Graph 129
14 vertices
0 6
0 7
0 11
0 10
1 2
1 6
1 10
1 8
2 7
2 6
3 7
3 8
3 12
3 13
3 11
4 10
4 11
4 13
5 8
5 10
5 12
6 8
6 7
9 10
9 13
9 12

# Embedding 129 (with cost 8.53963e-15)
(0.00582519, -0.0233287, -0.84607) (-0.105256, -0.81596, -0.400709) (-0.0517356, 0.155657, -0.631134) (0.653279, -0.394732, -0.602336) (0.234802, -0.194083, -0.856323) (0.210263, -0.730812, -0.586347) (0.736889, -0.306099, -0.225113) (-0.175886, -0.705024, -0.137358) (-0.125345, 0.18289, -0.357185) (0.411983, -0.4681, -0.749462) (0.220145, -0.0337933, 0.130638) (-0.107586, -0.467975, 0.0424276) (-0.0184877, 0.0582554, -0.0162194) (-0.018764, -0.195934, 0.110993) 


# Original Graph 130 in [125, 150)
14 vertices
0 1
0 2
0 3
0 4
0 5
0 6
1 7
1 8
1 9
2 9
2 3
3 4
4 10
4 11
5 11
5 12
5 13
6 13
6 7
7 13
8 13
8 12
9 11
9 10
10 11
12 13

# Unit Distance Graph 130
14 vertices
0 1
0 9
0 11
0 5
0 12
0 8
1 5
1 11
1 4
2 5
2 13
2 12
3 8
3 12
3 13
4 8
4 13
4 7
5 9
6 9
6 10
6 11
7 11
7 10
9 13
10 13

# Embedding 130 (with cost 9.95243e-15)
(0.349565, -0.52554, -0.596987) (0.369102, -0.378183, 0.391903) (0.289845, -0.84441, -0.151474) (0.204202, -0.761756, -0.462479) (-0.107377, -0.801232, -0.378809) (-0.465841, -0.190002, -0.125259) (0.365588, -0.0552107, -0.274853) (0.379321, -0.0797925, 0.113787) (0.152369, -0.101889, 0.287113) (0.159577, -0.815711, 0.340939) (-0.229376, -0.841501, -0.108221) (-0.504591, -0.506618, -0.0773141) (-0.229567, -0.0104621, 0.0349153) (0.0457788, 0.114626, -0.00766403) 


# Original Graph 131 in [125, 150)
14 vertices
0 1
0 2
0 3
0 4
0 5
1 5
1 4
1 6
2 7
2 8
2 3
3 9
4 9
4 6
4 5
6 10
6 7
7 10
7 11
8 12
8 9
9 13
9 10
11 13
11 12
12 13

# Unit Distance Graph 131
14 vertices
0 7
0 11
0 13
0 9
0 10
1 8
1 9
1 13
1 12
2 4
2 6
2 10
2 9
3 6
3 7
3 10
4 8
4 12
4 11
4 7
5 11
5 12
5 13
6 9
6 8
7 9

# Embedding 131 (with cost 9.85194e-15)
(0.0311677, -0.371407, -0.378008) (-0.550748, -0.188819, -0.223037) (0.297998, -0.3826, 0.022108) (0.24918, -0.17656, -0.288623) (-0.373282, 0.184899, -0.454681) (-0.316752, -0.198422, -0.430762) (-0.645561, -0.0756008, 0.146401) (-0.35688, -0.101608, 0.503257) (0.353625, -0.0644592, 0.185184) (0.0684065, 0.584562, -0.0869143) (-0.500441, 0.161164, 0.280596) (-0.0940681, 0.0891183, 0.500759) (0.194519, 0.12328, 0.366176) (0.101336, 0.405101, 0.24818) 


# Original Graph 132 in [125, 150)
14 vertices
0 1
0 2
0 3
0 4
0 5
1 6
1 7
1 2
2 7
2 8
2 9
2 10
3 10
3 4
4 10
4 5
5 11
6 9
6 12
6 13
7 13
7 8
8 12
9 11
10 11
12 13

# Unit Distance Graph 132
14 vertices
0 2
0 9
0 6
0 12
0 8
1 2
1 10
1 11
1 9
2 6
2 9
2 11
2 5
3 6
3 13
3 12
4 7
4 8
4 12
4 13
5 8
5 7
6 10
7 11
7 10
10 13

# Embedding 132 (with cost 7.90187e-15)
(-0.300639, -0.442923, -0.503772) (-0.0656192, -0.283857, -0.714041) (-0.228559, 0.444515, -0.0485152) (-0.428956, -0.232832, 0.0397742) (-0.29923, -0.484257, 0.0404821) (-0.0375001, -0.518265, 0.142669) (0.561787, -0.167379, -0.0791587) (0.191889, 0.0496903, -0.647779) (0.0525988, 0.429028, -0.164768) (0.436652, -0.275095, 0.150625) (-0.380011, 0.0554946, 0.172524) (0.204452, -0.40925, 0.240599) (0.491337, 0.0821718, -0.192246) (0.398278, 0.0334172, -0.454993) 


# Original Graph 133 in [125, 150)
14 vertices
0 1
0 2
0 3
0 4
1 5
1 6
1 2
2 7
2 8
2 9
2 10
3 10
3 11
4 11
4 12
5 9
5 8
5 13
6 13
6 7
7 8
8 13
9 12
10 12
10 11
11 12

# Unit Distance Graph 133
14 vertices
0 2
0 9
0 5
0 8
1 2
1 10
1 12
1 9
2 5
2 9
2 12
2 4
3 5
3 13
3 8
4 8
4 7
5 10
6 10
6 11
6 12
7 12
7 11
8 11
10 13
11 13

# Embedding 133 (with cost 9.98806e-15)
(-0.102483, 0.576976, -0.054233) (0.237015, 0.528983, -0.113244) (-0.0243419, -0.39638, 0.161338) (-0.481224, 0.207815, -0.0666057) (-0.348622, 0.443537, -0.273843) (0.182166, -0.0704363, -0.761221) (0.410685, 0.297455, -0.191686) (0.273323, -0.295857, -0.0160015) (0.355834, -0.262524, -0.346097) (-0.147556, -0.102512, -0.786533) (-0.425733, -0.207759, 0.0208284) (-0.561808, 0.134695, -0.358317) (-0.430757, 0.0169435, -0.653518) (0.429375, 0.0302005, -0.439786) 


# Original Graph 134 in [125, 150)
14 vertices
0 1
0 2
0 3
0 4
0 5
0 6
1 7
1 8
1 2
2 8
2 9
2 10
2 3
3 11
3 4
4 5
5 6
6 11
7 10
7 12
8 12
8 13
8 9
9 13
10 11
12 13

# Unit Distance Graph 134
14 vertices
0 2
0 10
0 7
0 12
0 13
0 9
1 2
1 3
1 11
1 10
2 7
2 10
2 11
2 6
3 8
3 12
3 7
4 8
4 13
4 12
5 8
5 9
5 13
6 9
6 8
8 11

# WARNING!!: failed to find good embedding for graph 134!!!


# Original Graph 135 in [125, 150)
14 vertices
0 1
0 2
0 3
0 4
0 5
1 6
1 7
1 2
2 7
2 8
2 9
2 10
2 3
3 11
3 12
3 4
4 5
5 12
6 10
6 13
7 8
8 13
8 9
9 13
10 11
11 12

# Unit Distance Graph 135
14 vertices
0 2
0 10
0 6
0 13
0 9
1 2
1 3
1 11
1 10
2 6
2 10
2 11
2 12
2 5
3 7
3 8
3 13
3 6
4 8
4 9
4 13
5 9
5 8
7 12
7 11
8 12

# WARNING!!: failed to find good embedding for graph 135!!!


# Original Graph 136 in [125, 150)
14 vertices
0 1
0 2
0 3
0 4
0 5
1 6
1 7
1 2
2 7
2 8
2 9
2 10
3 10
3 4
4 5
5 10
5 11
6 9
6 12
6 13
7 13
8 13
8 12
9 11
10 11
12 13

# Unit Distance Graph 136
14 vertices
0 2
0 9
0 6
0 12
0 8
1 2
1 10
1 11
1 9
2 6
2 9
2 11
2 5
3 6
3 13
3 12
4 8
4 12
4 13
5 8
5 13
5 7
6 10
7 11
7 10
10 13

# Embedding 136 (with cost 9.02671e-15)
(0.227538, 0.130102, 0.161679) (-0.0183041, 0.292169, 0.295634) (-0.52274, -0.485149, -0.0802929) (0.148832, -0.293705, -0.21796) (0.288141, -0.0331689, -0.267525) (0.189353, 0.0489968, -0.535938) (-0.4875, 0.436515, -0.466677) (-0.406759, 0.29616, 0.227974) (-0.691652, -0.155604, -0.10936) (-0.317303, 0.304424, -0.658541) (-0.117581, -0.48231, -0.329127) (-0.047706, 0.146244, -0.693225) (-0.65557, 0.297477, -0.276619) (-0.605016, 0.324138, 0.00561089) 


# Original Graph 137 in [125, 150)
14 vertices
0 1
0 2
0 3
0 4
0 5
1 6
1 7
1 2
2 7
2 8
2 9
2 10
3 10
3 5
3 4
4 5
5 11
6 9
6 12
6 7
7 13
8 13
8 12
9 11
10 11
12 13

# Unit Distance Graph 137
14 vertices
0 2
0 9
0 6
0 12
0 8
1 2
1 10
1 11
1 9
2 6
2 9
2 11
2 5
3 6
3 7
3 13
3 12
4 8
4 12
4 13
5 8
5 13
5 7
6 10
7 11
7 10

# Embedding 137 (with cost 8.77864e-15)
(-0.134939, 0.838797, -0.278176) (0.0792508, 0.893265, -0.524245) (0.471759, 0.0549532, -0.145866) (-0.281757, 0.332141, -0.0295124) (-0.33365, 0.577085, -0.173145) (-0.480523, 0.308495, -0.31579) (-0.0649771, 0.13563, -0.98575) (0.395871, 0.552017, -0.731278) (0.480356, 0.0715797, -0.459255) (-0.275702, 0.0025146, -0.808098) (-0.0585641, 0.0601273, 0.0113753) (-0.444032, 0.0414175, -0.547291) (0.208904, 0.111822, -0.87255) (0.428136, 0.242942, -0.728151) 


# Original Graph 138 in [125, 150)
14 vertices
0 1
0 2
0 3
0 4
0 5
1 6
1 7
1 8
2 9
2 3
3 9
3 4
4 8
4 5
5 10
6 10
6 11
6 12
7 12
7 8
8 10
8 9
10 13
10 11
11 13
12 13

# Unit Distance Graph 138
14 vertices
0 7
0 8
0 10
0 13
0 12
1 4
1 5
1 10
1 8
2 10
2 11
2 13
3 6
3 12
3 13
3 11
4 7
4 12
4 6
5 8
5 7
6 8
6 9
8 10
9 11
9 10

# Embedding 138 (with cost 9.56704e-15)
(-0.725952, 0.00881326, 0.0615723) (-0.263413, 0.348596, 0.12291) (-0.488571, -0.454281, -0.052783) (-0.727177, -0.364488, -0.181489) (-0.767765, -0.251363, -0.498121) (-0.645071, -0.0404541, -0.715528) (-0.139541, 0.443989, -0.149093) (0.192466, -0.269576, -0.219509) (0.0681937, -0.531918, -0.215811) (-0.212645, -0.553128, -0.128748) (-0.333076, 0.128833, -0.850153) (-0.1284, 0.390889, -0.447706) (0.186638, 0.00625636, -0.347296) (-0.0749489, 0.216314, -0.668591) 


# Original Graph 139 in [125, 150)
14 vertices
0 1
0 2
0 3
0 4
1 5
1 6
2 6
2 7
2 8
2 9
3 9
3 4
4 10
5 10
5 8
6 11
6 12
6 7
7 12
7 13
7 8
8 11
9 10
11 13
11 12
12 13

# Unit Distance Graph 139
14 vertices
0 7
0 8
0 11
0 13
1 2
1 8
1 7
2 6
2 11
2 8
2 5
3 11
3 12
3 13
4 7
4 13
4 12
5 7
5 6
6 9
6 10
6 8
7 10
9 12
9 11
10 12

# Embedding 139 (with cost 9.97927e-15)
(-0.337051, 0.350668, 0.526013) (-0.517384, 0.0402306, 0.578821) (0.461122, 0.239972, 0.630115) (0.0161186, 0.486951, 0.417123) (-0.116509, 0.423913, 0.174112) (-0.0529306, 0.026641, -0.200692) (-0.414905, -0.238161, 0.693095) (0.426042, -0.288979, 0.618435) (0.0874098, -0.226645, -0.171513) (0.300336, 0.423327, 0.467567) (-0.0260388, 0.278848, -0.0694567) (0.032411, -0.434553, 0.0290964) (-0.0757155, -0.498934, 0.55711) (0.177832, -0.499885, 0.418979) 


# Original Graph 140 in [125, 150)
14 vertices
0 1
0 2
0 3
0 4
0 5
1 6
1 7
2 8
2 9
3 9
3 8
3 7
3 10
3 4
4 10
5 10
5 11
6 12
6 7
7 8
8 9
10 12
10 13
11 13
11 12
12 13

# Unit Distance Graph 140
14 vertices
0 3
0 10
0 12
0 6
0 7
1 3
1 4
1 10
2 10
2 13
2 12
3 6
3 12
3 11
3 5
4 7
4 6
5 7
5 8
7 10
8 11
8 13
8 10
9 11
9 12
9 13

# Embedding 140 (with cost 8.02345e-15)
(0.259611, 0.212151, 0.315738) (0.227531, 0.779326, -0.126547) (-0.056483, 0.320616, 0.187128) (-0.292059, 0.00738996, -0.4928) (0.106041, -0.177246, -0.391521) (0.528219, 0.165628, 0.056841) (0.327527, 0.792313, -0.495927) (-0.078729, 0.805259, -0.414844) (-0.301721, 0.603532, -0.288759) (-0.343226, 0.314496, -0.177431) (0.348339, -0.0706514, -0.639328) (0.648251, 0.291659, -0.305696) (0.53946, 0.555894, -0.580658) (0.559594, 0.194717, -0.590431) 


# Original Graph 141 in [125, 150)
14 vertices
0 1
0 2
0 3
0 4
1 5
1 6
1 7
2 8
2 9
3 10
3 11
4 12
4 13
5 13
5 12
5 7
5 6
6 7
7 9
7 8
8 9
9 12
9 10
10 11
11 12
12 13

# Unit Distance Graph 141
14 vertices
0 5
0 7
0 9
0 12
1 9
1 10
1 11
1 12
2 5
2 12
2 13
3 5
3 6
3 7
4 7
4 8
4 9
5 10
5 9
6 11
6 10
7 12
7 11
8 13
8 12
9 13

# Embedding 141 (with cost 9.49897e-15)
(-0.342219, 0.200202, -0.328986) (-0.518161, -0.126576, 0.105234) (-0.159221, -0.355528, -0.4081) (0.0321244, 0.142693, -0.397407) (0.0571608, 0.281444, 0.182735) (-0.0339218, -0.138458, 0.559981) (-0.291786, -0.377193, 0.393036) (-0.198513, -0.683099, 0.117252) (-0.0903148, -0.618089, -0.228473) (0.288726, -0.574098, -0.280326) (0.36334, -0.247344, -0.351241) (0.432935, 0.0439513, -0.152323) (0.450626, 0.0631196, 0.26482) (0.114116, 0.0956435, 0.441448) 


# Original Graph 142 in [125, 150)
14 vertices
0 1
0 2
0 3
0 4
0 5
1 6
1 7
2 8
2 9
3 10
3 11
4 12
4 13
5 13
5 12
5 7
5 6
6 7
7 9
7 8
8 9
9 10
10 12
10 11
11 12
12 13

# Unit Distance Graph 142
14 vertices
0 5
0 7
0 9
0 10
0 12
1 10
1 11
1 12
2 5
2 12
2 13
3 5
3 6
3 7
4 7
4 8
4 9
5 10
5 9
6 11
6 10
7 12
7 11
8 13
8 12
9 13

# Embedding 142 (with cost 9.73331e-15)
(0.055079, 0.578921, -0.297992) (-0.268554, 0.20724, 0.0430309) (0.0676539, 0.605948, 0.0149707) (-0.189215, 1.03177, -0.121593) (-0.681782, 0.771074, -0.384631) (-0.884059, 0.313846, -0.0794648) (-0.608375, 0.163925, 0.145143) (-0.50793, 0.298979, 0.479603) (-0.185742, 0.530808, 0.449764) (-0.364482, 0.883943, 0.556953) (-0.491611, 1.14111, 0.32255) (-0.602261, 1.14592, -0.0436417) (-0.832648, 1.01199, -0.141821) (-0.897268, 0.620283, -0.247175) 


# Original Graph 143 in [125, 150)
14 vertices
0 1
0 2
0 3
0 4
0 5
1 6
1 2
2 6
2 7
2 8
3 8
3 9
4 7
4 10
5 11
5 12
6 12
6 13
6 11
7 10
7 9
7 8
8 9
10 11
11 13
12 13

# Unit Distance Graph 143
14 vertices
0 2
0 7
0 10
0 11
0 6
1 4
1 10
1 7
2 5
2 11
2 10
2 4
3 6
3 11
3 13
4 6
5 8
5 7
6 7
6 9
7 12
8 12
8 13
8 11
9 13
9 12

# Embedding 143 (with cost 9.54923e-15)
(-0.172281, 0.503309, -0.1711) (-0.0444611, -0.0199377, -0.784813) (0.0147393, -0.361451, -0.637161) (-0.0711293, 0.13197, -0.0187994) (0.557248, 0.207576, -0.0191868) (0.00230383, 0.610102, -0.400666) (0.255109, 0.064796, -0.961697) (0.625179, -0.0867683, -0.0451404) (0.139033, -0.354468, -0.175033) (0.197143, -0.147056, 0.0138841) (0.763819, 0.155386, -0.222724) (0.721657, 0.344279, -0.590126) (0.226793, 0.405456, -0.819094) (0.505077, 0.322479, -0.813591) 


# Original Graph 144 in [125, 150)
14 vertices
0 1
0 2
0 3
0 4
0 5
1 6
1 7
1 8
2 9
2 10
3 11
3 4
4 12
5 12
5 13
5 6
6 13
6 12
6 7
7 8
8 11
8 9
9 10
10 11
11 12
12 13

# Unit Distance Graph 144
14 vertices
0 6
0 7
0 8
0 11
0 12
1 3
1 4
1 12
1 11
2 6
2 12
2 13
3 7
3 6
4 8
4 7
5 8
5 9
5 10
5 11
6 11
6 10
8 12
9 13
9 12
10 13

# Embedding 144 (with cost 9.75998e-15)
(-0.457448, -0.0996386, 0.787223) (-0.560603, -0.635807, 0.253299) (-0.0984802, -0.241165, 0.540234) (-0.139441, 0.268099, 0.178623) (-0.422294, 0.349779, 0.155879) (-0.841219, -0.0100862, 0.444539) (-0.869147, -0.362668, -0.0853135) (-0.530488, -0.619793, -0.0637205) (-0.196646, -0.605549, -0.0349922) (0.0163387, -0.425069, 0.14059) (0.0858122, -0.120503, 0.0861788) (0.00535474, 0.122145, -0.0710465) (-0.633221, 0.290406, -0.116641) (-0.907084, -0.0790051, -0.0253304) 


# Original Graph 145 in [125, 150)
14 vertices
0 1
0 2
0 3
0 4
0 5
0 6
1 7
1 5
1 2
2 4
2 3
3 4
4 5
5 7
5 8
5 6
6 9
7 10
8 11
8 9
9 12
9 10
10 13
11 13
11 12
12 13

# Unit Distance Graph 145
14 vertices
0 5
0 8
0 11
0 13
0 10
0 7
1 5
1 6
1 9
1 8
2 8
2 9
2 12
2 11
3 11
3 12
3 13
4 9
4 10
4 13
4 12
5 7
5 10
5 9
5 6
6 7

# Embedding 145 (with cost 9.52405e-15)
(-0.484758, 0.136681, 0.906756) (0.0122785, -0.541554, 0.673349) (-0.0917057, -0.40036, 0.919357) (-0.177621, -0.114634, 1.06931) (0.0746841, 0.0349619, 1.11141) (0.490409, 0.328194, 0.795533) (-0.474587, 0.320635, 0.533378) (0.0911285, -0.489879, 0.381611) (0.401947, 0.363695, 0.503993) (-0.337143, 0.286901, 0.235666) (0.0305708, -0.303558, 0.171484) (0.258289, 0.252538, 0.247622) (-0.0460416, 0.219586, 0.136042) (0.10248, -0.0245834, 0.11357) 


# Original Graph 146 in [125, 150)
14 vertices
0 1
0 2
0 3
0 4
0 5
1 6
1 7
1 2
2 3
3 7
4 7
4 6
4 8
4 9
4 10
4 5
5 10
6 8
8 11
9 12
9 13
10 13
10 11
11 13
11 12
12 13

# Unit Distance Graph 146
14 vertices
0 4
0 9
0 12
0 11
0 8
1 4
1 10
1 13
1 9
2 9
2 13
2 12
3 11
3 12
3 13
4 6
4 8
4 11
4 10
4 5
5 8
5 6
6 10
7 10
7 11
7 13

# Embedding 146 (with cost 9.98944e-15)
(-0.357805, -0.323234, -0.451287) (0.239282, 0.05852, -0.390887) (-0.0537087, 0.00419675, -0.485654) (-0.269996, 0.114624, -0.329712) (-0.362984, 0.214023, 0.392116) (-0.382621, -0.554463, -0.24745) (0.440002, 0.00844767, -0.167305) (-0.296492, 0.280201, -0.0110056) (0.492991, -0.176512, 0.0533109) (-0.192517, -0.0699662, 0.501884) (-0.215284, -0.71453, 0.0515651) (0.394254, -0.410823, 0.201963) (0.170717, -0.418824, 0.392234) (-0.0173695, -0.633757, 0.283563) 


# Original Graph 147 in [125, 150)
14 vertices
0 1
0 2
0 3
0 4
0 5
1 6
1 2
2 7
3 7
3 6
3 8
3 9
3 10
3 4
4 5
5 11
6 12
6 8
6 7
8 12
9 13
9 10
10 13
10 11
11 13
12 13

# Unit Distance Graph 147
14 vertices
0 3
0 9
0 13
0 12
0 8
1 3
1 10
1 9
2 9
2 10
2 13
3 6
3 12
3 13
3 11
3 5
4 6
4 8
4 12
5 8
5 6
6 11
6 10
7 10
7 11
7 13

# Embedding 147 (with cost 9.5585e-15)
(-0.470343, -0.264812, -0.6912) (-0.504952, -0.311722, -0.0762076) (-0.518123, -0.471821, -0.347745) (0.305584, -0.813012, -0.379091) (-0.207187, -0.32821, -0.787782) (-0.175849, -0.0196871, -0.751726) (-0.302445, -0.276755, 0.20634) (-0.251157, -0.72443, -0.205172) (0.000251757, -0.305615, 0.190205) (0.461767, -0.273154, -0.329122) (0.331944, 0.0316017, -0.502509) (0.0618965, 0.122466, -0.635015) (0.0504285, 0.0186766, 0.114052) (0.230291, 0.146673, -0.108284) 


# Original Graph 148 in [125, 150)
14 vertices
0 1
0 2
0 3
0 4
1 5
1 2
2 3
3 5
3 6
4 6
4 7
5 8
5 6
6 8
6 9
6 10
6 11
6 7
7 12
8 9
9 12
9 13
10 13
10 11
11 13
11 12

# Unit Distance Graph 148
14 vertices
0 6
0 10
0 13
0 9
1 6
1 11
1 10
2 10
2 11
2 13
3 9
3 13
3 11
3 12
4 6
4 9
4 8
5 6
5 7
5 12
5 11
6 8
6 9
6 12
6 7
7 8

# Embedding 148 (with cost 8.1673e-15)
(-0.00304961, 0.130172, 0.567951) (-0.189577, -0.294734, 0.696534) (-0.051169, -0.0496356, 0.784656) (0.17931, -0.0927886, 0.981997) (0.191101, 0.1875, 0.363864) (-0.16863, -0.579567, 0.701185) (0.771595, -0.362905, 0.963931) (0.370015, 0.0582597, 0.150695) (-0.0342167, -0.771571, 0.535375) (0.189256, -0.809347, 0.284541) (0.730549, -0.522263, 0.37779) (0.638564, -0.386085, 0.143508) (0.462278, -0.193546, 0.0281746) (0.519556, -0.650265, 0.224731) 


# Original Graph 149 in [125, 150)
14 vertices
0 1
0 2
0 3
0 4
0 5
1 6
1 3
1 2
2 3
3 7
4 7
4 5
5 8
6 9
6 10
6 7
7 10
7 11
7 8
8 12
8 9
9 13
9 10
11 13
11 12
12 13

# Unit Distance Graph 149
14 vertices
0 7
0 11
0 13
0 9
0 10
1 7
1 8
1 12
1 11
2 11
2 12
2 13
3 8
3 9
3 13
3 12
4 6
4 10
4 9
5 6
5 7
5 10
6 8
6 7
7 9
7 8

# Embedding 149 (with cost 8.2025e-15)
(0.695207, -0.520803, -0.763195) (0.208795, -0.637022, -0.264009) (0.347409, -0.625154, -0.641911) (0.102597, -0.412072, -0.74548) (0.677088, -0.238022, -0.855659) (0.92152, -0.243466, -0.657105) (0.188499, -0.453955, -0.010287) (0.0483515, 0.240359, -0.716181) (0.9759, -0.0235328, -0.451577) (0.49416, -0.0890792, 0.11612) (0.180914, -0.144657, 0.00752989) (0.353627, 0.343773, -0.394642) (0.700768, 0.233562, -0.270772) (0.533836, 0.152937, -0.0420612) 
