

# Original Graph 0 in [0, 25)
14 vertices
0 1
0 2
0 3
0 4
0 5
0 6
1 6
1 7
2 8
2 3
3 4
4 9
5 9
5 10
5 11
5 12
6 12
7 12
7 13
7 8
8 10
8 9
9 10
11 13
11 12
12 13

# Unit Distance Graph 0
14 vertices
0 5
0 11
0 13
0 7
0 8
0 10
1 5
1 10
1 9
2 5
2 12
2 11
3 11
3 12
3 13
4 7
4 13
4 12
5 8
5 7
6 8
6 9
6 10
7 9
8 12
9 12

# Embedding 0 (with cost 7.07934e-15)
(0.636186, -1.30259, -0.342979) (0.18826, -1.55631, -0.627496) (0.0716782, -1.10313, -0.185315) (0.313372, -1.03503, -0.173947) (0.328458, -0.742699, -0.318693) (0.329139, -0.657576, -1.04275) (0.490806, -1.46427, -0.811871) (-0.263484, -1.41372, -0.765169) (-0.332018, -1.06176, -0.410687) (0.190534, -0.565459, -0.492538) (0.0624675, -0.56717, -0.70354) (0.199569, -0.930106, -1.16189) (0.309688, -1.32614, -1.13063) (-0.0449708, -1.28019, -1.07477) 


# Original Graph 1 in [0, 25)
14 vertices
0 1
0 2
0 3
0 4
0 5
1 6
1 2
2 3
3 7
4 7
4 8
4 6
4 9
4 10
5 10
5 11
6 12
6 8
7 8
9 13
9 10
10 13
10 12
10 11
11 12
12 13

# Unit Distance Graph 1
14 vertices
0 4
0 9
0 13
0 12
0 6
1 4
1 10
1 9
2 9
2 10
2 13
3 10
3 12
3 13
4 6
4 12
4 11
4 5
5 6
5 8
6 10
7 10
7 11
7 12
8 11
8 10

# Embedding 1 (with cost 6.88228e-15)
(1.40121, 0.140076, -0.438051) (1.21631, 0.290932, -0.900471) (1.26652, 0.0671337, -0.715755) (1.11756, -0.0710737, -0.605333) (0.406261, 0.118947, -0.339896) (1.32575, 0.485326, -0.19741) (0.827629, 0.697696, -1.03811) (0.698355, -0.0835627, -0.548293) (0.547116, 0.0870332, -0.682268) (0.473164, 0.46395, -0.254096) (0.955565, 0.742815, -0.0473511) (1.17701, 0.753593, -0.283609) (0.84242, 0.857688, -0.853731) (0.638862, 0.786975, -0.41931) 


# Original Graph 2 in [0, 25)
14 vertices
0 1
0 2
0 3
0 4
0 5
0 6
1 6
1 7
1 2
2 7
2 8
2 9
3 9
3 8
3 10
3 4
4 11
5 12
5 13
6 13
7 12
8 10
8 9
10 11
11 12
12 13

# Unit Distance Graph 2
14 vertices
0 2
0 8
0 10
0 11
0 12
0 7
1 3
1 4
1 11
1 10
2 5
2 12
2 11
2 4
3 7
3 12
3 13
3 6
4 7
5 9
5 8
6 10
6 8
8 13
9 13
9 12

# Embedding 2 (with cost 9.37623e-15)
(0.816832, 1.0473, -0.569485) (1.40871, 0.820556, -0.0907681) (1.59471, 0.447437, -0.382218) (0.957421, 0.317875, -0.828096) (0.623847, 0.493849, -0.617321) (0.716417, 0.852046, -0.127472) (1.13819, 0.971505, -0.0931872) (1.34331, 0.495389, 0.0772106) (1.1923, 0.121714, -0.617522) (1.35429, 0.28231, -0.645658) (0.8135, 0.067284, -0.370607) (0.667971, 0.151448, -0.150813) (0.753125, 0.355803, 0.150078) (0.832873, 0.76685, 0.0567256) 


# Original Graph 3 in [0, 25)
14 vertices
0 1
0 2
0 3
0 4
0 5
0 6
1 7
1 8
1 2
2 8
2 9
2 10
3 10
3 11
3 4
4 12
5 13
5 6
6 7
7 13
8 13
9 11
9 10
10 11
11 12
12 13

# Unit Distance Graph 3
14 vertices
0 2
0 9
0 11
0 12
0 13
0 8
1 3
1 4
1 12
1 11
2 5
2 13
2 12
2 4
3 8
3 13
3 7
4 8
5 10
5 9
6 9
6 10
6 11
7 11
7 10
10 13

# Embedding 3 (with cost 9.94455e-15)
(0.930447, 0.120001, 0.341741) (0.151563, 0.183924, 0.730382) (-0.0644364, 0.148446, 0.438687) (0.618466, 0.30585, -0.145482) (0.786547, 0.438982, 0.00117614) (0.706502, 0.754592, 0.634237) (0.760706, 0.438235, 0.70161) (0.417419, 0.426163, 0.826683) (0.0296939, 0.421351, 0.654523) (-0.00470997, 0.341591, 0.0653719) (0.256901, 0.339162, -0.156508) (0.256552, 0.69419, -0.123203) (0.437978, 0.97766, 0.193773) (0.475734, 0.977849, 0.581185) 


# Original Graph 4 in [0, 25)
14 vertices
0 1
0 2
0 3
0 4
0 5
0 6
1 7
1 8
2 8
2 9
2 3
3 9
3 10
3 11
3 4
4 11
4 12
5 12
5 13
6 13
6 7
7 13
8 12
9 11
9 10
10 11

# Unit Distance Graph 4
14 vertices
0 2
0 9
0 11
0 4
0 12
0 8
1 3
1 4
1 11
2 5
2 12
2 4
3 8
3 12
3 5
3 13
3 7
4 8
5 9
6 9
6 10
6 11
7 11
7 10
9 13
10 13

# Embedding 4 (with cost 9.33249e-15)
(-0.209129, 0.155783, -0.369393) (0.530575, -0.0212414, -0.1102) (0.369837, -0.39061, 0.235796) (-0.382642, -0.195008, 0.258365) (-0.0243204, 0.468477, 0.562309) (0.220073, 0.592201, 0.127839) (0.0824307, 0.289618, -0.351883) (0.357248, 0.236409, -0.257815) (0.606255, -0.164344, 0.112963) (0.163085, -0.369549, 0.395776) (-0.142089, -0.177979, 0.503069) (-0.111057, 0.197693, 0.624903) (0.226021, 0.580877, 0.424294) (0.249639, 0.452471, -0.167066) 


# Original Graph 5 in [0, 25)
14 vertices
0 1
0 2
0 3
0 4
1 5
1 6
1 7
2 8
2 3
3 9
4 9
4 10
5 10
5 7
5 11
5 12
6 12
6 13
6 7
7 13
7 8
8 10
8 9
11 13
11 12
12 13

# Unit Distance Graph 5
14 vertices
0 5
0 11
0 13
0 7
1 5
1 7
1 8
1 10
2 5
2 12
2 11
3 11
3 12
3 13
4 6
4 7
4 13
5 8
5 7
6 10
6 8
6 9
7 10
8 12
9 13
9 12

# Embedding 5 (with cost 9.69776e-15)
(-0.162158, -0.933661, 0.464693) (-0.180097, -1.13398, 0.26212) (0.126468, -0.466437, 0.32031) (-0.0185827, -0.571147, 0.456832) (-0.450827, -0.37938, 0.422635) (-0.738064, -0.432396, -0.181114) (-0.210503, -1.09548, -0.232684) (0.256629, -0.41839, -0.283045) (0.213212, -0.237548, 0.0578591) (-0.096174, -0.339753, 0.412144) (-0.650516, -0.264955, 0.108803) (-0.608546, -0.564772, -0.350573) (-0.50514, -0.765763, -0.394864) (-0.262117, -0.705299, -0.503738) 


# Original Graph 6 in [0, 25)
14 vertices
0 1
0 2
0 3
0 4
1 5
1 6
1 7
2 8
2 9
3 9
3 4
4 10
5 10
5 7
5 11
5 12
6 12
6 11
6 13
6 7
7 13
7 8
8 10
8 9
11 13
11 12

# Unit Distance Graph 6
14 vertices
0 5
0 11
0 13
0 7
1 5
1 7
1 8
1 10
2 5
2 12
2 11
3 6
3 13
3 11
4 6
4 7
4 13
5 8
5 7
6 10
6 8
6 9
7 10
8 12
9 11
9 12

# Embedding 6 (with cost 8.89464e-15)
(0.74043, -0.479419, -0.323972) (0.64386, -0.786253, -0.221536) (0.262377, -0.080522, -0.259977) (0.698258, -0.0182977, -0.0831057) (0.785903, -0.0235035, 0.202758) (0.611719, -0.299073, 0.651174) (0.399819, -0.944337, 0.147946) (-0.16966, -0.261104, 0.0282723) (-0.0423825, -0.074595, -0.071157) (0.450573, 0.0018479, -0.171675) (0.713744, -0.0416839, 0.442341) (0.280713, -0.678178, 0.541566) (0.429005, -0.836432, 0.373138) (-0.0426627, -0.576508, 0.290308) 


# Original Graph 7 in [0, 25)
14 vertices
0 1
0 2
0 3
0 4
0 5
1 6
1 7
1 8
2 9
2 3
3 4
4 5
5 10
6 10
6 8
6 11
6 7
7 11
7 12
7 13
7 8
8 13
8 9
9 10
11 12
12 13

# Unit Distance Graph 7
14 vertices
0 6
0 11
0 12
0 13
0 8
1 6
1 8
1 9
1 10
2 6
2 7
2 11
3 7
3 12
3 11
4 7
4 13
4 12
5 7
5 8
5 13
6 9
6 8
7 10
7 9
8 10

# Embedding 7 (with cost 7.40522e-15)
(0.0632867, 0.471763, 0.334639) (-0.102343, 0.523542, -0.0800527) (0.0970138, -0.146916, 0.422345) (0.0688901, 0.136808, 0.529165) (-0.144349, 0.282151, 0.628524) (-0.472275, 0.24777, 0.671734) (-0.867683, 0.116417, 0.418448) (-0.435159, 0.246037, -0.327575) (-0.1408, -0.466503, 0.0553437) (-0.0109793, -0.389436, 0.317596) (-0.687015, 0.13891, 0.634242) (-0.805659, 0.067454, 0.0492122) (-0.589087, -0.0706024, -0.194746) (-0.358826, -0.28226, -0.168621) 


# Original Graph 8 in [0, 25)
14 vertices
0 1
0 2
0 3
0 4
0 5
1 6
1 2
2 7
3 8
3 9
3 6
3 10
3 4
4 5
5 10
6 10
6 9
6 11
7 12
7 8
8 12
8 13
8 9
11 13
11 12
12 13

# Unit Distance Graph 8
14 vertices
0 6
0 11
0 13
0 8
0 9
1 3
1 9
1 8
2 3
2 6
2 9
3 7
3 12
3 11
3 6
4 11
4 12
4 13
5 8
5 13
5 12
6 8
6 7
7 10
8 10
10 12

# Embedding 8 (with cost 9.41444e-15)
(0.530877, -1.16066, 0.784945) (0.647183, -0.974134, 0.546027) (0.506536, -0.785432, 0.752351) (-0.285777, -1.32579, 0.469061) (0.317865, -1.37172, 0.681438) (0.470364, -1.40564, 0.427859) (0.40739, -1.06465, -0.202745) (0.320898, -0.552064, 0.651525) (-0.330809, -0.807251, 0.420801) (-0.296521, -1.0727, 0.23026) (0.416968, -1.41851, 0.161581) (0.296355, -0.734007, -0.0885355) (0.180239, -0.457045, 0.3014) (-0.0141053, -0.561439, 0.198488) 


# Original Graph 9 in [0, 25)
14 vertices
0 1
0 2
0 3
0 4
0 5
0 6
1 6
1 5
1 7
2 7
2 3
3 4
4 8
4 9
5 9
5 10
5 11
5 6
7 11
7 12
8 12
8 13
9 13
9 10
10 11
12 13

# Unit Distance Graph 9
14 vertices
0 7
0 12
0 13
0 9
0 10
0 11
1 4
1 9
1 13
1 8
2 5
2 10
2 9
3 5
3 11
3 10
4 7
4 11
4 5
5 8
5 12
5 7
6 8
6 13
6 12
7 9

# Embedding 9 (with cost 9.60012e-15)
(0.845434, -0.75105, -0.799586) (0.681581, -0.787519, -0.237891) (0.429363, -0.956874, -0.790165) (0.571549, -1.05086, -0.967341) (0.69594, -1.43551, -0.999401) (1.24195, -1.10949, -0.22766) (0.992684, -0.765578, -0.437342) (0.250674, -1.20296, -0.134729) (0.594827, -1.60537, -0.806742) (1.05293, -1.68015, -0.493452) (0.989968, -1.53953, -0.201748) (0.635138, -1.32408, -0.00749151) (0.361163, -1.54081, -0.423066) (0.744504, -1.72279, -0.586191) 


# Original Graph 10 in [0, 25)
14 vertices
0 1
0 2
0 3
0 4
1 5
1 6
1 7
2 7
2 3
3 7
3 8
4 6
4 9
5 9
5 10
5 11
5 6
6 12
6 8
7 8
9 12
9 10
10 13
11 13
11 12
12 13

# Unit Distance Graph 10
14 vertices
0 5
0 6
0 12
0 11
1 4
1 9
1 12
1 6
2 11
2 12
2 13
3 5
3 11
3 13
3 10
4 6
4 5
5 6
5 8
6 9
7 9
7 10
7 13
7 12
8 10
8 9

# Embedding 10 (with cost 9.23465e-15)
(0.884223, -0.208886, 1.51012) (-0.0252556, 0.0207073, 1.52359) (0.639165, 0.20089, 1.46206) (0.816612, 0.13546, 1.34266) (0.853511, -0.452004, 1.45791) (-0.115066, -0.203733, 1.47276) (0.417241, -0.0907983, 0.633776) (0.402444, 0.304963, 1.43291) (0.521311, 0.0867424, 0.758163) (0.711878, -0.645722, 1.41175) (0.23178, -0.675673, 1.33686) (0.147912, -0.442715, 0.875165) (0.354122, -0.343122, 0.67288) (0.201026, -0.589994, 1.03481) 


# Original Graph 11 in [0, 25)
14 vertices
0 1
0 2
0 3
0 4
0 5
1 5
1 6
1 7
2 8
2 3
3 8
3 9
4 9
4 10
4 11
4 12
4 5
6 12
6 7
7 11
7 13
8 13
8 10
8 9
10 13
11 12

# Unit Distance Graph 11
14 vertices
0 4
0 11
0 7
0 13
0 10
1 4
1 10
1 8
1 9
2 4
2 12
2 11
3 6
3 7
3 11
3 12
4 8
4 13
4 7
5 8
5 10
5 13
6 9
6 8
7 9
8 12

# Embedding 11 (with cost 6.78307e-15)
(0.927741, 0.3265, -0.745717) (0.368487, 0.218277, -0.638408) (1.07113, 0.560324, -0.266398) (1.20897, 0.38384, -0.302382) (0.899639, -0.403636, -0.0629943) (0.741767, 0.0563545, -0.736342) (0.276621, 0.0386763, -0.410034) (0.253746, 0.357782, -0.00764333) (0.951899, 0.583679, 0.0869277) (1.22783, 0.167264, -0.129559) (0.837277, 0.223906, 0.244884) (0.406315, -0.151108, -0.0386066) (0.359377, -0.142098, -0.262593) (0.464671, 0.476354, 0.127845) 


# Original Graph 12 in [0, 25)
14 vertices
0 1
0 2
0 3
0 4
0 5
1 6
1 2
2 3
3 7
4 7
4 6
4 8
4 9
4 10
4 5
5 11
6 8
6 7
8 12
9 13
9 10
10 13
10 12
10 11
11 12
12 13

# Unit Distance Graph 12
14 vertices
0 4
0 9
0 13
0 12
0 8
1 4
1 10
1 9
2 9
2 10
2 13
3 10
3 12
3 13
4 6
4 8
4 12
4 11
4 5
5 8
5 6
6 11
6 10
7 10
7 11
7 12

# Embedding 12 (with cost 7.17154e-15)
(0.963725, 0.0304419, 0.630378) (0.570535, 0.39663, 0.269875) (0.67027, 0.330989, 0.489943) (0.564707, 0.233319, 0.67514) (0.0454919, -0.365141, 0.649395) (1.02234, -0.211805, 0.500196) (0.349686, 0.378667, 0.0542341) (0.225028, 0.150045, 0.6717) (0.354874, 0.142004, -0.155022) (0.20905, -0.535319, 0.298144) (0.592219, -0.589974, 0.108191) (0.967098, -0.38016, 0.26156) (0.499, -0.195939, -0.225649) (0.370951, -0.503659, 0.0275893) 


# Original Graph 13 in [0, 25)
14 vertices
0 1
0 2
0 3
0 4
0 5
1 5
1 6
1 7
1 8
2 9
2 3
3 4
4 9
4 6
5 6
6 10
6 11
6 7
7 11
7 12
8 12
8 10
8 13
9 13
10 13
11 12

# Unit Distance Graph 13
14 vertices
0 6
0 11
0 12
0 8
0 10
1 4
1 6
1 10
1 13
1 9
2 6
2 7
2 11
3 7
3 12
3 11
4 8
4 12
4 7
5 8
5 13
5 10
6 9
6 13
6 8
7 9

# Embedding 13 (with cost 8.70997e-15)
(-0.160526, 1.00896, -0.595632) (-0.13275, 0.649453, -1.06996) (-0.0464824, 0.740215, -0.207952) (0.0348938, 0.987536, -0.332536) (0.398466, 0.998161, -0.297814) (0.0199132, 0.987983, -0.867648) (0.801588, 0.775616, -0.736652) (0.306595, 0.361512, -1.06348) (0.139653, 0.0580962, -0.519837) (0.0758395, 0.510306, -0.101908) (0.419439, 0.232956, -0.347731) (0.51138, 0.354829, -0.942981) (0.287448, 0.137284, -0.794368) (0.140029, 0.263829, -0.188551) 


# Original Graph 14 in [0, 25)
14 vertices
0 1
0 2
0 3
0 4
0 5
0 6
1 7
1 5
1 4
1 2
2 3
3 4
4 5
5 7
5 8
5 6
6 9
7 10
8 11
8 12
9 12
9 10
10 13
11 13
11 12
12 13

# Unit Distance Graph 14
14 vertices
0 5
0 8
0 11
0 13
0 10
0 7
1 5
1 6
1 9
1 12
1 8
2 8
2 12
2 11
3 11
3 12
3 13
4 9
4 10
4 13
4 12
5 7
5 10
5 9
5 6
6 7

# Embedding 14 (with cost 9.4514e-15)
(-0.0043947, -0.0210626, -1.50013) (0.76219, -0.386316, -1.61595) (0.398098, -0.343446, -1.64532) (0.167205, -0.35448, -1.52967) (0.231786, -0.578327, -1.23381) (0.375523, -0.483235, -0.698842) (0.0666238, 0.256991, -1.29604) (0.98584, -0.121754, -1.40371) (0.52391, -0.182068, -0.666478) (0.37149, 0.40844, -1.1515) (0.956289, 0.110599, -1.25568) (0.673684, 0.0509499, -0.768675) (0.597989, 0.289142, -0.89707) (0.863552, 0.172966, -1.04294) 


# Original Graph 15 in [0, 25)
14 vertices
0 1
0 2
0 3
0 4
0 5
1 6
1 4
1 2
2 3
3 4
4 7
5 7
5 8
6 9
6 7
7 9
7 10
7 8
8 11
8 9
9 12
10 13
10 11
11 13
11 12
12 13

# Unit Distance Graph 15
14 vertices
0 7
0 10
0 13
0 12
0 9
1 7
1 8
1 11
1 10
2 10
2 11
2 13
3 11
3 12
3 13
4 8
4 9
4 12
4 11
5 6
5 7
5 9
6 8
6 7
7 9
7 8

# Embedding 15 (with cost 9.59786e-15)
(1.05722, -0.835365, 0.501118) (0.982819, -0.820339, 1.13153) (1.08465, -0.749781, 0.87243) (1.03552, -0.56883, 0.729362) (0.738186, -0.251238, 0.744868) (0.818009, -0.964033, 0.313362) (0.667334, -0.932221, 1.30143) (0.316745, -0.199358, 0.718339) (0.441813, -1.11867, 0.345202) (0.393793, -1.06485, 1.21329) (0.11762, -0.559286, 0.703416) (0.178944, -1.06558, 0.589645) (0.1984, -1.06539, 0.958838) (0.104162, -0.92796, 0.789387) 


# Original Graph 16 in [0, 25)
14 vertices
0 1
0 2
0 3
0 4
0 5
0 6
1 7
1 8
1 9
1 2
2 3
3 9
4 9
4 8
4 10
4 5
5 6
6 11
6 12
7 12
7 8
10 13
10 11
11 13
11 12
12 13

# Unit Distance Graph 16
14 vertices
0 4
0 10
0 13
0 12
0 7
0 8
1 4
1 5
1 6
1 11
1 10
2 10
2 11
2 13
3 11
3 12
3 13
4 7
4 12
4 6
5 8
5 7
6 9
6 8
9 12
9 11

# Embedding 16 (with cost 9.78374e-15)
(-0.544472, -0.600233, 0.395775) (-0.935742, -0.286627, -0.371386) (-0.525252, -0.444132, 0.0295093) (-0.489267, -0.213877, 0.0520108) (-0.903572, 0.332908, 0.412923) (-0.678006, -0.398625, 0.588316) (-0.983914, -0.653285, 0.557722) (-1.34105, -0.360753, -0.159308) (-1.1018, -0.0997259, -0.266702) (-0.591872, 0.0579709, -0.0257309) (-1.15646, 0.185941, 0.481822) (-1.36741, -0.242348, 0.529558) (-1.46896, -0.414066, 0.063119) (-1.45823, -0.205634, 0.299099) 


# Original Graph 17 in [0, 25)
14 vertices
0 1
0 2
0 3
0 4
0 5
0 6
1 6
1 3
1 2
2 3
3 7
4 7
4 5
5 8
5 9
5 10
6 10
6 11
7 11
7 8
8 12
9 12
9 13
10 13
10 11
12 13

# Unit Distance Graph 17
14 vertices
0 7
0 8
0 12
0 13
0 10
0 11
1 5
1 9
1 12
1 8
2 9
2 13
2 12
3 5
3 10
3 13
3 9
4 6
4 11
4 10
5 7
5 11
5 6
6 8
6 7
7 10

# Embedding 17 (with cost 7.58766e-15)
(0.497569, -0.11867, -0.622396) (-0.0970099, -0.298601, -0.375585) (0.198495, -0.185341, -0.269759) (0.0540339, 0.139798, -0.0209202) (0.478185, 0.27268, -0.602239) (0.390744, 0.373114, -0.933165) (-0.388173, -0.214227, -0.713348) (-0.0770224, 0.470916, -0.0547401) (-0.0593248, 0.696738, -0.464348) (-0.0202162, 0.521896, -0.942054) (-0.456088, 0.0438133, -0.87565) (-0.491491, 0.0284994, -0.612381) (-0.146668, 0.640429, -0.715814) (-0.324321, 0.368317, -0.91793) 


# Original Graph 18 in [0, 25)
14 vertices
0 1
0 2
0 3
0 4
1 5
1 6
1 7
2 7
2 8
3 8
3 7
3 6
4 6
4 9
5 9
5 10
5 6
6 11
7 8
9 11
9 12
10 12
10 13
10 11
11 13
12 13

# Unit Distance Graph 18
14 vertices
0 5
0 6
0 11
0 10
1 4
1 9
1 11
1 6
2 10
2 11
2 13
3 5
3 10
3 12
3 9
4 6
4 5
5 6
6 9
7 9
7 12
7 13
7 11
8 10
8 13
8 12

# Embedding 18 (with cost 9.83982e-15)
(-0.136057, 0.174142, -0.48107) (0.557328, -0.306502, -0.603001) (-0.0807922, -0.144541, -0.547144) (-0.139641, -0.303792, -1.05533) (-0.0466504, 0.489726, -0.638099) (0.78883, -0.0360322, -0.797947) (0.0134179, -0.127259, -1.42278) (0.158191, -0.3933, -0.638571) (-0.0765959, -0.328448, -0.778399) (0.16295, 0.600117, -0.753029) (0.684481, 0.26254, -1.04578) (0.291984, 0.263846, -1.38037) (0.435239, 0.509669, -0.967042) (0.51129, 0.389961, -1.15026) 


# Original Graph 19 in [0, 25)
14 vertices
0 1
0 2
0 3
0 4
0 5
1 6
1 3
1 7
2 7
2 8
2 9
2 10
3 10
3 4
4 11
5 11
5 12
6 12
6 11
7 8
8 10
8 13
9 13
9 10
10 13
11 12

# Unit Distance Graph 19
14 vertices
0 1
0 7
0 8
0 10
0 3
1 3
1 10
1 2
2 3
2 4
2 11
2 6
3 7
4 8
4 7
5 8
5 13
5 10
6 10
6 9
8 11
9 11
9 12
10 12
11 13
12 13

# Embedding 19 (with cost 9.88529e-15)
(-1.16782, -0.334632, 0.367104) (-0.684627, 0.246372, -0.287843) (-0.909727, -0.516497, 0.31826) (-0.463115, 0.299219, 0.685882) (-0.873635, 0.456951, 0.544303) (-1.22326, 0.12687, 0.26789) (-0.894292, 0.383873, -0.116591) (-0.494757, 0.0296059, -0.276567) (-0.309722, -0.0830479, -0.0805192) (-0.428333, -0.305678, 0.437847) (-0.28611, 0.0686532, 0.611935) (-1.04071, 0.47487, 0.312395) (-1.11452, 0.353129, 0.129435) (-0.263004, -0.152262, 0.269067) 


# Original Graph 20 in [0, 25)
14 vertices
0 1
0 2
0 3
0 4
0 5
1 5
1 6
1 7
1 8
2 9
2 10
3 10
3 11
4 11
4 10
4 5
5 9
5 6
6 12
6 13
7 13
7 12
8 12
8 9
10 11
12 13

# Unit Distance Graph 20
14 vertices
0 5
0 6
0 12
0 8
0 9
1 2
1 10
1 4
1 5
1 9
2 6
2 5
3 6
3 13
3 12
4 8
4 12
4 7
5 9
5 8
6 10
7 10
7 11
10 13
11 12
11 13

# Embedding 20 (with cost 7.27443e-15)
(-2.14338, -0.749331, 0.795826) (-2.31122, -0.71459, 0.369512) (-1.346, -0.889719, 0.563642) (-1.79162, -0.932366, 0.888756) (-1.79939, -1.49796, 0.72215) (-1.97117, -1.65426, 0.40667) (-2.03322, -1.38053, 0.0280719) (-2.14318, -0.827249, 0.0649223) (-1.53152, -0.847926, 0.0110259) (-1.34029, -0.901254, 0.219659) (-1.43683, -1.02101, 0.745757) (-1.67309, -1.26343, 0.832231) (-1.77017, -0.94558, -0.110927) (-1.99148, -1.02902, -0.0862888) 


# Original Graph 21 in [0, 25)
14 vertices
0 1
0 2
0 3
0 4
0 5
1 5
1 6
2 7
2 3
3 4
4 7
4 5
5 8
5 9
5 10
5 11
5 6
6 11
6 12
7 8
8 9
9 12
10 13
10 11
11 13
12 13

# Unit Distance Graph 21
14 vertices
0 5
0 10
0 13
0 12
0 9
1 5
1 9
1 8
2 5
2 11
2 10
3 10
3 11
3 13
4 6
4 12
4 13
4 11
5 7
5 8
5 9
5 12
5 6
6 8
6 7
7 11

# Embedding 21 (with cost 9.69985e-15)
(-0.507945, 0.574401, -0.661482) (-0.768105, 0.529055, -0.857773) (-0.149261, 0.92669, -0.824001) (-0.177388, 0.705936, -0.71761) (0.0442322, 0.566397, -0.859711) (-0.0524142, 0.146664, -1.44221) (-0.90711, 0.586941, -1.16716) (-0.0347684, 1.05352, -1.02115) (-0.0702546, 1.12797, -1.25059) (-0.2244, 1.13176, -1.44183) (-0.420334, 0.426943, -1.64666) (-0.65655, 0.494262, -1.56943) (-0.509305, 1.02939, -1.55198) (-0.547126, 0.745911, -1.64589) 


# Original Graph 22 in [0, 25)
14 vertices
0 1
0 2
0 3
0 4
0 5
0 6
1 6
1 5
1 7
1 8
2 9
2 4
2 3
3 4
4 5
5 10
5 11
5 6
7 11
7 12
8 12
8 13
9 13
9 10
10 13
11 12

# Unit Distance Graph 22
14 vertices
0 5
0 11
0 12
0 8
0 13
0 10
1 2
1 4
1 5
1 10
1 9
2 7
2 11
2 5
3 7
3 12
3 11
4 8
4 12
4 7
5 9
5 13
5 8
6 9
6 10
6 13

# Embedding 22 (with cost 9.082e-15)
(-0.151392, -0.306705, -0.931558) (-0.412958, -0.104352, -0.393577) (-0.254108, -1.01812, -0.767469) (-0.116983, -0.661395, -0.954137) (0.0875584, -0.847302, -0.837998) (0.428193, -0.596785, -0.170023) (-0.116652, -0.125524, -0.642696) (-0.190409, -0.385261, 0.00417334) (-0.566128, -0.677407, -0.10055) (-0.356355, -1.09135, -0.544047) (-0.118897, -1.05145, -0.265001) (0.145999, -0.516876, -0.00022156) (-0.359371, -0.566643, 0.0114044) (-0.492895, -0.973345, -0.269012) 


# Original Graph 23 in [0, 25)
14 vertices
0 1
0 2
0 3
0 4
0 5
1 6
1 7
2 7
2 8
2 9
2 10
2 3
3 10
3 4
4 11
5 11
5 12
6 10
6 13
7 13
7 9
7 8
8 9
9 13
10 12
11 12

# Unit Distance Graph 23
14 vertices
0 2
0 10
0 6
0 13
0 9
1 2
1 3
1 10
2 6
2 10
2 12
2 5
3 7
3 13
3 6
4 7
4 9
4 13
5 9
5 8
7 11
7 12
7 10
8 12
8 11
9 11

# Embedding 23 (with cost 9.68601e-15)
(0.454714, -0.897729, 0.134203) (0.603858, -0.560889, 0.314267) (-0.312062, -0.617335, 0.711639) (-0.347382, -0.822803, 0.47719) (-0.160621, -0.943944, 0.118025) (0.121591, -0.751746, -0.179359) (-0.0215507, -0.0379055, -0.0498493) (0.521134, -0.328474, 0.51351) (0.150928, -0.262439, 0.692259) (0.0722628, -0.075453, 0.55562) (-0.181421, -0.195545, -0.185594) (-0.0998829, -0.7975, -0.114465) (-0.106693, -0.458007, -0.253989) (0.0749313, 0.0269402, 0.161614) 


# Original Graph 24 in [0, 25)
14 vertices
0 1
0 2
0 3
0 4
0 5
1 6
1 7
2 7
2 8
2 9
2 10
2 11
3 11
3 4
4 12
4 5
5 12
6 10
6 13
6 7
7 13
7 8
8 9
9 13
10 12
10 11

# Unit Distance Graph 24
14 vertices
0 2
0 10
0 6
0 13
0 9
1 2
1 11
1 10
2 6
2 10
2 12
2 5
3 6
3 7
3 13
4 7
4 8
4 9
4 13
5 9
5 8
6 11
7 12
7 10
7 11
8 12

# Embedding 24 (with cost 9.86967e-15)
(-0.530521, 0.519256, -0.841344) (-0.683818, 0.599887, -0.62956) (-0.618012, -0.36873, -0.389874) (-0.53225, 0.120847, -0.992784) (-0.616348, 0.31708, -1.05927) (-0.834901, 0.298291, -1.10264) (-1.43108, 0.188114, -0.559688) (-1.02661, 0.322827, -0.147319) (-0.880767, -0.0220092, -0.156439) (-0.84517, -0.222431, -0.24898) (-1.32745, -0.057156, -1.02202) (-0.635028, -0.394482, -0.723626) (-1.09226, 0.117506, -1.12381) (-1.32091, 0.118559, -0.377962) 
