

# Original Graph 25 in [25, 50)
14 vertices
0 1
0 2
0 3
0 4
0 5
0 6
1 7
1 8
1 2
2 9
3 9
3 10
3 11
3 12
4 12
4 7
4 5
5 13
5 6
6 13
7 13
7 12
8 11
8 9
9 10
10 11

# Unit Distance Graph 25
14 vertices
0 1
0 8
0 11
0 3
0 12
0 7
1 4
1 12
1 3
2 4
2 7
2 12
3 7
3 13
3 6
4 9
4 8
5 8
5 9
5 10
5 11
6 11
6 10
7 9
9 13
10 13

# Embedding 25 (with cost 9.8892e-15)
(0.34631, 0.33067, 0.429407) (0.494491, 0.120999, -0.537072) (0.256028, -0.0714575, 0.279179) (-0.433812, 0.137364, -0.165608) (-0.183681, 0.730132, -0.125926) (0.227419, 0.750163, 0.0409804) (0.385668, 0.568526, 0.211953) (0.432952, 0.441814, -0.560613) (0.232184, -0.116629, -0.457666) (0.0275562, -0.229478, 0.059887) (-0.252345, -0.102554, -0.165661) (-0.0444847, -0.117912, -0.374368) (-0.3794, 0.503156, -0.236621) (0.438043, 0.608255, -0.300257) 


# Original Graph 26 in [25, 50)
14 vertices
0 1
0 2
0 3
0 4
0 5
0 6
1 7
1 8
2 8
2 9
3 9
3 10
3 11
3 4
4 7
4 12
5 12
5 13
5 6
6 13
7 13
7 12
8 11
8 9
9 10
10 11

# Unit Distance Graph 26
14 vertices
0 1
0 8
0 11
0 3
0 4
0 7
1 4
1 3
2 4
2 12
2 7
3 7
3 13
3 6
4 8
5 8
5 9
5 10
5 11
6 11
6 10
7 9
8 12
9 13
9 12
10 13

# Embedding 26 (with cost 9.06797e-15)
(-0.332583, 0.18058, -0.0686153) (0.184647, -0.52677, 0.413184) (-0.0777703, 0.249673, 0.150997) (0.599176, -0.040916, -0.356305) (0.422012, -0.287645, -0.528346) (-0.262512, -0.409484, -0.306974) (-0.371662, -0.163436, -0.150241) (0.028099, -0.741524, 0.0715025) (0.358387, -0.302087, 0.469524) (0.35851, 0.194521, 0.192535) (0.608046, 0.0097404, -0.049334) (0.564464, -0.169295, 0.201375) (0.110316, -0.504836, -0.477764) (-0.18565, -0.597586, -0.083972) 


# Original Graph 27 in [25, 50)
14 vertices
0 1
0 2
0 3
0 4
0 5
1 6
1 7
1 8
1 2
2 8
2 9
2 3
3 9
3 7
3 10
4 11
4 12
5 12
5 13
6 13
6 10
7 9
7 8
10 11
11 12
12 13

# Unit Distance Graph 27
14 vertices
0 1
0 7
0 3
0 10
0 6
1 4
1 11
1 10
1 3
2 6
2 10
2 11
2 12
2 13
3 6
3 13
3 5
4 8
4 7
5 7
5 9
7 12
8 12
8 11
9 13
9 12

# Embedding 27 (with cost 8.8609e-15)
(-0.579717, 0.136211, -0.496628) (0.362948, -0.194969, -0.455366) (-0.151823, 0.40319, -0.737761) (0.104467, 0.639649, 0.0310479) (-0.513092, 0.0733091, -0.0546401) (-0.448951, -0.159531, -0.203557) (0.250078, -0.326046, -0.183964) (0.388609, 0.357321, -0.380635) (0.314165, 0.177179, -0.60678) (0.199963, 0.593494, -0.312481) (0.0212705, 0.42972, 0.246787) (-0.203175, 0.236633, 0.246933) (-0.342975, -0.15393, 0.0703722) (-0.0684522, -0.339714, -0.0735747) 


# Original Graph 28 in [25, 50)
14 vertices
0 1
0 2
0 3
0 4
0 5
1 5
1 6
2 7
2 3
3 7
3 4
4 8
4 9
4 10
4 11
4 5
5 6
6 11
6 12
7 13
7 8
8 9
9 13
10 12
10 11
12 13

# Unit Distance Graph 28
14 vertices
0 4
0 10
0 12
0 13
0 9
1 4
1 9
1 8
2 4
2 11
2 10
3 6
3 12
3 10
3 11
4 7
4 13
4 12
4 6
5 7
5 8
5 9
5 13
6 8
6 7
7 11

# Embedding 28 (with cost 9.4915e-15)
(0.336308, 0.27876, -0.340013) (-0.145666, 0.164026, -0.22398) (0.513565, 0.189438, -0.133432) (0.677505, -0.034905, -0.0689602) (0.262545, -0.705034, -0.503445) (0.045009, 0.159267, -0.456929) (-0.322154, -0.0120601, -0.0816442) (0.579256, -0.208022, 0.304437) (0.54339, -0.451811, 0.158051) (0.377138, -0.650939, 0.0260368) (-0.213046, -0.484535, -2.51345e-05) (-0.165117, -0.530116, -0.28051) (-0.234151, -0.285803, 0.256515) (0.0936312, -0.335956, 0.410475) 


# Original Graph 29 in [25, 50)
14 vertices
0 1
0 2
0 3
0 4
0 5
1 6
1 7
1 8
1 2
2 3
3 4
4 8
5 7
5 9
6 9
6 10
6 11
6 7
7 12
7 8
9 10
10 12
10 13
10 11
11 13
12 13

# Unit Distance Graph 29
14 vertices
0 6
0 7
0 12
0 13
0 11
1 5
1 9
1 10
1 12
1 7
2 10
2 13
2 12
3 10
3 11
3 13
4 6
4 11
4 10
5 7
5 6
6 7
6 8
7 9
8 10
8 9

# Embedding 29 (with cost 8.38052e-15)
(-0.150659, -0.571172, 0.392409) (-0.108829, 0.269715, 0.453662) (-0.15459, -0.116515, 0.571515) (-0.0244688, -0.389432, 0.604268) (0.280571, -0.39436, 0.626209) (-0.06922, -0.65356, 0.0715682) (-0.00465833, 0.342662, 0.0134746) (0.772816, -0.190134, 0.347635) (0.560016, -0.261271, 0.575977) (-0.00032889, -0.451937, -0.230039) (0.2006, -0.227997, -0.356608) (0.196105, 0.148052, -0.209647) (0.693796, -0.164106, 0.0442804) (0.48703, -0.0719427, -0.194211) 


# Original Graph 30 in [25, 50)
14 vertices
0 1
0 2
0 3
0 4
0 5
0 6
1 6
1 7
1 8
1 2
2 8
2 7
2 9
3 9
3 10
3 11
4 11
4 12
5 13
5 7
5 6
7 8
9 10
10 13
11 12
12 13

# Unit Distance Graph 30
14 vertices
0 2
0 9
0 10
0 13
0 5
0 7
1 3
1 11
1 12
1 13
1 10
2 5
2 13
2 12
2 4
3 7
3 5
3 6
4 7
4 8
5 9
6 10
6 9
7 11
8 12
8 11

# Embedding 30 (with cost 8.89381e-15)
(-0.288282, 0.188583, 0.608831) (-0.0240315, -0.450718, 0.630787) (0.0816986, -0.494442, -0.0209232) (-0.396098, 0.00117328, -0.17999) (-0.552047, 0.192264, 0.335166) (-0.780018, -0.66858, 0.455648) (-0.313337, -0.37116, 0.744411) (-0.391782, -0.790102, 0.431454) (0.0216574, -0.625325, 0.286071) (-0.153267, -0.32025, -0.241381) (-0.501548, -0.303202, -0.235363) (-0.617963, 0.106319, 0.0503081) (-0.835693, -0.13123, 0.141774) (-0.902341, -0.455539, 0.15272) 


# Original Graph 31 in [25, 50)
14 vertices
0 1
0 2
0 3
0 4
1 5
1 6
2 6
2 7
2 8
2 9
2 10
2 3
3 10
3 11
4 11
4 12
5 10
5 9
6 9
6 7
7 8
8 9
10 13
11 13
11 12
12 13

# Unit Distance Graph 31
14 vertices
0 2
0 10
0 5
0 9
1 2
1 3
1 10
2 5
2 10
2 13
2 12
2 4
3 6
3 9
3 5
4 9
4 8
6 11
6 13
6 10
7 11
7 12
7 13
8 12
8 11
9 11

# Embedding 31 (with cost 9.78223e-15)
(-0.296345, 0.396484, -0.273747) (-0.589204, 0.296311, -0.196442) (-0.101959, -0.574991, -0.137916) (0.255279, -0.226212, -0.078893) (-0.0655139, 0.423675, -0.101331) (-0.419836, -0.0167605, 0.62846) (-0.711374, 0.0189714, -0.152824) (-0.644162, -0.267421, -0.0724449) (-0.586172, -0.380381, 0.185739) (-0.588609, -0.21974, 0.457587) (-0.108458, 0.0477812, 0.64446) (0.256166, 0.145133, 0.0661498) (0.098962, 0.348022, 0.190227) (0.0530304, 0.208924, 0.463296) 


# Original Graph 32 in [25, 50)
14 vertices
0 1
0 2
0 3
0 4
0 5
1 6
1 7
1 2
2 7
2 8
2 3
3 8
3 9
3 7
3 10
4 10
4 11
5 11
5 12
6 13
6 10
7 9
8 9
11 13
11 12
12 13

# Unit Distance Graph 32
14 vertices
0 1
0 7
0 3
0 10
0 6
1 4
1 10
1 3
2 4
2 11
2 13
2 6
2 10
3 6
3 13
3 12
3 5
4 7
5 7
5 9
7 11
8 11
8 12
8 13
9 12
9 11

# Embedding 32 (with cost 9.80431e-15)
(0.027276, 0.295132, 0.134924) (-0.208447, -0.300047, -0.633318) (0.375394, -0.0179528, -0.061846) (0.433154, 0.455639, -0.764798) (-0.110944, 0.693146, -0.5696) (-0.26874, 0.401878, -0.0545479) (-0.405221, -0.0833478, -0.683427) (0.117376, -0.273877, -0.682456) (0.491079, 0.0197308, -0.38694) (0.391172, -0.0746349, -0.635454) (0.155525, 0.615666, -0.80359) (-0.334997, 0.581607, -0.430455) (-0.446624, 0.356103, -0.29995) (-0.489684, 0.145746, -0.536023) 


# Original Graph 33 in [25, 50)
14 vertices
0 1
0 2
0 3
0 4
0 5
1 6
1 7
2 8
2 3
3 9
3 10
4 10
4 11
4 9
4 12
4 5
5 12
5 6
6 13
6 7
7 13
8 13
8 9
9 11
10 11
12 13

# Unit Distance Graph 33
14 vertices
0 4
0 12
0 13
0 8
0 9
1 4
1 9
1 11
2 4
2 5
2 12
3 5
3 6
3 13
3 12
4 8
4 13
4 7
5 9
5 8
6 10
6 11
6 9
7 11
7 10
10 13

# Embedding 33 (with cost 9.87412e-15)
(-0.130174, -0.215857, -0.313663) (-0.38148, -0.0116311, -0.269917) (-0.0101155, -0.0172326, 0.243317) (0.265975, -0.13165, -0.0211735) (0.350922, 0.656393, -0.401571) (-0.235351, 0.559132, -0.542223) (-0.50504, 0.443407, -0.294752) (-0.521862, 0.392657, 0.00915091) (-0.133623, 0.435727, 0.444906) (0.304237, 0.450243, 0.292636) (0.448431, 0.192788, -0.127171) (0.470839, 0.475211, -0.0787678) (0.0170321, 0.771604, -0.370686) (-0.399169, 0.562862, 0.253116) 


# Original Graph 34 in [25, 50)
14 vertices
0 1
0 2
0 3
0 4
0 5
0 6
1 7
1 2
2 8
2 9
2 3
3 9
3 10
3 11
3 4
4 11
4 5
5 12
5 6
6 12
7 13
7 8
8 10
9 10
11 13
12 13

# Unit Distance Graph 34
14 vertices
0 3
0 11
0 13
0 7
0 8
0 10
1 3
1 4
1 11
2 4
2 5
2 12
2 13
2 11
3 7
3 13
3 12
3 6
4 8
4 7
5 9
5 10
5 8
6 10
6 9
9 12

# Embedding 34 (with cost 8.89836e-15)
(0.241629, -0.254984, 0.283909) (-0.348449, -0.289416, 0.0512987) (-0.111498, -0.36696, -0.257553) (0.185191, 0.328107, -0.526535) (0.29191, 0.477415, 0.0949983) (0.137865, 0.341789, 0.402366) (0.1344, 0.0366817, 0.428709) (-0.639264, 0.124984, 0.00168296) (-0.525493, 0.0435073, -0.283918) (-0.0276127, 0.107249, -0.555553) (-0.304458, 0.118112, -0.46615) (0.0195655, 0.618493, -0.149365) (-0.229349, 0.393415, 0.381149) (-0.47875, 0.43502, 0.213567) 


# Original Graph 35 in [25, 50)
14 vertices
0 1
0 2
0 3
0 4
0 5
0 6
1 6
1 7
1 8
2 8
2 9
2 10
2 11
3 11
3 4
4 12
4 13
4 5
5 13
6 12
6 7
7 10
8 9
9 10
11 12
12 13

# Unit Distance Graph 35
14 vertices
0 2
0 11
0 12
0 6
0 7
0 10
1 3
1 4
1 12
1 11
2 6
2 12
2 13
2 5
3 7
3 6
4 8
4 9
4 10
4 7
5 10
5 9
6 11
8 13
8 12
9 13

# Embedding 35 (with cost 9.66689e-15)
(-0.333027, 0.232898, 0.181298) (-0.328281, -0.173875, -0.0622474) (0.458421, 0.0142583, -0.389496) (0.458346, 0.374314, 0.22184) (0.34948, 0.322588, 0.480121) (0.0744514, 0.258919, 0.500845) (0.212253, -0.58293, 0.373895) (0.228058, -0.589695, 0.0889749) (-0.0187499, -0.163955, -0.312143) (0.258156, -0.190034, -0.373622) (0.326356, -0.423384, -0.185454) (0.606631, 0.168737, -0.154746) (0.440899, -0.26709, 0.569949) (0.346645, 0.000117621, 0.604136) 


# Original Graph 36 in [25, 50)
14 vertices
0 1
0 2
0 3
0 4
0 5
0 6
1 6
1 5
1 7
2 8
2 9
3 9
3 10
3 7
3 4
4 7
4 5
5 6
7 8
8 11
9 11
9 12
10 12
10 13
11 13
12 13

# Unit Distance Graph 36
14 vertices
0 3
0 7
0 8
0 11
0 13
0 10
1 3
1 10
1 12
1 9
2 3
2 4
2 7
3 8
3 7
4 9
4 11
4 8
5 9
5 12
5 13
5 11
6 10
6 13
6 12
7 9

# Embedding 36 (with cost 8.57151e-15)
(-0.705262, 0.271586, -0.147672) (-0.445419, -0.434506, -0.289876) (-0.673621, 0.249551, 0.207775) (0.288677, 0.204621, -0.0604876) (0.115243, 0.11524, -0.391937) (-0.293669, -0.00800677, -0.502622) (-0.541787, -0.102986, -0.402984) (-0.2701, -0.624695, -0.0621579) (-0.290866, -0.558526, 0.225408) (-0.385671, 0.215455, 0.467739) (0.219788, 0.126159, 0.203231) (-0.196464, -0.372551, 0.423476) (-0.113731, 0.121096, 0.472547) (-0.0206046, -0.146514, 0.44935) 


# Original Graph 37 in [25, 50)
14 vertices
0 1
0 2
0 3
0 4
0 5
0 6
1 6
1 7
1 8
2 8
2 9
3 9
3 7
3 10
4 10
4 5
5 11
5 12
5 13
6 13
6 7
8 9
10 11
11 13
11 12
12 13

# Unit Distance Graph 37
14 vertices
0 3
0 10
0 11
0 13
0 6
0 7
1 4
1 5
1 11
1 10
2 11
2 12
2 13
3 6
3 13
3 5
4 7
4 6
5 8
5 9
5 7
6 10
8 12
8 11
9 13
9 12

# Embedding 37 (with cost 9.60702e-15)
(-0.224246, 7.10967e-05, 0.668011) (-0.613406, 0.186691, -0.102318) (-0.551962, 0.170866, 0.535217) (-0.440031, 0.924072, 0.352323) (0.0498531, 0.304489, 0.636743) (0.295472, 0.247859, 0.310235) (-0.250615, 0.200434, -0.311356) (-0.567981, 0.505494, -0.12344) (-0.70099, 0.255817, 0.226569) (-0.632943, 0.607252, 0.404482) (-0.140559, 0.943888, 0.348314) (0.150494, 0.776033, 0.160613) (0.262237, 0.408557, 0.0055169) (0.064339, 0.297676, -0.242016) 


# Original Graph 38 in [25, 50)
14 vertices
0 1
0 2
0 3
0 4
1 5
1 6
1 7
2 7
2 8
2 3
3 8
3 9
3 4
4 9
5 8
5 7
5 10
6 10
6 11
7 11
7 12
7 13
8 9
10 13
11 12
12 13

# Unit Distance Graph 38
14 vertices
0 5
0 10
0 13
0 7
1 2
1 8
1 5
1 7
2 6
2 10
2 5
3 6
3 11
3 12
3 13
3 10
4 7
4 13
4 12
5 7
6 8
7 8
7 9
8 11
9 12
9 11

# Embedding 38 (with cost 8.64406e-15)
(0.285725, -0.312749, -0.106814) (0.00705821, -0.392416, -0.217818) (0.056072, 0.0337678, 0.68549) (0.537628, -0.33821, 0.424498) (0.466954, -0.410404, 0.129754) (0.0153771, -0.962077, 0.60402) (-0.309188, -0.486921, -0.0861758) (-0.279547, -0.00818619, 0.659807) (0.292874, -0.827796, 0.635853) (0.461648, -0.653764, 0.475801) (-0.305371, -0.873978, 0.472519) (-0.428021, -0.318924, 0.165363) (-0.457842, -0.260669, 0.479513) (-0.429518, -0.561319, 0.546362) 


# Original Graph 39 in [25, 50)
14 vertices
0 1
0 2
0 3
0 4
0 5
1 6
1 7
2 8
2 9
2 10
2 11
2 3
3 11
3 4
4 11
4 12
4 5
5 12
6 11
6 13
7 13
7 8
8 9
9 10
10 13
11 12

# Unit Distance Graph 39
14 vertices
0 2
0 11
0 6
0 13
0 10
1 2
1 3
1 11
2 6
2 11
2 12
2 5
3 7
3 13
3 6
4 7
4 8
4 9
4 10
4 13
5 10
5 9
7 11
8 12
8 11
9 12

# Embedding 39 (with cost 9.81479e-15)
(0.189112, 0.0929207, 0.413371) (0.302187, -0.340925, 0.317527) (0.483937, 0.138377, -0.541098) (0.0520728, 0.450084, -0.240817) (-0.23062, 0.327181, 0.036458) (-0.0686533, 0.176245, 0.291494) (-0.226641, -0.509916, -0.267611) (0.434366, -0.41874, 0.073819) (0.543714, -0.252082, -0.21822) (0.489981, -0.141206, -0.474764) (0.294229, -0.35274, -0.475638) (-0.446327, -0.153261, -0.318484) (-0.376966, 0.0922527, -0.0344233) (0.0739451, -0.543798, -0.349076) 


# Original Graph 40 in [25, 50)
14 vertices
0 1
0 2
0 3
0 4
0 5
1 6
1 7
1 8
2 8
2 9
2 3
3 5
3 4
4 5
5 9
6 9
6 8
6 10
7 10
7 11
7 8
8 12
10 13
11 13
11 12
12 13

# Unit Distance Graph 40
14 vertices
0 6
0 10
0 13
0 12
0 8
1 2
1 9
1 6
1 8
2 7
2 10
2 6
3 7
3 11
3 13
3 10
4 11
4 12
4 13
5 7
5 8
5 12
5 11
6 8
7 9
8 9

# Embedding 40 (with cost 9.15011e-15)
(0.652617, 0.552999, 0.57118) (0.409644, 0.686286, 0.31921) (0.319895, -0.144067, 0.869173) (0.661799, 0.0564714, 0.811412) (0.794139, 0.2572, 0.644371) (0.891556, -0.0424178, 0.384489) (0.625021, -0.204367, -0.0812275) (0.0715771, 0.461599, 0.113192) (-0.0735222, -0.131971, 0.630668) (0.803178, -0.218692, 0.157513) (0.358687, -0.0976616, -0.128996) (-0.0501928, 0.161629, 0.117142) (-0.107656, -0.0568936, 0.347537) (0.101989, -0.0452892, -0.0109375) 


# Original Graph 41 in [25, 50)
14 vertices
0 1
0 2
0 3
0 4
0 5
0 6
1 6
1 7
1 3
1 2
2 3
3 7
4 7
4 6
4 8
5 8
5 9
5 10
6 10
8 11
9 12
9 10
10 13
11 13
11 12
12 13

# Unit Distance Graph 41
14 vertices
0 4
0 8
0 11
0 13
0 10
0 6
1 5
1 9
1 12
1 11
1 8
2 11
2 12
2 13
3 9
3 10
3 13
3 12
4 6
4 10
4 5
5 7
5 6
6 8
7 10
7 9

# Embedding 41 (with cost 6.89407e-15)
(-0.0878876, 0.220447, 0.601859) (0.0714821, 0.302342, -0.196755) (0.148779, 0.133726, 0.182666) (0.122952, -0.0988441, 0.0166964) (-0.348117, -0.451846, -0.0911795) (-0.460574, 0.215044, 0.645442) (-0.38699, 0.524792, -0.302525) (-0.0900203, -0.324804, -0.110372) (-0.61179, -0.396553, 0.0146312) (-0.7358, 0.250896, 0.391164) (-0.659195, 0.495134, -0.171545) (-0.786643, -0.17069, 0.00289956) (-0.849602, 0.100716, 0.136339) (-0.803174, 0.26121, -0.0957825) 


# Original Graph 42 in [25, 50)
14 vertices
0 1
0 2
0 3
0 4
1 5
1 6
1 7
2 8
2 3
3 8
3 4
4 8
4 9
4 5
5 7
5 10
5 11
5 6
6 12
7 13
7 9
8 9
10 13
10 11
11 12
12 13

# Unit Distance Graph 42
14 vertices
0 5
0 10
0 13
0 7
1 4
1 5
1 7
1 9
2 5
2 11
2 10
3 10
3 11
3 12
3 13
4 7
4 13
4 12
4 6
5 8
5 9
5 7
6 9
6 8
8 12
8 11

# Embedding 42 (with cost 7.92142e-15)
(0.716853, -0.412236, 0.516386) (0.857316, -0.166168, 0.488513) (0.460626, -0.541994, 0.45522) (0.20263, -0.609617, 0.559252) (0.00075964, -0.420053, 0.937795) (0.124624, 0.155319, 1.08835) (0.776999, 0.105778, 0.590011) (-0.0167712, 0.123954, 0.0988973) (-0.00648075, -0.442494, 0.297512) (-0.087979, -0.156872, 0.162429) (0.121726, 0.385723, 0.61171) (0.237765, 0.34025, 0.869923) (0.576426, 0.31754, 0.584858) (0.108569, 0.355821, 0.316187) 


# Original Graph 43 in [25, 50)
14 vertices
0 1
0 2
0 3
0 4
1 5
1 6
2 7
2 3
3 7
3 4
4 8
4 6
4 9
5 9
5 10
6 11
6 9
6 8
7 8
9 12
9 13
9 10
10 13
10 11
11 12
12 13

# Unit Distance Graph 43
14 vertices
0 6
0 9
0 12
0 11
1 4
1 9
1 6
2 9
2 13
2 12
3 10
3 11
3 12
3 13
4 6
4 11
4 10
4 5
5 6
5 8
6 9
7 9
7 10
7 13
8 10
8 9

# Embedding 43 (with cost 9.83045e-15)
(0.278713, -0.832348, 0.16125) (0.354646, -0.83643, -0.126896) (0.304207, -0.635069, 0.365938) (0.0397766, -0.562869, 0.436917) (-0.382537, -0.264287, 0.232567) (0.254373, -0.723994, -0.386315) (0.518166, 0.1329, 0.0565685) (0.404224, -0.27403, 0.405748) (0.466027, -0.0190103, 0.29059) (-0.4004, -0.182995, -0.181016) (0.198922, -0.493924, -0.547928) (0.443144, 0.0796178, -0.214623) (0.114332, -0.0216355, -0.400643) (0.0176691, -0.261826, -0.516437) 


# Original Graph 44 in [25, 50)
14 vertices
0 1
0 2
0 3
0 4
0 5
1 6
1 7
2 8
2 9
2 3
3 10
3 11
3 12
3 4
4 12
4 10
5 10
5 9
6 13
6 7
7 8
8 13
9 13
10 12
10 11
11 12

# Unit Distance Graph 44
14 vertices
0 2
0 3
0 10
0 5
0 9
1 3
1 11
1 10
2 5
2 10
2 4
3 6
3 13
3 9
3 5
4 9
4 13
4 8
6 12
6 11
7 10
7 11
7 12
8 10
8 12
12 13

# Embedding 44 (with cost 8.80153e-15)
(0.0799443, 0.0521097, -0.419277) (0.0477208, 0.200564, -0.176624) (0.146053, -0.420404, 0.459563) (0.0900225, -0.716053, 0.220899) (-0.132936, -0.408239, -0.500654) (-0.750899, -0.193539, 0.0800783) (-0.179086, 0.24468, 0.15327) (0.0659562, 0.123532, 0.226864) (0.109399, -0.139179, 0.431484) (-0.633247, -0.0277799, 0.277124) (-0.711233, -0.43911, -0.054938) (-0.397718, -0.692796, -0.11754) (-0.281954, -0.606648, -0.36118) (-0.410854, 0.147231, 0.283065) 


# Original Graph 45 in [25, 50)
14 vertices
0 1
0 2
0 3
0 4
0 5
1 6
1 4
1 7
2 8
2 3
3 8
3 9
4 9
4 10
5 10
5 11
5 6
6 11
6 12
7 9
7 8
10 12
10 13
10 11
11 13
12 13

# Unit Distance Graph 45
14 vertices
0 1
0 4
0 10
0 12
0 6
1 5
1 10
1 4
2 10
2 13
2 12
3 6
3 12
3 13
3 11
4 6
4 5
5 7
5 9
6 9
7 11
7 10
8 10
8 11
8 13
9 11

# Embedding 45 (with cost 9.94818e-15)
(-0.728838, -0.398353, -0.0274622) (-0.158708, 0.416422, 0.0778595) (-0.681034, -0.20417, -0.25707) (-0.47747, -0.1482, -0.495638) (0.194331, -0.381027, -0.411465) (-0.542887, -0.489603, 0.255409) (-0.0568391, 0.25794, 0.315608) (-0.278357, 0.355692, -0.208811) (-0.494984, 0.117518, -0.351229) (-0.0987662, -0.176555, -0.58409) (0.26661, -0.473697, -0.0858236) (-0.0922873, -0.428051, 0.383747) (0.1423, -0.0134923, 0.277498) (0.1801, -0.329582, 0.235595) 


# Original Graph 46 in [25, 50)
14 vertices
0 1
0 2
0 3
0 4
1 5
1 3
1 6
2 7
2 8
3 8
3 9
4 9
4 10
4 5
5 11
5 9
6 8
6 12
7 12
7 8
8 12
9 11
9 13
9 10
10 13
11 13

# Unit Distance Graph 46
14 vertices
0 1
0 3
0 9
0 5
1 4
1 9
1 3
2 5
2 9
2 11
3 5
3 4
4 6
4 8
5 8
6 10
6 9
7 9
7 13
7 11
8 11
8 13
8 10
9 12
10 12
12 13

# Embedding 46 (with cost 7.07231e-15)
(-0.260425, 0.0289436, -0.375787) (-0.119386, 0.937452, 0.0175595) (-0.0964219, 0.204445, -0.539042) (0.661536, 0.331493, -0.134015) (-0.258333, -0.0507899, -0.0462551) (-0.13413, 0.767393, 0.28659) (0.00439879, 0.895184, -0.236268) (0.0635235, 0.459658, -0.588335) (0.369161, 0.544394, -0.548258) (0.48226, 0.18172, 0.276194) (0.0148888, 0.00216945, 0.213637) (0.103806, 0.444889, 0.410745) (0.0943167, 0.738492, -0.458316) (0.185155, 0.174356, 0.362354) 


# Original Graph 47 in [25, 50)
14 vertices
0 1
0 2
0 3
0 4
0 5
1 6
1 4
1 7
2 8
2 3
3 9
4 9
4 10
5 10
5 11
5 6
6 12
6 13
7 9
7 8
8 9
10 13
10 12
10 11
11 12
12 13

# Unit Distance Graph 47
14 vertices
0 1
0 4
0 10
0 13
0 6
1 5
1 10
1 4
2 10
2 12
2 13
3 6
3 13
3 12
4 6
4 5
5 7
5 9
6 9
7 11
7 10
8 10
8 11
8 12
9 12
9 11

# Embedding 47 (with cost 9.95924e-15)
(0.066973, -0.475317, 0.800403) (-0.341782, 0.435612, 0.744481) (-0.344077, -0.251447, 0.949409) (-0.212023, -0.479529, 0.846708) (-0.632529, -0.282555, 0.112261) (0.235927, -0.367855, 0.600634) (-0.133502, 0.469781, 0.542333) (-0.518335, 0.239122, 0.850969) (-0.521829, -0.032204, 0.930812) (-0.758669, -0.310206, 0.514284) (-0.370007, -0.17455, -0.0472924) (0.173122, -0.10425, 0.215373) (0.0287737, 0.162881, 0.11916) (-0.215611, 0.069986, 0.0112319) 


# Original Graph 48 in [25, 50)
14 vertices
0 1
0 2
0 3
0 4
0 5
1 6
1 7
2 7
2 8
3 8
3 9
3 10
3 7
3 4
4 6
4 11
5 11
5 12
6 13
6 11
7 10
8 9
9 10
11 13
11 12
12 13

# Unit Distance Graph 48
14 vertices
0 1
0 7
0 3
0 4
0 6
1 4
1 3
2 4
2 11
2 6
3 6
3 13
3 12
3 5
4 7
5 7
5 10
6 8
7 11
8 11
8 13
9 11
9 12
9 13
10 12
10 11

# Embedding 48 (with cost 5.89302e-15)
(-0.0588754, -0.831225, -0.163527) (-0.347277, 0.105184, 0.0363813) (0.116494, -0.601548, -0.319275) (-0.381712, -0.239077, -0.901861) (-0.786441, -0.406359, -0.702171) (-0.375499, -0.800744, -0.0745214) (-0.61633, -0.0281732, 0.0470717) (-0.143312, 0.164794, -0.192103) (0.0324418, -0.424224, -0.602727) (-0.107915, -0.180939, -0.734925) (-0.130031, 0.0522888, -0.535043) (-0.871232, -0.520837, -0.185546) (-0.63922, -0.638858, -0.0221652) (-0.736655, -0.326662, 0.0289148) 


# Original Graph 49 in [25, 50)
14 vertices
0 1
0 2
0 3
0 4
0 5
0 6
1 7
1 8
2 8
2 9
3 9
3 10
3 11
3 4
4 7
4 12
5 12
5 6
6 13
7 13
7 12
8 11
8 10
9 10
10 11
12 13

# Unit Distance Graph 49
14 vertices
0 1
0 8
0 11
0 3
0 4
0 7
1 4
1 3
2 4
2 12
2 7
3 7
3 13
3 6
4 8
5 8
5 10
5 11
6 11
6 10
7 9
8 12
9 12
9 13
10 13
10 12

# Embedding 49 (with cost 9.99914e-15)
(-0.0935176, -0.30954, -0.476807) (0.542782, 0.401628, -0.177871) (0.232234, -0.389697, -0.165453) (-0.181953, 0.0889145, 0.436108) (-0.34215, 0.299346, 0.276479) (-0.198334, -0.0440183, -0.517523) (-0.0641855, 0.202811, -0.55038) (0.27466, 0.601474, -0.29107) (0.616181, 0.201545, 0.00808366) (0.244643, -0.315323, 0.107154) (0.346588, -0.0665468, 0.32066) (0.12098, 0.0697289, 0.423274) (-0.329132, 0.43617, -0.218485) (0.0404132, 0.486825, -0.45396) 
