

# Original Graph 625 in [625, 650)
14 vertices
0 1
0 2
0 3
1 4
1 5
1 6
1 7
2 8
2 9
3 10
3 11
4 11
4 12
4 8
4 5
5 8
5 13
5 6
6 13
6 7
7 8
8 13
9 12
9 10
10 11
11 12

# Unit Distance Graph 625
14 vertices
0 4
0 5
0 8
1 2
1 9
1 12
1 4
1 8
2 5
2 4
3 5
3 13
3 8
4 8
4 7
5 10
5 9
6 9
6 10
6 11
6 12
7 12
7 11
8 11
10 13
11 13

# Embedding 625 (with cost 9.54694e-15)
(-0.319404, -0.663838, -0.0547065) (-0.675159, -0.406299, -0.112874) (0.226824, -0.26288, -0.520132) (-0.0455969, -0.515618, 0.157366) (-0.0223241, 0.212979, 0.323363) (-0.507346, 0.312685, -0.159967) (-0.667081, -0.0578645, -0.302887) (-0.392254, -0.092111, -0.554174) (0.0227972, 0.0526041, -0.662661) (0.308418, -0.262384, -0.221808) (0.221492, -0.334719, 0.0628863) (0.117971, -0.208438, 0.297963) (0.136538, 0.0192044, 0.287245) (-0.504836, 0.199457, -0.369669) 


# Original Graph 626 in [625, 650)
14 vertices
0 1
0 2
0 3
0 4
1 4
1 5
1 6
1 2
2 7
2 3
3 8
4 8
4 9
4 10
4 5
5 10
6 10
6 11
6 12
7 13
7 8
8 13
9 12
9 11
10 11
12 13

# Unit Distance Graph 626
14 vertices
0 6
0 12
0 9
0 11
1 4
1 9
1 12
1 13
1 8
2 4
2 10
2 11
2 9
3 6
3 11
3 10
4 7
4 13
4 12
4 6
5 7
5 8
5 13
6 8
7 10
8 10

# Embedding 626 (with cost 9.04934e-15)
(0.550767, -0.00219219, -0.184961) (0.459852, 0.156877, -0.709534) (0.584795, 0.260784, -0.217389) (0.488369, 0.158067, -0.00749414) (-0.121821, -0.444639, -0.161962) (0.0188461, -0.178494, -0.654615) (-0.222527, 0.415499, -0.661983) (0.246351, 0.450729, 0.0885666) (0.165155, 0.238173, 0.242593) (-0.41502, 0.252333, -0.234679) (-0.289981, -0.0264533, -0.607598) (-0.364912, 0.209881, -0.526366) (-0.28846, 0.541354, -0.168972) (-0.085384, 0.534285, 0.0389852) 


# Original Graph 627 in [625, 650)
14 vertices
0 1
0 2
0 3
1 4
1 5
1 6
1 7
1 8
1 9
2 9
2 10
3 10
3 4
4 11
4 12
5 12
5 13
5 6
6 13
6 7
7 13
7 8
8 9
9 13
10 11
11 12

# Unit Distance Graph 627
14 vertices
0 5
0 6
0 13
1 2
1 10
1 11
1 12
1 5
1 13
1 9
2 6
2 5
3 6
3 7
3 13
4 7
4 8
4 9
4 13
5 9
6 10
7 11
7 10
8 12
8 11
9 12

# Embedding 627 (with cost 9.53718e-15)
(-1.63721, 0.537383, -0.835391) (-2.05952, 0.214225, -0.564087) (-1.58017, 1.07615, -0.729334) (-1.36256, 0.478967, -0.696315) (-1.3284, 0.310973, -0.527781) (-1.48169, 0.609827, 0.149782) (-1.91437, 0.662028, 0.117317) (-2.10207, 0.766977, -0.087896) (-2.12865, 0.89071, -0.374449) (-1.81304, 1.18271, -0.599893) (-1.25818, 0.809549, -0.622723) (-1.16383, 0.629633, -0.405451) (-1.23371, 0.537408, -0.101935) (-1.81646, 0.964331, 0.050942) 


# Original Graph 628 in [625, 650)
14 vertices
0 1
0 2
0 3
1 4
1 5
2 6
2 3
3 7
4 7
4 8
4 9
5 9
5 10
5 6
6 11
6 7
7 11
8 11
8 10
8 12
8 13
9 13
10 13
10 12
10 11
12 13

# Unit Distance Graph 628
14 vertices
0 8
0 12
0 10
1 8
1 10
1 11
2 8
2 13
2 12
3 10
3 12
3 13
4 5
4 6
4 11
4 10
5 8
5 11
5 7
6 9
6 13
6 8
7 10
7 13
7 9
9 11

# Embedding 628 (with cost 8.95278e-15)
(0.183171, -1.13972, 0.621072) (-0.00640135, -0.982242, 0.621183) (0.383663, -1.26706, 0.436797) (0.501586, -1.16859, 0.625257) (-0.0556052, -0.720845, 0.645248) (0.305502, -0.99709, -0.24542) (0.496638, -1.21289, -0.0277461) (0.798938, -0.972585, 0.624017) (0.702684, -0.3213, 0.375511) (-0.0632551, -0.511722, 0.413713) (0.395883, -0.690197, -0.246502) (0.925175, -0.655732, 0.461319) (0.42393, -0.3335, 0.0806571) (0.150214, -0.314416, 0.241955) 


# Original Graph 629 in [625, 650)
14 vertices
0 1
0 2
0 3
0 4
1 5
1 6
1 2
2 7
3 7
3 8
4 8
4 9
4 10
4 11
4 5
5 11
6 11
6 10
6 12
7 13
8 13
8 12
9 12
9 10
10 11
12 13

# Unit Distance Graph 629
14 vertices
0 6
0 12
0 9
0 10
1 4
1 9
1 12
1 8
2 4
2 10
2 9
3 6
3 10
3 11
4 7
4 13
4 12
4 6
5 8
5 12
5 13
6 8
7 11
7 10
8 11
11 13

# Embedding 629 (with cost 9.18704e-15)
(0.0930457, -0.162765, -0.574287) (0.101944, 0.227657, -0.557279) (-0.0903436, -0.0143156, -0.636774) (-0.233028, -0.372957, -0.477705) (0.0869355, -0.258003, 0.31674) (0.200295, 0.255746, -0.0181518) (-0.432716, 0.51115, -0.055236) (-0.400538, -0.153153, -0.550079) (-0.46066, -0.485007, -0.138248) (-0.252117, 0.000522708, 0.349942) (-0.102694, 0.182446, 0.3436) (0.0807647, 0.279088, 0.212492) (-0.770206, 0.0323119, -0.108731) (-0.689497, -0.106981, -0.295098) 


# Original Graph 630 in [625, 650)
14 vertices
0 1
0 2
0 3
0 4
1 4
1 5
1 2
2 5
2 6
2 7
2 8
3 8
3 9
3 4
4 10
5 10
5 11
6 11
6 12
7 12
7 9
7 8
9 13
10 11
11 13
12 13

# Unit Distance Graph 630
14 vertices
0 6
0 12
0 13
0 11
1 7
1 9
1 13
1 12
2 3
2 4
2 10
2 11
2 13
2 9
3 6
3 11
3 5
4 7
4 12
4 6
5 9
5 7
5 8
7 10
8 11
8 10

# Embedding 630 (with cost 9.55204e-15)
(-0.485302, -0.115268, 0.435743) (-0.771795, -0.548876, 0.198863) (-0.353868, -0.917164, 0.240391) (-0.154465, 0.0536542, 0.373619) (-0.63169, 0.0287766, 0.0730266) (-0.754695, -0.577169, -0.118097) (-0.0721501, -0.74611, -0.221025) (0.220466, -0.494316, 0.0873204) (0.118486, -0.386271, 0.330358) (0.0706534, -0.0346104, 0.0382029) (-0.626309, -0.104315, -0.27444) (-0.363581, -0.292936, -0.540791) (0.134765, -0.541162, -0.223143) (-0.0819496, -0.26475, -0.467009) 


# Original Graph 631 in [625, 650)
14 vertices
0 1
0 2
0 3
1 4
1 5
2 6
2 7
3 7
3 4
4 8
5 9
5 6
6 10
6 11
6 12
6 8
7 8
8 12
9 12
9 13
9 10
10 13
10 11
11 13
11 12
12 13

# Unit Distance Graph 631
14 vertices
0 11
0 12
0 13
1 6
1 12
1 11
2 9
2 13
2 12
3 10
3 11
3 13
4 6
4 11
4 10
5 6
5 8
5 12
6 9
6 12
6 8
7 9
7 10
7 13
8 10
8 9

# Embedding 631 (with cost 7.05181e-15)
(-0.177167, -0.000280685, -0.734573) (-0.279896, -0.185954, -0.888071) (-0.229856, 0.0874751, -0.234426) (0.0592811, -0.0141457, -0.651299) (0.239117, -0.163431, -0.65469) (-0.446151, -0.368575, -0.87349) (-0.414224, -0.152161, 0.10229) (0.175016, -0.00792878, -0.441161) (0.434899, -0.295002, -0.406224) (-0.387975, -0.806707, -0.653277) (-0.419344, -0.783336, -0.227903) (-0.334451, -0.685712, -0.023626) (0.249872, -0.788129, -0.290802) (-0.242603, -0.908642, -0.321538) 


# Original Graph 632 in [625, 650)
14 vertices
0 1
0 2
0 3
1 4
1 5
1 6
1 7
2 7
2 8
2 3
3 4
4 5
5 8
6 9
6 10
7 10
7 11
7 8
8 9
9 12
9 13
10 13
10 12
10 11
11 12
12 13

# Unit Distance Graph 632
14 vertices
0 9
0 13
0 12
1 7
1 8
1 9
1 12
1 11
2 6
2 10
2 13
2 9
3 10
3 12
3 13
4 10
4 11
4 12
5 7
5 11
5 10
6 8
6 7
7 9
7 8
8 10

# Embedding 632 (with cost 9.86409e-15)
(-0.130211, 0.983146, -1.47324) (-0.45515, 0.932094, -1.75994) (0.107105, 0.813832, -1.09405) (0.0757978, 0.892474, -1.34387) (0.0664353, 0.784654, -1.63857) (0.142765, 0.524218, -1.68966) (-0.617545, 0.733162, -1.77843) (-0.352902, 0.594988, -0.824037) (0.204648, 0.208143, -1.55854) (-0.1581, -0.00877016, -1.59704) (-0.747784, 0.329022, -1.27878) (-0.514337, 0.334907, -0.96002) (-0.52296, 0.103926, -1.20357) (-0.423876, 0.0290876, -1.4138) 


# Original Graph 633 in [625, 650)
14 vertices
0 1
0 2
0 3
1 4
1 5
1 6
2 6
2 7
3 7
3 4
4 8
5 9
5 10
6 10
6 11
6 8
6 7
7 8
8 12
9 12
9 13
10 13
10 11
11 13
11 12
12 13

# Unit Distance Graph 633
14 vertices
0 11
0 12
0 13
1 6
1 8
1 12
1 11
2 9
2 13
2 12
3 10
3 11
3 13
4 6
4 11
4 10
5 6
5 7
5 8
6 9
6 12
6 8
7 10
7 13
7 9
8 10

# Embedding 633 (with cost 9.47151e-15)
(-0.996661, -0.414335, 0.204725) (-1.104, -0.519417, 0.45282) (-0.938877, 0.0118294, 0.0973312) (-0.641546, -0.365974, 0.174581) (-0.43908, -0.381789, 0.329723) (-1.10214, -0.467559, 0.742828) (-0.955713, 0.469129, 0.424748) (-0.474442, 0.026299, 0.14108) (-0.177853, -0.150342, 0.530535) (-0.782572, -0.305847, 1.03256) (-1.0444, 0.105779, 0.9589) (-0.877494, 0.401094, 0.771183) (-0.256762, -0.130438, 0.814604) (-0.79762, 0.0116193, 1.0873) 


# Original Graph 634 in [625, 650)
14 vertices
0 1
0 2
0 3
1 4
1 5
1 6
2 7
2 8
3 8
3 4
4 9
4 10
5 10
5 11
5 12
6 12
6 7
7 13
7 9
8 9
9 10
10 13
10 11
11 13
11 12
12 13

# Unit Distance Graph 634
14 vertices
0 10
0 11
0 13
1 7
1 9
1 10
1 13
2 5
2 11
2 10
3 11
3 12
3 13
4 6
4 7
4 13
4 12
5 8
5 9
5 7
6 10
6 9
7 10
8 12
8 11
9 12

# Embedding 634 (with cost 9.80252e-15)
(-0.625313, -0.545732, -0.38165) (-1.01457, -0.632277, -0.529645) (-0.194205, -0.86409, -0.354878) (-0.347629, -0.437878, -0.623889) (-0.451746, -0.394574, -0.944216) (-1.05661, -0.896511, -0.860051) (-0.862483, -1.18822, -0.495418) (-0.211728, -1.22084, -0.434637) (-0.136093, -0.631283, -0.573179) (-0.0768629, -0.696592, -0.871054) (-0.43777, -0.823206, -1.3239) (-0.740137, -1.21514, -1.11561) (-0.883242, -1.27392, -0.74283) (-0.475532, -1.3929, -0.891433) 


# Original Graph 635 in [625, 650)
14 vertices
0 1
0 2
0 3
0 4
1 4
1 5
2 5
2 6
2 7
2 8
3 8
3 9
3 10
4 10
5 11
5 12
6 12
6 13
6 7
7 13
7 9
7 8
9 13
9 12
10 11
11 12

# Unit Distance Graph 635
14 vertices
0 6
0 13
0 9
0 12
1 7
1 9
1 13
2 3
2 10
2 11
2 12
2 9
3 6
3 12
3 5
4 6
4 7
4 13
5 9
5 7
5 8
6 10
7 11
7 10
8 12
8 11

# Embedding 635 (with cost 8.53896e-15)
(-0.300919, 0.0520277, 0.954843) (-0.177607, 0.469743, 0.795174) (-0.227713, -0.0588757, 0.143835) (-0.863353, 0.00328306, 0.913314) (-0.296973, 0.340289, 0.932994) (-0.16569, 0.652721, 0.610828) (-0.520388, 0.126283, -0.0179463) (-0.666123, -0.0325315, 0.0816814) (-0.772459, -0.141984, 0.594233) (-1.09856, 0.343169, 0.42664) (-0.52389, 0.526782, 0.898344) (-0.462193, 0.808594, 0.5826) (-0.612276, 0.82668, 0.404416) (-0.823874, 0.139909, 0.107026) 


# Original Graph 636 in [625, 650)
14 vertices
0 1
0 2
0 3
0 4
1 5
1 6
1 7
1 2
2 7
2 3
3 8
4 8
4 9
4 5
5 10
6 10
6 11
6 12
7 12
7 8
8 12
9 13
9 10
10 11
11 13
12 13

# Unit Distance Graph 636
14 vertices
0 6
0 12
0 13
0 11
1 4
1 9
1 13
1 12
1 8
2 9
2 10
2 11
2 13
3 6
3 11
3 10
4 7
4 12
4 6
5 7
5 8
5 12
6 8
7 10
7 9
8 10

# Embedding 636 (with cost 9.89928e-15)
(0.442742, -0.407504, -0.604729) (0.149039, -0.908082, -0.167707) (0.459085, -0.80006, -0.579093) (0.458111, -0.60109, -0.752735) (0.0906919, -0.0808436, -0.726521) (-0.142212, -0.390469, -0.26473) (-0.410405, -0.845669, -0.321621) (0.131778, -1.05156, -0.963223) (0.133795, -0.751941, -1.15532) (-0.343126, -0.214003, -0.693091) (-0.472863, -0.480249, -0.40823) (-0.528645, -0.644864, -0.596544) (-0.244391, -0.951749, -1.08602) (-0.474561, -0.663088, -0.910069) 


# Original Graph 637 in [625, 650)
14 vertices
0 1
0 2
0 3
1 4
1 5
1 6
1 7
2 7
2 8
3 8
3 4
4 9
5 10
5 11
5 6
6 11
6 12
6 7
7 12
7 13
8 13
9 13
9 10
10 12
10 11
11 12

# Unit Distance Graph 637
14 vertices
0 10
0 11
0 12
1 7
1 13
1 9
1 10
1 12
2 5
2 11
2 10
3 6
3 12
3 11
4 6
4 7
4 12
5 8
5 13
5 7
6 9
6 13
6 8
7 10
7 9
8 11

# Embedding 637 (with cost 9.24328e-15)
(-0.382754, -1.0279, 0.437681) (-0.375903, -0.763242, 0.0667426) (-0.272383, -0.92567, 0.829668) (-0.613181, -1.06864, 0.525743) (-0.757462, -0.963792, 0.331706) (-0.587133, -0.216623, 0.198649) (-0.202721, -0.156801, 0.53426) (-0.146964, -0.575216, 1.02185) (-0.628425, -1.02663, 0.783619) (-1.10096, -0.553803, 0.722809) (-1.03977, -0.307436, 0.659639) (-0.666579, -0.0706104, 0.492797) (-0.538697, -0.112244, 0.80816) (-0.816807, -0.819746, 0.962517) 


# Original Graph 638 in [625, 650)
14 vertices
0 1
0 2
0 3
1 4
1 5
1 2
2 6
3 6
3 7
3 8
3 9
4 9
4 10
4 5
5 11
6 11
6 12
7 12
7 8
8 13
8 10
8 9
10 13
10 12
11 12
12 13

# Unit Distance Graph 638
14 vertices
0 10
0 12
0 13
1 7
1 8
1 13
1 12
2 8
2 10
2 13
3 4
3 5
3 11
3 12
3 10
4 7
4 12
4 6
5 8
5 7
6 10
6 8
6 9
8 11
9 12
9 11

# Embedding 638 (with cost 9.06363e-15)
(-0.338641, -0.308881, 0.139189) (0.0195053, -0.0814004, 0.161481) (-0.298938, -0.0755365, -0.0619807) (-0.469288, -0.679741, 0.0341664) (0.460756, -0.320563, 0.111693) (0.288998, -0.0367897, -0.0736138) (-0.373347, -0.099773, -0.393802) (-0.169752, -0.830142, -0.473788) (0.0531578, -0.992607, -0.249091) (0.210536, -0.704124, 0.148269) (0.448997, -0.667851, -0.361576) (0.00633206, -0.0501726, -0.580187) (0.0284502, -0.399344, -0.786586) (0.249466, -0.773134, -0.523079) 


# Original Graph 639 in [625, 650)
14 vertices
0 1
0 2
0 3
1 3
1 4
1 5
2 6
2 7
2 8
2 3
3 8
4 8
4 9
4 5
5 10
5 6
6 11
7 11
7 9
8 9
9 12
9 13
10 13
10 11
11 12
12 13

# Unit Distance Graph 639
14 vertices
0 9
0 13
0 12
1 7
1 9
1 12
1 11
2 4
2 5
2 10
2 13
2 9
3 10
3 11
3 12
3 13
4 7
4 11
4 6
5 8
5 9
5 7
6 9
6 8
8 11
8 10

# Embedding 639 (with cost 9.48572e-15)
(-0.972269, 0.0160479, 1.13257) (-0.847609, 0.393022, 1.03883) (-1.13777, -0.418451, 0.728754) (-0.788554, -0.121715, 1.21427) (-0.405622, 0.217763, 0.972051) (-0.865669, 0.543752, 0.717449) (-1.18098, -0.120101, 0.438509) (-0.993791, -0.416818, 0.470687) (-0.437484, -0.28061, 1.0877) (-0.187513, -0.169735, 0.541261) (-0.643983, 0.365881, 0.353257) (-0.938428, -0.184559, 0.227567) (-0.527216, -0.130055, 0.249062) (-0.38599, 0.104694, 0.327323) 


# Original Graph 640 in [625, 650)
14 vertices
0 1
0 2
0 3
0 4
1 5
1 6
2 6
2 3
3 7
4 7
4 8
4 9
4 10
4 5
5 10
5 11
6 12
7 12
8 12
8 11
8 9
9 13
9 10
10 13
10 11
11 13

# Unit Distance Graph 640
14 vertices
0 8
0 9
0 13
0 11
1 4
1 9
1 8
2 9
2 10
2 13
3 10
3 11
3 13
4 6
4 12
4 8
4 11
4 5
5 8
5 12
5 7
6 10
6 9
7 11
7 10
10 12

# Embedding 640 (with cost 9.35414e-15)
(-0.27069, 0.916749, -1.00344) (-0.16685, 0.431702, -0.672625) (-0.425526, 0.767452, -0.757936) (-0.402135, 0.978561, -0.827997) (0.133278, 1.30703, -1.05174) (0.260295, 0.431604, -0.585373) (-0.427138, 0.622507, -0.585516) (-0.382898, 1.18859, -0.70058) (-0.0662372, 1.22722, -0.075102) (0.319984, 1.19366, -0.245532) (0.543852, 0.8547, -0.528387) (0.39768, 0.720945, -0.285844) (-0.36795, 1.11231, -0.208618) (0.456381, 0.93451, -0.317106) 


# Original Graph 641 in [625, 650)
14 vertices
0 1
0 2
0 3
0 4
1 5
1 6
2 6
2 3
3 7
4 7
4 8
4 9
4 10
5 10
5 11
6 8
6 7
7 8
8 11
8 9
9 12
9 13
10 13
11 13
11 12
12 13

# Unit Distance Graph 641
14 vertices
0 8
0 9
0 12
0 11
1 4
1 9
1 8
2 9
2 13
2 12
3 11
3 12
3 13
4 6
4 8
4 11
4 5
5 8
5 7
6 10
6 13
6 9
7 11
7 13
7 10
8 10

# Embedding 641 (with cost 9.93918e-15)
(-0.391989, -0.534002, -0.322127) (-0.387039, -0.799959, -0.440033) (-0.0858882, -0.373742, -0.38234) (-0.119352, -0.163927, -0.452037) (-0.679487, 0.0199868, -0.932134) (-0.45776, -0.905224, -0.624201) (0.122191, -0.416251, -0.523466) (-0.0733604, 0.0179429, -0.623415) (0.239445, -0.347707, -1.07485) (-0.516801, -0.271319, -1.2789) (-0.7166, -0.63605, -1.02158) (-0.131569, -0.748078, -1.26359) (-0.3486, -0.607458, -1.31848) (-0.555062, -0.611901, -1.23273) 


# Original Graph 642 in [625, 650)
14 vertices
0 1
0 2
0 3
1 4
1 5
1 2
2 5
2 3
3 6
4 7
4 8
4 9
5 10
6 10
6 7
7 9
7 11
7 8
8 11
8 12
8 9
9 12
9 13
9 10
11 13
12 13

# Unit Distance Graph 642
14 vertices
0 9
0 13
0 12
1 7
1 11
1 13
1 9
2 8
2 12
2 13
2 11
3 8
3 9
3 12
4 6
4 7
4 9
4 10
5 7
5 8
5 11
6 9
6 8
7 10
7 9
8 10

# Embedding 642 (with cost 9.86575e-15)
(-0.600068, 0.734252, -0.673011) (-0.290786, 0.701604, -0.788767) (-0.739755, 0.540314, -0.703544) (-0.807069, 0.758309, -0.235441) (-0.0731829, 0.711014, -0.700347) (-0.723699, 0.253283, -0.674958) (-0.772714, 0.739113, 0.0137031) (-0.557189, 0.755527, 0.173585) (0.155655, 0.48906, -0.261261) (-0.351088, -0.131673, -0.23921) (-0.679772, -0.0352222, -0.426156) (-0.296855, 0.508937, 0.192478) (-0.0585073, 0.10648, -0.113892) (-0.20481, 0.184075, 0.0625679) 


# Original Graph 643 in [625, 650)
14 vertices
0 1
0 2
0 3
1 4
1 5
1 6
2 6
2 7
2 3
3 8
4 8
4 7
4 9
4 10
5 11
5 12
6 7
7 12
7 8
9 12
9 13
9 10
10 11
11 13
11 12
12 13

# Unit Distance Graph 643
14 vertices
0 9
0 13
0 12
1 4
1 9
1 12
1 7
2 9
2 10
2 11
2 13
3 11
3 12
3 13
4 6
4 7
4 12
4 5
5 7
5 8
6 10
6 9
7 11
7 10
8 12
8 11

# Embedding 643 (with cost 8.05581e-15)
(-0.06445, -0.359208, -0.274959) (-0.0588812, -0.427762, 0.112623) (0.100249, -0.233507, -0.481162) (-0.12251, -0.0848667, -0.511981) (-0.335041, 0.491374, -0.168312) (0.0762758, -0.265562, 0.339493) (0.356191, -0.191404, -0.404982) (0.556823, 0.131575, -0.4424) (-0.190947, 0.153266, -0.528363) (-0.0593553, 0.571972, 0.0895661) (-0.085702, 0.388373, 0.279553) (0.0778854, 0.167314, 0.434721) (0.625388, 0.296893, 0.0310726) (0.269537, 0.417968, 0.258379) 


# Original Graph 644 in [625, 650)
14 vertices
0 1
0 2
0 3
1 4
1 5
2 5
2 6
2 3
3 7
4 8
4 9
4 10
5 6
6 10
6 7
7 8
8 10
8 11
8 12
9 12
9 13
9 10
10 13
10 11
11 13
11 12

# Unit Distance Graph 644
14 vertices
0 10
0 11
0 13
1 8
1 11
1 10
2 9
2 13
2 11
2 12
3 9
3 10
3 13
4 6
4 7
4 8
4 10
5 8
5 12
5 11
6 9
6 12
6 8
7 10
7 9
8 10

# Embedding 644 (with cost 9.86385e-15)
(-0.117898, -0.239602, 0.134183) (-0.107583, 0.054502, 0.108748) (-0.201631, -0.507565, 0.389143) (-0.41315, -0.609921, 0.160254) (-0.285038, 0.277186, 0.0398978) (-0.147801, -0.267817, 0.579452) (-0.491988, -0.220987, 0.881917) (-0.761212, -0.600761, 0.0895805) (-0.962827, -0.45803, 0.0321395) (-0.552791, 0.377256, 0.0829118) (-0.727032, -0.00440366, 0.891572) (-1.08304, -0.0425253, 0.306389) (-0.883249, 0.130798, 0.0315269) (-0.943409, 0.143939, 0.548222) 


# Original Graph 645 in [625, 650)
14 vertices
0 1
0 2
0 3
1 3
1 4
1 5
2 6
2 7
2 8
3 8
4 8
4 9
4 10
5 10
5 11
5 12
5 6
6 7
7 12
7 9
9 13
9 11
9 10
11 13
11 12
12 13

# Unit Distance Graph 645
14 vertices
0 9
0 11
0 13
1 7
1 9
1 13
1 12
2 5
2 11
2 9
2 10
3 11
3 12
3 13
4 5
4 6
4 7
4 12
5 8
5 9
5 7
6 10
6 9
7 10
8 12
8 11

# Embedding 645 (with cost 9.46478e-15)
(0.243379, 0.279063, 0.152473) (0.0514845, -0.131994, 0.257116) (0.209563, 0.607095, 0.0890255) (0.212822, 0.0563449, 0.311989) (-0.0457072, 0.269289, 0.870268) (-0.48447, -0.112119, 0.0566248) (-0.0506644, 0.586933, -0.0779288) (-0.139535, 0.826438, 0.0451739) (0.24535, 0.327244, 0.580385) (-0.447383, 0.512143, 0.836959) (-0.384455, 0.191207, 0.777632) (-0.728195, 0.391137, 0.361002) (-0.58249, 0.626425, 0.105861) (-0.628442, 0.529571, 0.573394) 


# Original Graph 646 in [625, 650)
14 vertices
0 1
0 2
0 3
1 3
1 4
1 5
2 6
2 7
3 7
4 7
4 8
4 5
5 8
5 9
5 10
6 10
6 11
7 8
8 11
8 12
8 9
9 12
9 13
10 13
11 13
12 13

# Unit Distance Graph 646
14 vertices
0 8
0 9
0 12
1 8
1 12
1 13
1 11
2 5
2 9
2 8
3 9
3 13
3 12
4 6
4 11
4 13
4 10
5 7
5 8
5 11
5 6
6 8
7 10
7 13
7 9
8 10

# Embedding 646 (with cost 7.93756e-15)
(0.651782, 0.851369, -0.141478) (0.336582, 1.13287, 0.16548) (0.74531, 0.569383, -0.226164) (0.454013, 1.02859, -0.149311) (-0.0781405, 0.897833, -0.176624) (0.179515, 1.01426, 0.468071) (0.740093, 0.344856, -0.0194264) (0.303709, 0.747019, -0.487523) (-0.240835, 0.40495, -0.204275) (-0.0321521, 0.308831, 0.346257) (0.546078, 0.384669, 0.412455) (0.531453, 0.154342, 0.0983619) (-0.0921716, 0.231305, 0.107625) (0.365236, 0.143405, 0.307376) 


# Original Graph 647 in [625, 650)
14 vertices
0 1
0 2
0 3
1 4
1 5
2 5
2 3
3 6
4 7
4 8
5 8
5 6
6 9
7 10
7 11
7 8
8 11
8 12
8 13
8 10
8 9
9 10
10 13
11 13
11 12
12 13

# Unit Distance Graph 647
14 vertices
0 8
0 13
0 12
1 8
1 10
1 13
2 11
2 12
2 13
3 8
3 12
3 11
4 8
4 9
4 10
5 7
5 11
5 13
5 10
6 7
6 8
6 11
7 9
7 8
8 10
8 9

# Embedding 647 (with cost 9.40903e-15)
(-0.436931, 0.130022, -0.858949) (-0.657839, 0.140354, -0.733931) (-0.221029, 0.200912, -0.915581) (-0.0436518, 0.0710334, -0.867755) (-0.753565, 0.0656148, -0.543663) (-0.145542, 0.602405, -0.798283) (0.163319, 0.016517, -0.759711) (-0.733914, -0.052134, -0.323524) (-0.13104, 0.716258, -0.108777) (0.23368, -0.0908557, -0.573046) (0.180146, -0.211112, -0.316497) (-0.370779, 0.165371, 0.0725042) (-0.16974, 0.433705, 0.0555921) (-0.0599706, 0.108533, 0.0670312) 


# Original Graph 648 in [625, 650)
14 vertices
0 1
0 2
0 3
1 3
1 4
1 5
2 5
2 6
2 7
3 7
4 7
4 8
4 5
5 8
5 9
5 10
5 6
6 11
8 12
9 12
9 13
9 10
10 13
10 11
11 12
12 13

# Unit Distance Graph 648
14 vertices
0 9
0 13
0 12
1 10
1 11
1 12
1 13
2 5
2 9
2 12
2 8
3 9
3 10
3 13
4 5
4 6
4 11
4 10
5 7
5 8
5 12
5 11
5 6
6 8
7 10
7 9

# Embedding 648 (with cost 9.82986e-15)
(0.316784, 0.178207, -0.708021) (0.113725, 0.480368, -0.420088) (0.415508, 0.139411, -1.00776) (0.0984364, 0.166675, -0.540339) (-0.442793, 0.156837, -0.63003) (0.0791286, 1.00964, -0.647845) (0.353163, 0.243492, -1.22915) (-0.156587, 0.0380605, -0.626339) (-0.559426, 0.259707, -0.820594) (-0.233659, 0.886705, -1.14966) (-0.0487486, 0.678555, -1.38669) (0.141088, 0.369431, -1.41354) (-0.526505, 0.423632, -1.18617) (-0.334229, 0.657838, -1.29635) 


# Original Graph 649 in [625, 650)
14 vertices
0 1
0 2
0 3
1 3
1 4
1 5
2 6
2 7
3 7
4 7
4 8
5 8
5 9
5 10
5 11
5 12
5 6
6 12
8 9
9 12
9 13
9 10
10 13
10 11
11 13
11 12

# Unit Distance Graph 649
14 vertices
0 9
0 10
0 13
1 9
1 13
1 11
1 12
2 5
2 10
2 9
3 10
3 11
3 13
4 5
4 12
4 11
5 7
5 8
5 9
5 12
5 6
6 9
6 8
7 11
7 10
8 12

# Embedding 649 (with cost 6.09261e-15)
(0.148956, 0.531655, 0.509179) (0.406432, 0.666774, 0.810962) (-0.180214, 0.425902, 0.45634) (0.31013, 0.371188, 0.522627) (0.373042, -0.0170829, 0.659656) (0.285221, 0.768178, 1.27256) (-0.41442, 0.455202, 0.630262) (0.288016, 0.128362, 0.504038) (0.341799, -0.149693, 0.879735) (0.0935116, -0.208803, 1.17899) (-0.0825713, 0.214445, 1.42884) (-0.426583, 0.264037, 1.19029) (-0.533004, 0.334542, 0.895113) (-0.216267, 0.0708762, 1.31806) 
