

# Original Graph 50 in [50, 75)
14 vertices
0 1
0 2
0 3
0 4
0 5
0 6
1 7
1 2
2 7
2 8
3 9
3 10
4 10
4 11
4 5
5 11
5 12
5 6
6 9
6 7
7 8
8 9
10 12
10 13
11 13
12 13

# Unit Distance Graph 50
14 vertices
0 3
0 10
0 12
0 5
0 6
0 9
1 10
1 13
1 12
2 5
2 12
2 13
2 11
3 6
3 5
4 6
4 7
4 8
4 9
5 9
5 8
6 10
7 11
7 13
7 10
8 11

# Embedding 50 (with cost 9.24683e-15)
(-0.0415219, 0.215724, 0.68729) (-0.112109, 0.255778, 0.331391) (-0.326593, 0.354996, 0.121756) (-0.991644, 0.449894, 0.481297) (-0.41277, -0.000917499, 0.96681) (-0.698296, -0.506031, 0.468844) (-0.562912, -0.336687, 0.0369087) (-0.36956, 0.100386, -0.0271066) (-0.626738, 0.413415, 0.0821938) (-0.888849, 0.439742, 0.205779) (-1.04118, 0.238127, 0.700874) (-0.691199, -0.19656, 0.871988) (-0.880503, -0.32232, 0.605932) (-0.938018, -0.0963008, 0.771749) 


# Original Graph 51 in [50, 75)
14 vertices
0 1
0 2
0 3
0 4
0 5
1 6
1 7
1 2
2 7
2 8
2 9
2 10
2 3
3 11
3 4
4 12
4 5
5 12
6 10
6 13
7 13
7 8
8 9
9 13
10 11
11 12

# Unit Distance Graph 51
14 vertices
0 2
0 10
0 6
0 13
0 9
1 2
1 3
1 11
1 10
2 6
2 10
2 11
2 12
2 5
3 7
3 13
3 6
4 7
4 8
4 9
4 13
5 9
5 8
7 12
7 11
8 12

# Embedding 51 (with cost 9.79716e-15)
(-0.249457, -0.287361, 0.33687) (-0.469556, -0.413384, 0.0833807) (0.200186, 0.0666743, -0.483179) (0.175053, 0.337625, 0.226434) (-0.02929, 0.256922, 0.40465) (-0.196579, 0.030747, 0.434038) (-0.711572, 0.392277, -0.232816) (-0.331635, -0.255963, -0.398802) (-0.0962707, 0.0041864, -0.560564) (-0.322633, 0.173286, -0.547691) (-0.56034, 0.570113, -0.0731175) (-0.382304, 0.580807, 0.146404) (-0.252576, 0.416773, 0.336844) (-0.568702, 0.259087, -0.437389) 


# Original Graph 52 in [50, 75)
14 vertices
0 1
0 2
0 3
0 4
0 5
1 6
1 4
1 7
2 8
2 9
2 3
3 10
3 7
3 4
4 11
5 11
5 6
6 11
7 8
8 12
9 12
9 13
9 10
10 13
10 12
12 13

# Unit Distance Graph 52
14 vertices
0 3
0 7
0 8
0 12
0 10
1 2
1 3
1 10
1 9
2 7
2 3
2 4
3 8
3 7
4 9
4 12
4 8
5 10
5 12
5 13
6 9
6 10
6 13
9 11
11 13
11 12

# Embedding 52 (with cost 8.10074e-15)
(-0.0518928, -0.0864872, -0.580498) (0.354511, -0.120979, 0.198286) (0.30028, -0.122971, -0.80024) (0.449008, 0.735429, -0.309292) (0.123531, 0.549565, -0.0815924) (-0.0824061, -0.0307344, -0.26506) (0.106525, -0.0447277, 0.0781659) (0.63923, -0.137235, 0.140456) (0.819064, -0.168783, -0.0960786) (0.689008, 0.0401529, -0.730233) (0.711377, 0.547197, -0.454544) (-0.0161225, 0.208887, -0.0415245) (0.914693, -0.00612211, -0.337079) (0.848484, 0.205185, -0.54396) 


# Original Graph 53 in [50, 75)
14 vertices
0 1
0 2
0 3
0 4
0 5
0 6
0 7
1 7
1 8
1 3
1 2
2 3
3 8
4 8
4 9
5 9
5 10
6 10
6 11
6 7
7 8
9 12
10 13
11 13
11 12
12 13

# Unit Distance Graph 53
14 vertices
0 4
0 9
0 12
0 11
0 6
0 7
0 8
1 5
1 10
1 13
1 12
1 9
2 11
2 12
2 13
3 6
3 11
3 13
3 10
4 7
4 6
5 8
5 7
6 8
7 9
8 10

# Embedding 53 (with cost 9.47712e-15)
(0.526288, -0.178966, 0.324977) (-0.293708, 0.0552917, 0.229494) (-0.0550864, -0.219677, 0.350933) (-0.23908, -0.393214, 0.149512) (-0.097573, -0.551198, -0.362221) (0.645764, -0.169655, -0.0289455) (0.0698839, 0.433785, -0.320183) (-0.167594, 0.408783, -0.0910492) (-0.295159, -0.482894, -0.15757) (0.103235, -0.441555, -0.542244) (0.561026, 0.0169989, -0.288158) (0.166978, 0.241058, -0.508375) (0.190639, -0.166044, -0.616921) (0.3712, 0.0347138, -0.517148) 


# Original Graph 54 in [50, 75)
14 vertices
0 1
0 2
0 3
0 4
0 5
1 6
1 7
2 7
2 8
2 9
3 9
3 10
4 11
4 5
5 12
6 12
6 10
6 7
7 13
7 8
8 13
8 9
9 13
9 10
10 11
11 12

# Unit Distance Graph 54
14 vertices
0 6
0 7
0 13
0 9
0 10
1 3
1 10
1 9
2 6
2 10
2 11
2 12
3 7
3 6
4 7
4 8
4 13
5 8
5 9
5 13
6 9
7 11
7 10
8 12
8 11
9 12

# Embedding 54 (with cost 5.98394e-15)
(-0.207024, -0.483112, -0.429934) (0.352762, 0.0778932, -0.532052) (-0.342138, -0.00606693, -0.366074) (-0.0977079, -0.183944, 0.321481) (0.191652, -0.570137, -0.0543197) (0.128237, -0.565218, -0.349433) (0.656053, 0.00686186, -0.307358) (0.334055, 0.357329, -0.400048) (-0.134341, 0.372739, -0.122964) (-0.0707395, 0.0962564, 0.373658) (0.2423, -0.207683, 0.419917) (0.353311, -0.433744, 0.211371) (0.613165, -0.278841, -0.252103) (0.141979, 0.420492, -0.181545) 


# Original Graph 55 in [50, 75)
14 vertices
0 1
0 2
0 3
0 4
1 5
1 6
2 6
2 7
2 8
3 8
3 9
4 10
4 11
5 12
5 9
5 6
6 8
6 13
7 13
7 8
8 13
8 9
9 10
10 12
10 11
11 12

# Unit Distance Graph 55
14 vertices
0 5
0 6
0 8
0 9
1 3
1 9
1 8
2 5
2 9
2 10
2 12
3 6
3 5
4 6
4 13
4 8
5 8
6 10
6 9
7 10
7 11
7 12
8 12
8 11
10 13
11 13

# Embedding 55 (with cost 6.9977e-15)
(0.363465, -0.197852, -0.340989) (-0.0272968, -0.772863, 0.056814) (0.575146, -0.317254, -0.0127901) (0.17342, 0.172945, 0.312081) (0.0309051, -0.117869, -0.333017) (-0.335055, -0.679218, 0.188498) (0.0556928, -0.817718, 0.380844) (0.503459, -0.373069, 0.379682) (0.25655, -0.00789739, 0.634965) (-0.205365, 0.147289, 0.405543) (-0.353994, 0.0418229, 0.0753174) (-0.29089, -0.157778, -0.188348) (-0.422733, -0.380483, 0.00270415) (0.27211, -0.60981, 0.503532) 


# Original Graph 56 in [50, 75)
14 vertices
0 1
0 2
0 3
0 4
0 5
0 6
1 6
1 7
1 2
2 8
2 9
3 9
3 10
4 10
4 11
4 12
4 5
5 12
6 11
6 10
7 9
7 13
8 13
8 9
9 13
11 12

# Unit Distance Graph 56
14 vertices
0 1
0 7
0 9
0 3
0 10
0 6
1 4
1 10
1 3
2 4
2 11
2 6
2 10
3 6
4 8
4 13
4 7
5 7
5 13
5 9
6 9
8 12
8 11
9 11
9 12
12 13

# Embedding 56 (with cost 9.44094e-15)
(0.449831, 0.435155, 0.516476) (0.388505, -0.262483, -0.197344) (0.315635, -0.0131348, 0.640979) (-0.438005, 0.0432519, 0.275314) (-0.165868, 0.552483, -0.0285222) (0.280074, 0.592566, 0.220326) (0.331467, -0.0339881, -0.358678) (0.202714, -0.376967, -0.0120977) (0.093935, -0.235637, 0.529483) (-0.318203, -0.191616, 0.385017) (-0.410722, 0.295221, 0.0267135) (0.208944, 0.314031, -0.297946) (0.157004, 0.558199, -0.0753692) (0.0561528, -0.38155, 0.251282) 


# Original Graph 57 in [50, 75)
14 vertices
0 1
0 2
0 3
0 4
0 5
0 6
1 6
1 2
2 6
2 7
3 7
3 8
4 8
4 9
4 10
5 10
5 11
6 11
7 11
7 8
8 12
9 12
9 13
10 13
10 11
12 13

# Unit Distance Graph 57
14 vertices
0 7
0 8
0 12
0 13
0 10
0 11
1 9
1 13
1 12
2 4
2 10
2 13
2 9
3 5
3 11
3 10
4 7
4 11
4 6
5 8
5 7
6 9
6 12
6 8
7 10
8 11

# Embedding 57 (with cost 9.44837e-15)
(0.37125, -0.96584, 0.251806) (0.256815, -0.856267, -0.330748) (0.454019, -0.606494, -0.484422) (0.687035, -0.29155, -0.145388) (0.338511, -0.547506, 0.507131) (-0.269048, -0.529461, 0.0257949) (-0.0235599, -0.725655, -0.407838) (0.5842, -0.252982, -0.416391) (0.598342, -0.0358323, -0.0371856) (0.215449, -0.143074, 0.368998) (-0.286775, -0.233999, 0.0745702) (-0.298581, -0.421607, -0.253305) (0.360737, 0.0263705, 0.127675) (-0.0358861, -0.0545409, 0.190368) 


# Original Graph 58 in [50, 75)
14 vertices
0 1
0 2
0 3
0 4
0 5
1 6
1 7
2 7
2 8
2 9
2 3
3 9
4 8
4 10
5 10
5 11
6 11
6 12
6 13
6 7
7 8
8 10
8 9
10 13
11 12
12 13

# Unit Distance Graph 58
14 vertices
0 6
0 7
0 8
0 10
0 13
1 4
1 10
1 8
2 5
2 11
2 12
2 13
2 10
3 6
3 13
3 12
4 7
4 6
5 8
5 7
6 8
6 9
7 10
8 11
9 12
9 11

# Embedding 58 (with cost 9.6202e-15)
(0.206946, -0.513324, 0.38248) (-0.151951, -0.204107, -0.302082) (0.490377, -0.192313, -0.323818) (0.493372, -0.377491, 0.114265) (0.402202, 0.247445, 0.397215) (-0.118955, -0.291542, 0.462865) (-0.34056, 0.0448551, -0.240957) (0.0566878, -0.0522371, -0.492061) (0.518259, 0.401844, 0.126452) (0.632822, -0.0228885, -0.0220064) (0.178828, 0.485468, 0.342179) (-0.323218, -0.123298, 0.253505) (-0.340626, 0.173935, 0.0948661) (-0.107879, 0.41736, 0.196171) 


# Original Graph 59 in [50, 75)
14 vertices
0 1
0 2
0 3
0 4
0 5
0 6
0 7
1 8
1 9
1 2
2 10
3 11
3 4
4 11
4 12
5 12
5 6
6 9
6 13
6 7
7 8
8 13
9 13
10 12
10 11
11 12

# Unit Distance Graph 59
14 vertices
0 1
0 2
0 10
0 12
0 5
0 6
0 9
1 5
1 12
1 4
2 6
2 5
3 6
3 13
3 9
4 9
4 13
4 8
6 11
6 10
7 10
7 11
7 12
8 12
8 11
11 13

# Embedding 59 (with cost 9.34438e-15)
(0.159091, 0.151825, 1.00281) (0.261933, 0.86843, 0.312956) (-0.030864, 0.876259, 0.340155) (-0.127252, 0.179197, 0.875465) (-0.340227, 0.127671, 0.610747) (0.0630165, -0.0706335, 0.0326143) (0.402019, 0.025904, 0.0409745) (0.551203, 0.2414, 0.586926) (0.569183, 0.463452, 0.365339) (0.412105, 0.58752, 0.139009) (-0.287513, 0.703013, 0.298015) (-0.425516, 0.408237, 0.452078) (-0.32317, 0.0784102, 0.129865) (0.510257, 0.304084, 0.115211) 


# Original Graph 60 in [50, 75)
14 vertices
0 1
0 2
0 3
0 4
1 5
1 3
1 6
1 7
2 7
2 8
3 9
3 6
3 10
4 11
4 12
5 12
5 11
5 13
5 10
6 9
7 8
8 9
10 13
10 11
11 13
11 12

# Unit Distance Graph 60
14 vertices
0 1
0 3
0 10
0 5
1 4
1 11
1 10
1 3
2 5
2 10
2 13
3 5
3 12
3 4
4 6
5 9
5 8
6 12
6 11
7 10
7 11
7 13
8 13
8 11
9 11
9 12

# Embedding 60 (with cost 9.78997e-15)
(0.284323, 0.809843, 0.323081) (-0.280453, 0.288689, -0.316784) (0.206942, 0.5435, 0.399825) (0.67093, 0.0238983, -0.159441) (0.361847, 0.94419, 0.0804171) (-0.10701, 0.516717, -0.549236) (0.261815, -0.0412958, -0.0567397) (-0.0431155, 0.31496, 0.223437) (0.235107, 0.253861, 0.352907) (0.389474, 0.0517758, 0.183794) (0.712673, 0.312535, -0.431373) (0.534373, 0.864948, -0.379904) (0.275299, 0.935658, -0.269766) (0.546134, 0.578771, -0.540231) 


# Original Graph 61 in [50, 75)
14 vertices
0 1
0 2
0 3
0 4
0 5
1 6
1 2
2 7
3 7
3 8
3 9
3 10
3 11
4 11
4 5
5 12
6 13
6 9
6 8
7 8
8 9
10 13
10 11
11 13
11 12
12 13

# Unit Distance Graph 61
14 vertices
0 3
0 10
0 13
0 6
0 9
1 3
1 11
1 10
2 10
2 11
2 13
3 6
3 13
3 12
3 5
4 6
4 8
4 9
5 9
5 8
6 11
7 11
7 12
7 13
8 12
8 11

# Embedding 61 (with cost 9.05381e-15)
(-0.13577, 0.0732495, -0.101892) (-0.141749, 0.141936, 0.281889) (0.0656259, 0.350678, 0.129974) (0.841696, 0.0888705, 0.108624) (0.208783, -0.366354, -0.180954) (-0.079405, -0.241769, -0.096927) (0.184835, -0.20049, 0.804904) (0.394669, 0.414726, 0.261092) (0.509812, 0.282743, 0.517655) (0.454473, 0.0289727, 0.704118) (0.660229, -0.450086, 0.202255) (0.516524, -0.515814, -0.0842267) (0.0427299, -0.512115, 0.130311) (0.226044, -0.497047, 0.635571) 


# Original Graph 62 in [50, 75)
14 vertices
0 1
0 2
0 3
0 4
0 5
1 6
1 7
2 7
2 8
2 3
3 8
3 9
3 10
3 11
4 11
4 10
4 12
4 5
5 12
6 13
6 9
6 7
8 9
10 13
10 11
12 13

# Unit Distance Graph 62
14 vertices
0 3
0 10
0 13
0 6
0 9
1 3
1 11
1 10
2 4
2 12
2 13
2 10
3 6
3 13
3 12
3 5
4 8
4 9
4 6
4 7
5 9
5 8
6 11
7 10
7 11
8 12

# Embedding 62 (with cost 9.59684e-15)
(-0.443283, -0.207913, -0.581187) (-0.453485, -0.045606, -0.192138) (-0.606976, 0.411751, -0.378216) (-0.197134, 0.747416, -0.744769) (0.204024, -0.0620934, -0.721364) (-0.0366675, -0.228366, -0.596108) (-0.051767, 0.341043, 0.157301) (-0.506139, 0.27769, -0.104747) (-0.384252, 0.696326, -0.440773) (-0.179663, 0.640368, -0.121921) (0.373129, 0.369488, -0.572146) (0.190591, 0.404276, -0.810823) (0.28215, -0.0458221, -0.369188) (0.327794, 0.200448, -0.0926359) 


# Original Graph 63 in [50, 75)
14 vertices
0 1
0 2
0 3
0 4
0 5
0 6
1 7
1 8
1 2
2 9
2 10
3 10
3 11
4 11
4 9
5 9
5 12
6 12
6 7
7 13
7 8
8 13
8 12
9 10
10 11
12 13

# Unit Distance Graph 63
14 vertices
0 1
0 2
0 9
0 5
0 12
0 8
1 5
1 9
1 4
2 6
2 12
2 5
3 8
3 12
3 13
4 8
4 7
6 10
6 9
7 9
7 10
7 11
8 11
10 13
10 12
11 13

# Embedding 63 (with cost 9.57464e-15)
(-0.663126, -0.281952, 0.0110837) (0.229749, -0.112135, 0.428141) (0.25026, 0.0795696, 0.198246) (-0.392233, -0.0443528, -0.189468) (-0.140104, -0.293618, -0.483052) (0.144888, -0.767893, -0.322046) (-0.545881, -0.525524, 0.20277) (-0.0941476, -0.604451, 0.466301) (0.204712, -0.574654, 0.41256) (0.173245, -0.500439, -0.491657) (0.113456, 0.104124, -0.208104) (-0.142164, -0.0146983, -0.339854) (0.13413, -0.882719, -0.0477503) (0.11895, -0.796636, 0.226179) 


# Original Graph 64 in [50, 75)
14 vertices
0 1
0 2
0 3
0 4
0 5
0 6
1 7
1 8
1 9
2 10
2 3
3 10
3 4
4 11
5 11
5 12
5 13
5 6
6 7
7 13
7 8
8 12
9 11
9 10
10 11
12 13

# Unit Distance Graph 64
14 vertices
0 1
0 9
0 11
0 5
0 12
0 8
1 5
1 11
1 4
2 5
2 13
2 12
3 7
3 8
3 12
3 13
4 8
4 7
5 10
5 9
6 9
6 10
6 11
7 11
7 10
10 13

# Embedding 64 (with cost 9.03788e-15)
(0.246241, -0.178955, 0.34941) (0.422511, 0.653813, -0.1754) (0.484662, -0.178503, 0.19551) (0.765889, -0.122627, 0.205608) (0.890872, 0.0160145, 0.436034) (0.695014, 0.601167, 0.785314) (0.0535584, 0.157033, 0.466011) (0.0391116, 0.538179, 0.393039) (0.350593, 0.778293, 0.0796214) (0.695538, 0.516707, -0.211113) (0.836182, 0.267233, -0.146652) (1.01027, 0.416401, 0.598015) (0.429412, 0.803807, 0.374439) (0.438545, 0.706425, 0.65895) 


# Original Graph 65 in [50, 75)
14 vertices
0 1
0 2
0 3
0 4
0 5
0 6
0 7
1 7
1 8
2 8
2 9
2 10
3 10
3 11
3 4
4 5
5 6
6 11
7 11
7 12
8 12
8 13
8 9
9 13
10 11
12 13

# Unit Distance Graph 65
14 vertices
0 2
0 10
0 11
0 7
0 12
0 13
0 9
1 3
1 11
1 10
2 7
2 11
2 6
3 8
3 12
3 7
4 8
4 13
4 12
5 8
5 9
5 13
6 9
6 8
7 10
8 11

# Embedding 65 (with cost 9.63896e-15)
(-0.564953, 0.231971, 0.316838) (-0.249135, -0.258176, 0.284457) (-0.283977, -0.185438, -0.547351) (-0.425397, 0.378026, -0.466661) (-0.490313, 0.459911, -0.183778) (-0.362659, 0.524444, 0.0692582) (-0.0141388, 0.561551, 0.0602639) (0.402747, 0.204304, 0.0662545) (-0.0858142, -0.434465, 0.00719825) (-0.105411, -0.340037, -0.362595) (-0.299424, 0.118419, -0.640555) (0.312944, 0.476922, -0.0946193) (0.330684, -0.0805245, 0.000322744) (0.138082, -0.316504, -0.135839) 


# Original Graph 66 in [50, 75)
14 vertices
0 1
0 2
0 3
0 4
0 5
1 5
1 6
1 3
1 7
2 8
2 9
3 10
3 6
3 11
4 11
4 5
5 11
6 11
7 12
7 13
7 8
8 9
9 13
9 10
10 12
12 13

# Unit Distance Graph 66
14 vertices
0 1
0 7
0 12
0 10
0 3
1 3
1 10
1 9
1 2
2 3
2 6
3 8
3 7
4 7
4 13
4 12
5 9
5 10
5 12
5 13
6 9
6 8
7 11
8 11
9 11
11 13

# Embedding 66 (with cost 8.76376e-15)
(0.356537, -0.497349, 0.287882) (-0.0078358, -0.110371, -0.55916) (0.0513495, -0.548831, 0.337639) (0.168555, -1.09249, -0.49344) (0.53274, -0.52426, 0.0347192) (0.508007, -0.327288, -0.193374) (0.339008, -0.663395, -0.613217) (-0.316479, -0.223111, -0.399026) (-0.244378, -0.476169, 0.177104) (-0.332913, -0.768549, 0.119902) (-0.122118, -1.08462, -0.364805) (0.525338, -0.762843, -0.393295) (-0.335351, -0.842412, -0.346328) (-0.440334, -0.643064, -0.162795) 


# Original Graph 67 in [50, 75)
14 vertices
0 1
0 2
0 3
0 4
0 5
1 6
1 7
1 8
2 9
2 3
3 9
3 10
4 10
4 7
4 11
4 12
5 12
5 6
6 12
6 11
7 11
8 10
8 13
8 9
9 13
10 13

# Unit Distance Graph 67
14 vertices
0 1
0 8
0 10
0 4
0 7
1 4
1 10
1 3
2 4
2 11
2 7
3 7
3 11
3 6
4 9
4 8
5 8
5 13
5 10
6 10
6 13
6 9
8 12
9 12
9 11
12 13

# Embedding 67 (with cost 9.45243e-15)
(-0.929678, -0.241464, 0.333164) (-0.0480656, -0.219461, -0.138296) (-0.905046, 0.00254496, 0.174462) (-0.827745, 0.2623, 0.26171) (-0.129009, 0.148419, 0.788047) (-0.723204, -0.41241, 0.453849) (-0.244776, -0.526158, 0.457874) (0.068192, -0.17856, 0.315913) (-0.147948, 0.0675651, -0.208499) (-0.559151, 0.234079, -0.110641) (-0.261745, 0.468989, 0.554796) (-0.0296741, -0.242002, 0.5915) (-0.357597, -0.350009, 0.675627) (-0.288854, 0.333527, -0.0510451) 


# Original Graph 68 in [50, 75)
14 vertices
0 1
0 2
0 3
0 4
0 5
0 6
0 7
1 7
1 8
1 2
2 8
2 9
2 3
3 10
4 11
4 5
5 12
6 13
6 7
7 9
7 8
8 9
10 13
10 11
11 12
12 13

# Unit Distance Graph 68
14 vertices
0 2
0 3
0 10
0 13
0 6
0 7
0 9
1 10
1 11
1 12
1 13
2 6
2 13
2 12
2 5
3 7
3 6
4 7
4 8
4 9
5 9
5 8
7 11
7 10
8 12
8 11

# Embedding 68 (with cost 9.87643e-15)
(-0.0222534, 1.00105, 0.509376) (0.303748, 0.461101, 0.712024) (0.110155, 0.0847695, 0.131355) (-0.14675, 0.135941, 0.0234856) (-0.282737, 0.913219, 0.417846) (-0.503842, 0.770733, 0.521818) (-0.383952, 0.203747, 0.992577) (-0.0738628, 0.143271, 1.0208) (0.211732, 0.113275, 0.757831) (0.152316, 0.0164611, 0.4988) (-0.428596, 0.190791, 0.0870396) (-0.546524, 0.427758, 0.186737) (-0.683645, 0.513542, 0.562674) (-0.678871, 0.275498, 0.715358) 


# Original Graph 69 in [50, 75)
14 vertices
0 1
0 2
0 3
0 4
0 5
0 6
1 7
1 8
2 9
2 3
3 9
3 10
4 10
4 5
5 10
5 11
5 12
5 6
6 12
6 7
7 11
7 8
8 13
9 13
10 13
11 12

# Unit Distance Graph 69
14 vertices
0 5
0 11
0 7
0 8
0 13
0 10
1 4
1 5
1 10
2 5
2 12
2 11
3 6
3 7
3 11
3 12
4 8
4 7
5 9
5 13
5 8
6 10
6 13
6 9
7 10
9 12

# Embedding 69 (with cost 9.25951e-15)
(-0.594709, 0.0453424, -0.558583) (-0.560128, 0.45747, -0.0830429) (-0.731664, -0.149935, -0.177225) (-0.566247, -0.379811, 0.109855) (0.0289154, -0.350624, -0.0862731) (0.261485, -0.112338, -0.0665776) (-0.0122495, 0.32238, -0.337375) (-0.244151, 0.560006, 0.223869) (-0.496577, 0.356621, 0.386656) (-0.688154, -0.127457, 0.246405) (-0.274386, -0.439036, 0.255525) (0.0312597, 0.421923, 0.124315) (0.170397, 0.269998, -0.0775085) (-0.582482, 0.0604435, 0.441228) 


# Original Graph 70 in [50, 75)
14 vertices
0 1
0 2
0 3
0 4
0 5
0 6
1 7
1 8
1 2
2 8
3 9
3 4
4 9
4 10
4 5
5 11
5 12
6 12
6 13
7 13
7 9
8 9
10 12
10 11
11 12
12 13

# Unit Distance Graph 70
14 vertices
0 4
0 10
0 12
0 13
0 7
0 9
1 4
1 5
1 11
1 10
2 10
2 11
2 12
3 6
3 13
3 12
4 7
4 13
4 6
5 8
5 9
5 7
6 9
8 12
8 11
9 12

# Embedding 70 (with cost 9.17501e-15)
(-0.1675, 0.108674, -0.623197) (-0.473579, -0.125541, -0.09546) (-0.31461, 0.0696174, -0.234684) (0.288968, -0.222184, 0.0143576) (0.462487, -0.47692, -0.113104) (0.234792, -0.494784, -0.697015) (-0.401368, -0.602963, -0.600821) (-0.52312, -0.63757, -0.0604771) (-0.197331, -0.124018, 0.125057) (0.01529, -0.318146, 0.262473) (0.318277, -0.702139, -0.296698) (0.138695, -0.754281, -0.57484) (-0.232802, -0.884215, -0.523667) (-0.465825, -0.792713, -0.309346) 


# Original Graph 71 in [50, 75)
14 vertices
0 1
0 2
0 3
0 4
0 5
0 6
1 7
1 2
2 7
2 8
3 9
3 10
4 11
4 12
5 12
5 7
5 13
5 6
6 13
6 7
7 13
8 11
8 9
9 10
10 11
11 12

# Unit Distance Graph 71
14 vertices
0 2
0 8
0 11
0 12
0 5
0 7
1 4
1 12
1 11
2 5
2 12
2 4
3 5
3 13
3 7
4 7
5 9
5 8
6 8
6 9
6 10
6 11
7 11
7 10
9 13
10 13

# Embedding 71 (with cost 9.81361e-15)
(-0.484601, -0.219739, -0.20671) (-0.808315, 0.200992, 0.414647) (-0.664443, 0.455261, 0.508855) (-0.240837, 0.122085, -0.149818) (0.136321, -0.0988372, 0.281362) (-0.129944, -0.363849, 0.717114) (-0.602814, -0.400511, 0.44881) (-0.749404, 0.0790666, 0.71013) (-0.335228, 0.561739, 0.399079) (-0.189494, 0.46168, 0.155905) (0.0441961, 0.297655, 0.142311) (0.191497, 0.204666, 0.395596) (0.0886527, -0.194471, 0.612278) (-0.517815, -0.301286, 0.712759) 


# Original Graph 72 in [50, 75)
14 vertices
0 1
0 2
0 3
0 4
0 5
0 6
1 7
1 8
1 2
2 9
2 10
2 3
3 11
3 12
4 12
4 8
5 13
5 6
6 13
6 7
7 13
8 13
9 12
9 10
10 11
11 12

# Unit Distance Graph 72
14 vertices
0 1
0 2
0 9
0 12
0 4
0 8
1 4
1 12
1 3
2 5
2 13
2 8
2 4
3 8
3 13
3 7
5 10
5 9
6 9
6 10
6 11
6 12
7 12
7 11
10 13
11 13

# Embedding 72 (with cost 9.5546e-15)
(-0.293433, 0.213757, 0.432739) (0.390324, 0.601075, -0.185695) (0.613977, 0.554979, 0.187435) (0.227403, 0.0999897, 0.664228) (0.357733, -0.386462, -0.0317175) (-0.306462, 0.167315, 0.137352) (-0.216064, 0.259354, -0.121064) (0.0222642, 0.403576, -0.26623) (0.242243, -0.251868, -0.271708) (0.674575, 0.0243244, 0.268196) (0.658866, 0.301336, 0.361363) (0.501862, 0.0962309, 0.555673) (0.538529, -0.299704, 0.222511) (0.00437685, -0.0740885, -0.294915) 


# Original Graph 73 in [50, 75)
14 vertices
0 1
0 2
0 3
0 4
0 5
0 6
0 7
0 8
1 8
1 9
1 2
2 10
2 3
3 11
4 11
4 6
4 5
5 6
6 12
7 12
7 8
8 13
9 13
9 10
10 13
11 12

# Unit Distance Graph 73
14 vertices
0 2
0 3
0 11
0 12
0 7
0 8
0 13
0 10
1 4
1 6
1 12
1 11
2 7
2 12
2 6
3 8
3 7
4 9
4 13
4 8
5 9
5 10
5 13
6 10
6 9
8 11

# Embedding 73 (with cost 9.38645e-15)
(0.511342, 0.0400506, 0.345863) (0.0914361, 0.190629, 0.839498) (0.0333161, -0.41578, 1.09667) (0.0783955, -0.645698, 0.930932) (0.174598, -0.667641, 0.333082) (0.253692, -0.439615, 0.171599) (-0.0249886, -0.472358, 0.0999746) (-0.475252, -0.113456, 0.290468) (-0.474819, 0.0722841, 0.508492) (-0.152218, 0.0587762, 0.937656) (-0.151579, -0.20195, 1.05436) (0.0245174, -0.785292, 0.63189) (-0.36892, -0.404949, 0.181197) (-0.391037, 0.0275756, 0.776625) 


# Original Graph 74 in [50, 75)
14 vertices
0 1
0 2
0 3
0 4
0 5
0 6
1 6
1 7
1 2
2 8
2 9
2 3
3 10
3 11
4 11
4 7
5 12
5 13
6 13
6 12
7 12
8 11
8 10
8 9
9 10
12 13

# Unit Distance Graph 74
14 vertices
0 1
0 2
0 8
0 11
0 4
0 7
1 4
1 11
1 3
2 5
2 12
2 7
2 4
3 7
3 12
3 6
5 9
5 8
6 11
6 8
6 10
8 13
9 13
9 12
10 12
10 13

# Embedding 74 (with cost 9.69149e-15)
(-0.320311, -0.642703, -0.332563) (0.478544, -0.0792693, -0.543213) (0.452964, -0.0240645, -0.193522) (-0.278312, -0.276672, 0.0798452) (-0.428996, 0.337957, -0.495328) (-0.323586, -0.502947, -0.602962) (0.133783, -0.257039, -0.831085) (-0.318393, 0.259883, -0.763067) (-0.108406, 0.285499, -0.0267231) (0.20528, 0.104066, -0.0098046) (-0.0980339, 0.0159951, 0.102571) (-0.360679, 0.348644, -0.207662) (-0.271995, -0.00313398, -0.881995) (-0.180199, -0.278046, -0.849683) 
