

# Original Graph 425 in [425, 450)
14 vertices
0 1
0 2
0 3
1 4
1 5
1 6
2 6
2 7
3 7
3 8
3 5
3 9
4 9
4 10
4 11
5 12
5 13
5 6
6 8
7 8
9 13
10 13
10 12
10 11
11 12
12 13

# Unit Distance Graph 425
14 vertices
0 5
0 13
0 12
1 3
1 9
1 13
1 5
2 10
2 12
2 13
3 5
3 12
3 11
3 4
4 5
4 6
4 8
5 9
6 10
6 13
6 9
7 10
7 11
7 12
8 11
8 10

# Embedding 425 (with cost 8.90639e-15)
(-0.0751505, -0.272549, 0.295629) (0.192949, -0.290428, 0.0814666) (-0.264016, -0.092402, 0.437853) (-0.781472, -0.0662801, 0.0976495) (0.132276, -0.316284, -0.222605) (-0.107647, 0.6464, -0.0974053) (-0.155887, 0.377813, 0.437086) (-0.574919, -0.0159394, 0.353256) (-0.409639, 0.220039, 0.424455) (-0.750052, -0.113051, -0.200111) (-0.124684, 0.121521, -0.52901) (0.0913339, -0.0716038, -0.39039) (-0.0819166, 0.482862, -0.359587) (-0.458344, 0.198297, -0.49902) 


# Original Graph 426 in [425, 450)
14 vertices
0 1
0 2
0 3
1 4
1 5
2 6
2 7
2 8
2 9
2 3
3 10
4 11
4 12
5 13
5 8
5 6
6 8
6 7
7 8
8 13
8 9
9 13
9 12
9 10
10 11
11 12

# Unit Distance Graph 426
14 vertices
0 8
0 9
0 13
1 2
1 9
1 8
2 5
2 13
2 9
2 12
2 4
3 5
3 8
3 13
4 8
4 7
5 10
5 9
6 9
6 10
6 11
6 12
7 12
7 11
8 11
8 10

# Embedding 426 (with cost 9.81098e-15)
(-0.492445, -0.365871, -0.073293) (-0.892263, -0.140976, -0.252663) (-0.276974, -0.492911, 0.452717) (-0.169935, -0.220712, 0.201436) (-0.721804, 0.12215, -0.198302) (-1.15942, -0.237402, 0.0577344) (-1.03036, -0.432887, 0.417127) (-0.764782, -0.452287, 0.619118) (-1.00139, -0.0829027, 0.739667) (-0.582622, 0.458677, 0.485266) (-0.213642, 0.0756437, 0.144422) (-0.438695, 0.245035, -0.0191687) (-0.570828, 0.420612, 0.171423) (-0.995634, 0.188906, 0.589295) 


# Original Graph 427 in [425, 450)
14 vertices
0 1
0 2
0 3
1 3
1 4
1 5
2 6
2 7
3 8
3 9
3 10
4 10
4 5
5 10
5 6
6 10
7 11
7 12
7 13
8 13
8 9
9 12
9 11
9 10
10 11
12 13

# Unit Distance Graph 427
14 vertices
0 9
0 10
0 11
1 7
1 12
1 9
1 11
2 3
2 10
2 9
3 7
3 11
3 10
3 6
4 7
4 13
4 12
5 8
5 9
5 12
5 13
6 9
6 8
7 10
8 10
10 13

# Embedding 427 (with cost 9.45866e-15)
(-0.308011, 0.00930223, -0.252274) (-0.381563, 0.107109, 0.0167737) (-0.102734, -0.660946, -0.203974) (-0.00306569, 0.329194, -0.302412) (-0.211973, -0.0503773, 0.393377) (-0.384168, -0.246598, 0.271794) (-0.280576, -0.535993, 0.115249) (0.187787, -0.652414, -0.297813) (0.225451, 0.1403, -0.420069) (0.592316, -0.0522055, 0.178572) (0.283399, -0.120515, 0.543579) (0.475837, -0.349237, 0.25471) (0.425392, -0.393539, -0.296555) (0.301079, -0.186853, -0.454061) 


# Original Graph 428 in [425, 450)
14 vertices
0 1
0 2
0 3
0 4
1 5
1 2
2 6
2 7
3 7
3 4
4 8
4 5
5 9
5 10
5 11
5 6
6 12
6 7
8 12
8 13
8 9
9 10
10 13
10 11
11 12
12 13

# Unit Distance Graph 428
14 vertices
0 10
0 11
0 12
0 13
1 8
1 13
1 12
2 8
2 9
2 10
2 13
3 5
3 11
3 10
4 5
4 6
4 12
4 11
5 8
5 12
5 6
5 7
6 9
6 8
7 10
7 9

# Embedding 428 (with cost 8.65894e-15)
(0.0528783, -0.490934, -0.0719462) (-0.0248626, -0.157741, -0.405494) (-0.239423, -0.489162, -0.157945) (0.0369531, -0.50321, 0.224208) (0.270163, -0.293856, 0.358077) (-0.0207932, 0.254295, -0.426062) (-0.703271, -0.191092, 0.153467) (-0.360247, -0.506385, 0.127234) (0.172982, 0.0941449, 0.541823) (0.1274, 0.361969, 0.217579) (-0.15235, 0.471528, 0.105672) (-0.422923, 0.374122, 0.0870848) (-0.652105, 0.0918327, 0.332259) (-0.255061, 0.303654, 0.451315) 


# Original Graph 429 in [425, 450)
14 vertices
0 1
0 2
0 3
1 3
1 4
1 5
2 5
2 6
3 6
3 7
4 8
4 9
4 10
5 10
5 11
5 12
5 13
6 13
6 7
7 13
8 13
8 12
8 9
9 12
9 11
10 11

# Unit Distance Graph 429
14 vertices
0 8
0 9
0 12
1 5
1 13
1 8
1 12
2 4
2 9
2 8
3 5
3 12
3 9
3 11
4 6
4 13
4 5
5 8
5 13
5 7
6 10
6 11
6 9
7 11
7 10
10 13

# Embedding 429 (with cost 8.86767e-15)
(0.0131201, -0.0874215, -0.2717) (-0.0184116, 0.311112, -0.483588) (0.210971, -0.161337, 0.200638) (0.20393, -0.199286, -0.486175) (0.17639, 0.602517, -0.443824) (0.340391, 0.159113, 0.437366) (0.411262, -0.352701, -0.263839) (0.622716, -0.245724, -0.432346) (0.966003, 0.207836, -0.341245) (0.747818, 0.586114, -0.190656) (0.232125, 0.620773, -0.121507) (0.430227, 0.578477, 0.100233) (0.850375, 0.383459, 0.00628496) (0.886223, -0.0969025, -0.360458) 


# Original Graph 430 in [425, 450)
14 vertices
0 1
0 2
0 3
1 4
1 5
2 6
2 7
2 8
3 8
3 9
3 10
4 10
4 9
4 8
5 8
5 7
5 11
6 11
6 12
7 12
7 13
7 8
8 9
9 10
11 13
12 13

# Unit Distance Graph 430
14 vertices
0 5
0 7
0 8
1 2
1 8
1 7
2 5
2 8
2 4
3 5
3 11
3 13
3 7
4 7
4 12
4 6
5 8
6 8
6 9
7 10
8 11
9 12
9 13
9 11
10 13
10 12

# Embedding 430 (with cost 9.98201e-15)
(-0.0960655, 0.127127, 0.55957) (-0.122519, 0.848303, -0.000332569) (-0.275663, -0.0490688, 0.413517) (0.188336, 0.184846, 0.465067) (0.164637, 0.75795, 0.0199978) (-0.309661, 0.737177, -0.203461) (-0.449652, -0.0128915, 0.188678) (-0.219189, -0.0561788, -0.415746) (0.423765, 0.0632391, -0.292307) (0.481583, 0.303869, 0.00849864) (0.358803, 0.466552, 0.210895) (-0.473223, 0.498659, -0.216006) (-0.460196, -0.0128285, -0.104438) (-0.468663, 0.209668, -0.288415) 


# Original Graph 431 in [425, 450)
14 vertices
0 1
0 2
0 3
1 4
1 5
2 6
2 7
2 8
2 3
3 8
3 9
4 9
4 10
4 8
5 11
5 12
6 12
6 13
7 13
7 12
7 11
7 8
8 11
8 10
9 10
12 13

# Unit Distance Graph 431
14 vertices
0 7
0 8
0 11
1 2
1 8
1 7
2 5
2 11
2 8
2 4
3 5
3 12
3 7
3 11
4 7
4 13
4 6
5 8
6 8
6 10
7 9
8 12
9 12
9 13
10 13
10 12

# Embedding 431 (with cost 9.54706e-15)
(-0.326137, -0.11162, -0.481148) (-0.382087, 0.392631, 0.0971434) (-0.0397729, -0.18865, -0.641053) (-0.317562, -0.364683, -0.328501) (-0.421243, 0.0477336, 0.252594) (-0.104636, 0.539864, 0.0409006) (0.110583, 0.0616189, -0.594146) (0.543823, 0.0300544, -0.00881597) (0.242765, -0.360574, 0.302671) (-0.409106, -0.255485, 0.0931271) (-0.18707, -0.287316, 0.294475) (0.335411, 0.159763, 0.217927) (0.177282, 0.496055, -0.209089) (0.313388, 0.227425, -0.401646) 


# Original Graph 432 in [425, 450)
14 vertices
0 1
0 2
0 3
0 4
1 4
1 5
2 6
2 7
2 8
3 8
3 9
4 9
4 10
4 8
5 8
5 11
5 12
6 12
6 13
7 11
7 8
8 10
9 10
11 13
11 12
12 13

# Unit Distance Graph 432
14 vertices
0 5
0 11
0 7
0 8
1 2
1 8
1 7
2 5
2 8
2 4
3 5
3 12
3 11
4 7
4 11
4 13
4 6
5 8
6 8
6 10
8 12
9 11
9 12
9 13
10 13
10 12

# Embedding 432 (with cost 8.10034e-15)
(0.376528, -0.578709, 0.485975) (-0.41629, -0.22471, 0.588752) (0.399192, -0.630745, 0.176291) (0.397939, -0.269571, 0.593304) (-0.199049, -0.0759268, 0.754464) (-0.522819, -0.244571, 0.20397) (0.161773, -0.619349, -0.00349329) (0.131095, 0.140162, -0.164399) (0.271794, 0.360979, 0.160373) (0.183919, -0.0308513, 0.703336) (0.169022, 0.228099, 0.527336) (-0.129754, -0.116859, -0.242292) (-0.345828, -0.392914, -0.0636576) (-0.0807046, -0.447476, -0.166375) 


# Original Graph 433 in [425, 450)
14 vertices
0 1
0 2
0 3
0 4
1 5
1 6
1 2
2 6
2 7
2 3
3 8
4 9
4 10
4 11
4 5
5 11
5 8
5 7
6 7
8 12
8 9
9 13
9 10
10 13
11 12
12 13

# Unit Distance Graph 433
14 vertices
0 5
0 8
0 12
0 11
1 8
1 9
1 13
1 12
2 4
2 11
2 12
2 13
2 10
3 4
3 5
3 11
4 8
4 5
4 7
5 9
5 8
6 9
6 10
6 13
7 10
7 9

# Embedding 433 (with cost 9.72935e-15)
(-0.376952, 0.361293, -0.556441) (-0.0822033, 0.803409, -0.38876) (0.370105, 0.478354, -0.261059) (0.380267, 0.224163, -0.123422) (-0.589231, 0.217306, -0.368425) (-0.241298, 0.897737, 0.276521) (0.117849, 0.827386, -0.181088) (-0.00205396, 0.894876, 0.0744311) (0.241022, 0.0299967, 0.156547) (-0.231887, -0.0782285, 0.0588005) (-0.531597, 0.0693701, -0.120824) (-0.359355, 0.643988, 0.402608) (-0.319578, 0.29631, 0.439795) (-0.412908, 0.0781772, 0.215122) 


# Original Graph 434 in [425, 450)
14 vertices
0 1
0 2
0 3
1 3
1 4
2 5
2 6
3 6
3 7
3 8
4 8
4 9
4 10
5 11
5 12
5 8
6 8
6 7
7 8
8 12
8 9
9 12
9 13
10 13
10 11
11 13

# Unit Distance Graph 434
14 vertices
0 8
0 9
0 12
1 5
1 8
1 12
2 4
2 9
2 8
3 5
3 12
3 9
3 13
3 11
4 6
4 8
4 5
5 8
6 10
6 13
6 9
7 10
7 11
7 13
8 11
8 10

# Embedding 434 (with cost 9.81357e-15)
(-0.375941, -0.00705405, -0.0531867) (-0.46538, -0.00609763, 0.354229) (0.0498617, -0.204309, -0.305061) (-0.618342, -0.19619, -0.0501643) (-0.295873, -0.099132, 0.627358) (0.369486, -0.349599, -0.0758942) (-0.37057, -0.396213, -0.324568) (-0.533807, -0.594615, -0.149757) (-0.365989, -0.982952, 0.164815) (-0.0117547, -0.71404, 0.553064) (-0.0137403, -0.141308, 0.574151) (0.342547, -0.279, 0.2141) (0.0815498, -0.83826, 0.262722) (0.196865, -0.381053, 0.498711) 


# Original Graph 435 in [425, 450)
14 vertices
0 1
0 2
0 3
1 3
1 4
1 5
2 6
2 4
2 3
3 4
4 6
4 7
4 5
5 8
5 6
6 9
7 9
7 10
7 11
7 8
8 12
9 13
10 13
10 11
11 12
12 13

# Unit Distance Graph 435
14 vertices
0 7
0 11
0 10
1 7
1 10
1 13
1 9
2 7
2 8
2 12
2 11
3 10
3 11
3 12
3 13
4 5
4 6
4 9
4 13
4 12
4 8
5 7
5 9
5 6
6 8
6 7

# WARNING!!: failed to find good embedding for graph 435!!!


# Original Graph 436 in [425, 450)
14 vertices
0 1
0 2
0 3
1 4
1 5
1 2
2 5
2 3
3 6
4 7
4 8
4 9
4 5
5 9
5 6
6 7
7 10
8 11
8 12
8 9
9 12
9 13
9 10
10 11
11 13
12 13

# Unit Distance Graph 436
14 vertices
0 9
0 13
0 12
1 9
1 10
1 11
1 13
2 8
2 12
2 13
2 11
3 8
3 9
3 12
4 5
4 6
4 7
4 10
4 9
5 8
5 11
5 10
5 7
6 9
6 8
7 9

# WARNING!!: failed to find good embedding for graph 436!!!


# Original Graph 437 in [425, 450)
14 vertices
0 1
0 2
0 3
1 3
1 4
2 5
2 3
3 6
4 6
4 7
5 8
5 6
6 9
7 9
7 10
7 8
8 11
8 9
9 11
9 12
9 13
9 10
10 13
10 11
11 12
12 13

# Unit Distance Graph 437
14 vertices
0 9
0 13
0 12
1 9
1 12
1 11
2 9
2 10
2 13
3 10
3 11
3 12
3 13
4 8
4 9
4 11
5 7
5 10
5 9
6 7
6 8
6 11
6 10
7 9
7 8
8 9

# Embedding 437 (with cost 9.4556e-15)
(0.239875, 0.549661, 0.310948) (0.446367, 0.369316, 0.157864) (0.0131712, 0.520938, 0.4952) (0.106595, 0.652371, 0.0829792) (0.529705, 0.107415, 0.0852438) (-0.168935, 0.34843, 0.631874) (-0.130313, 0.558617, -0.183524) (0.492035, -0.173693, 0.0928893) (-0.268178, 0.0875399, 0.687728) (-0.390634, 0.0769581, -0.30469) (0.258563, -0.335089, 0.0402271) (-0.345049, -0.133271, 0.505808) (-0.347707, -0.237545, 0.123721) (-0.125922, -0.312454, -0.0396934) 


# Original Graph 438 in [425, 450)
14 vertices
0 1
0 2
0 3
1 4
1 5
2 6
2 7
2 8
2 3
3 9
4 9
4 10
5 10
5 6
6 11
6 12
6 13
7 13
7 12
7 8
8 12
8 11
8 10
9 10
11 12
12 13

# Unit Distance Graph 438
14 vertices
0 8
0 11
0 12
1 7
1 8
1 12
2 5
2 6
2 11
2 8
2 10
3 6
3 12
3 11
4 7
4 12
4 13
5 8
5 7
6 9
6 10
6 8
7 10
9 13
9 12
10 13

# Embedding 438 (with cost 9.99101e-15)
(0.0334848, -0.130773, 0.45809) (-0.339391, 0.0449622, 0.564789) (0.189669, -0.562666, 0.249107) (0.181043, -0.158594, 0.21224) (-0.207994, 0.174122, 0.213567) (-0.618397, -0.083011, 0.591102) (-0.735229, -0.349852, 0.564183) (-0.158692, -0.817164, 0.0914106) (-0.486646, -0.201772, -0.393041) (0.000285732, 0.0788298, 0.0395416) (-0.369395, 0.0982652, -0.25151) (-0.722493, -0.413142, -0.132474) (-0.620612, -0.701144, -0.0387339) (-0.467239, -0.791497, 0.194303) 


# Original Graph 439 in [425, 450)
14 vertices
0 1
0 2
0 3
1 3
1 4
2 5
2 6
3 6
3 7
4 7
4 8
4 5
5 9
5 7
6 7
7 10
8 10
8 11
8 12
9 12
9 13
9 10
10 13
10 11
11 13
11 12

# Unit Distance Graph 439
14 vertices
0 10
0 11
0 13
1 9
1 10
1 13
2 8
2 11
2 10
3 9
3 13
3 11
3 12
4 5
4 7
4 10
4 9
5 8
5 10
5 7
6 8
6 12
6 11
7 9
7 12
7 8

# Embedding 439 (with cost 9.95566e-15)
(-0.237607, 0.802302, 0.592996) (0.0751647, 0.701189, 0.852553) (-0.346739, 0.725396, 0.280413) (-0.307692, 0.685928, 0.860273) (0.327468, 0.527147, 0.835594) (-0.248317, 0.543617, 0.0181588) (-0.553682, 0.516913, 0.756576) (-0.588481, 0.12666, 0.861032) (0.395974, 0.207846, 0.705288) (-0.115644, 0.2382, -0.0130295) (-0.360076, -0.185031, 0.693868) (0.186665, -0.0962993, 0.481154) (0.169504, 0.0953397, 0.209513) (-0.0917286, -0.16355, 0.378873) 


# Original Graph 440 in [425, 450)
14 vertices
0 1
0 2
0 3
1 4
1 5
1 6
2 6
2 7
2 8
3 8
3 4
4 7
5 9
5 10
6 11
6 12
6 7
7 9
7 8
9 12
9 13
10 13
10 11
11 13
11 12
12 13

# Unit Distance Graph 440
14 vertices
0 9
0 13
0 12
1 6
1 7
1 9
1 12
2 5
2 10
2 13
2 9
3 11
3 12
3 13
4 6
4 12
4 11
5 7
5 6
6 9
6 7
7 11
7 10
8 10
8 11
8 13

# Embedding 440 (with cost 9.38515e-15)
(-0.577782, -0.110013, 0.0437223) (-0.496995, -0.25936, -0.342758) (-0.3022, -0.122058, 0.523467) (-0.471292, 0.170266, 0.00371522) (-0.463132, 0.0477798, -0.25886) (-0.253309, -0.363045, -0.445829) (-0.0164873, -0.382621, 0.525527) (0.115683, 0.454957, -0.00456135) (-0.288054, 0.33553, 0.15214) (0.325673, 0.274189, -0.146431) (0.00050751, -0.471345, -0.363306) (0.228633, -0.519916, 0.187438) (0.400433, -0.311083, 0.0953607) (0.368106, -0.338991, -0.186201) 


# Original Graph 441 in [425, 450)
14 vertices
0 1
0 2
0 3
1 4
1 5
2 6
2 7
3 8
3 4
4 8
5 9
5 10
5 6
6 11
6 12
6 13
6 7
7 8
8 13
9 13
9 10
10 13
10 12
10 11
11 12
12 13

# Unit Distance Graph 441
14 vertices
0 10
0 12
0 13
1 6
1 13
1 12
2 9
2 10
2 13
3 10
3 11
3 12
4 6
4 12
4 11
5 6
5 7
5 8
5 13
6 9
6 13
6 8
7 10
7 9
8 11
8 10

# Embedding 441 (with cost 9.15173e-15)
(-0.192115, -0.644754, 0.328441) (-0.25889, -0.373306, -0.159532) (-0.0582366, -0.534883, 0.589354) (0.107361, -0.832395, 0.045761) (-0.0473791, -0.661434, -0.126175) (-0.179277, -0.0903142, -0.202178) (0.14574, -0.196038, 0.737602) (0.204499, -0.663186, 0.522069) (0.446556, -0.835024, 0.0296427) (0.146031, -0.0281599, -0.248205) (0.279951, 0.146985, -0.0592473) (0.305398, 0.0394105, 0.493797) (0.536716, 0.0385452, 0.284754) (0.72706, -0.474774, -0.0268403) 


# Original Graph 442 in [425, 450)
14 vertices
0 1
0 2
0 3
1 4
1 5
2 6
2 7
3 7
3 8
4 8
4 9
4 10
4 11
5 11
5 7
5 6
6 7
8 11
8 12
9 12
9 13
10 13
10 12
10 11
11 12
12 13

# Unit Distance Graph 442
14 vertices
0 10
0 11
0 12
1 8
1 12
1 11
2 10
2 12
2 13
3 4
3 11
3 10
4 8
4 11
4 5
4 7
5 9
5 12
5 8
6 9
6 13
6 12
7 10
7 13
7 9
8 11

# Embedding 442 (with cost 8.41834e-15)
(-0.426807, -0.63379, 0.419952) (-0.403416, -0.396661, 0.598141) (-0.508088, -0.727378, 0.14869) (-0.053514, -0.745997, -0.146122) (-0.218252, -0.145348, 0.636234) (-0.764129, -0.226629, -0.197679) (-0.651493, -0.584135, -0.100149) (-0.398305, -0.771161, -0.122672) (0.192326, -0.518504, -0.19574) (0.00154412, -0.0282703, 0.414202) (-0.293756, 0.222411, -0.0792653) (-0.606739, 0.0795762, -0.257347) (0.225458, -0.10406, -0.122209) (0.0613134, 0.0922407, 0.0853857) 


# Original Graph 443 in [425, 450)
14 vertices
0 1
0 2
0 3
0 4
1 5
1 2
2 5
2 6
3 7
3 8
3 9
3 4
4 10
5 10
5 9
6 11
6 12
6 7
7 12
8 12
8 13
9 13
9 11
9 10
11 12
12 13

# Unit Distance Graph 443
14 vertices
0 9
0 11
0 12
0 13
1 8
1 13
1 12
2 3
2 9
2 13
2 8
3 6
3 11
3 9
3 5
4 6
4 12
4 11
5 8
5 12
5 7
6 10
6 9
7 9
7 10
10 12

# Embedding 443 (with cost 8.87491e-15)
(0.511353, -0.32012, 0.269953) (0.210357, 0.010952, 0.62663) (-0.0815169, -0.0745174, 0.604103) (0.480628, -0.369092, -0.168697) (0.650192, -0.040044, 0.225835) (0.307395, 0.284157, 0.568363) (-0.343436, -0.0924084, 0.325636) (-0.0815091, -0.328595, -0.119598) (0.135587, -0.0150456, -0.370232) (0.277146, 0.601447, -0.0396622) (0.589181, 0.268423, 0.320566) (-0.29713, 0.22281, 0.0428357) (-0.197152, 0.122437, -0.279741) (0.0248998, 0.343884, -0.297904) 


# Original Graph 444 in [425, 450)
14 vertices
0 1
0 2
0 3
0 4
1 5
1 6
2 7
2 3
3 7
3 6
3 8
4 9
4 10
4 5
5 11
5 8
5 6
6 7
8 12
8 9
9 12
10 12
10 13
11 13
11 12
12 13

# Unit Distance Graph 444
14 vertices
0 5
0 8
0 12
0 11
1 8
1 9
1 12
2 11
2 12
2 13
3 4
3 5
3 11
3 13
3 10
4 8
4 5
4 6
5 9
5 8
6 10
6 12
6 9
7 10
7 13
7 12

# Embedding 444 (with cost 9.33332e-15)
(-0.809537, 0.0191915, 0.162553) (-0.613326, -0.350381, -0.251837) (-0.591462, 0.164202, -0.143397) (-0.0619319, 0.300097, -0.17473) (-0.68061, -0.149332, 0.46967) (-0.225063, -0.684217, -0.241931) (-0.348195, -0.326086, -0.456753) (-0.378084, 0.0422612, -0.39091) (0.17262, 0.180272, 0.0654913) (0.051297, 0.048501, 0.379962) (-0.386568, -0.316541, 0.542465) (-0.0820053, -0.663305, 0.092581) (0.11515, -0.255115, 0.426579) (-0.0987653, -0.53205, 0.378602) 


# Original Graph 445 in [425, 450)
14 vertices
0 1
0 2
0 3
0 4
1 4
1 2
2 5
2 6
3 6
3 7
4 7
4 8
5 9
5 7
6 7
7 10
7 11
7 8
8 12
8 13
9 13
9 12
9 10
10 11
11 12
12 13

# Unit Distance Graph 445
14 vertices
0 9
0 10
0 11
0 12
1 7
1 11
1 10
2 7
2 8
2 12
2 11
3 9
3 12
3 13
4 5
4 7
4 10
4 9
5 8
5 7
6 8
6 13
6 12
7 9
7 13
7 8

# Embedding 445 (with cost 8.97409e-15)
(0.067971, 0.572521, 0.225393) (-0.140709, 0.523652, 0.41857) (-0.143239, -0.0153042, 0.0865806) (0.364673, 0.471942, 0.191477) (-0.0407192, 0.600228, 0.744176) (-0.103533, -0.272473, 0.259977) (0.568183, 0.220714, 0.170048) (0.788629, 0.154599, 0.407135) (0.00874539, 0.417262, 0.97528) (-0.0518738, -0.374805, 0.522396) (0.429848, -0.273052, 0.617887) (0.554298, -0.0860703, 0.799627) (0.136977, 0.00562755, 1.04629) (-0.0479505, -0.129607, 0.875495) 


# Original Graph 446 in [425, 450)
14 vertices
0 1
0 2
0 3
0 4
1 4
1 5
2 6
2 7
2 8
2 9
2 10
3 11
3 4
5 11
5 6
6 7
7 9
7 12
7 8
8 12
8 13
8 9
9 13
9 10
10 11
12 13

# Unit Distance Graph 446
14 vertices
0 7
0 12
0 13
0 9
1 8
1 9
1 13
2 5
2 6
2 7
2 9
2 10
2 11
3 7
3 8
3 12
4 8
4 13
4 12
5 9
5 8
6 10
6 9
7 11
7 10
8 11

# Embedding 446 (with cost 9.35634e-15)
(0.0235112, -0.180468, 0.769847) (-0.151729, 0.325607, 0.760031) (0.0265556, -0.381958, 0.544103) (0.308821, 0.284374, 0.842995) (0.0532761, 0.155017, 0.866987) (-0.230415, 0.584373, 0.557127) (-0.331265, 0.515284, 0.285414) (-0.243247, 0.426765, 0.0214433) (0.212603, -0.0206021, -0.104492) (0.635606, 0.302817, 0.143927) (0.642109, 0.403977, 0.485799) (0.478403, 0.494504, 0.710379) (0.0691894, 0.25844, -0.127523) (0.39102, 0.213927, -0.0724054) 


# Original Graph 447 in [425, 450)
14 vertices
0 1
0 2
0 3
1 4
1 5
1 2
2 6
3 6
3 7
3 8
4 9
4 10
4 5
5 11
5 12
5 8
5 7
5 6
6 7
8 13
9 13
9 10
10 11
11 13
11 12
12 13

# Unit Distance Graph 447
14 vertices
0 5
0 12
0 11
1 5
1 8
1 13
1 12
2 11
2 12
2 13
3 4
3 5
3 11
3 10
4 8
4 5
4 7
5 9
5 13
5 8
6 9
6 10
6 11
6 13
7 10
7 9

# Embedding 447 (with cost 9.7613e-15)
(-0.0971665, 0.0593434, -0.435143) (-0.468226, 0.328733, -0.271846) (-0.14438, 0.289406, -0.237719) (0.0827136, -0.369968, -0.407336) (-0.710414, 0.201895, -0.197761) (-0.135713, -0.146717, 0.542637) (0.164399, 0.063012, 0.0805577) (0.197802, -0.188001, -0.0456942) (-0.157596, -0.619473, -0.338285) (-0.780345, -0.0719279, -0.218189) (-0.799011, -0.200774, 0.033044) (-0.708783, -0.408856, 0.202599) (-0.462538, -0.468824, 0.33137) (-0.424802, -0.670239, -0.258832) 


# Original Graph 448 in [425, 450)
14 vertices
0 1
0 2
0 3
1 4
1 5
2 6
2 3
3 4
4 7
5 7
5 8
5 9
5 10
6 10
6 7
7 8
8 11
8 12
8 13
8 9
9 13
9 12
9 11
10 11
11 12
12 13

# Unit Distance Graph 448
14 vertices
0 8
0 13
0 12
1 8
1 12
1 11
2 8
2 9
2 13
3 9
3 12
3 13
4 9
4 11
4 12
5 6
5 7
5 8
5 11
5 10
6 9
6 8
7 10
7 11
7 9
8 10

# Embedding 448 (with cost 9.2412e-15)
(0.315854, 0.115855, -0.0165041) (0.0798979, 0.0580597, 0.168365) (0.413048, 0.185521, -0.345074) (0.461842, -0.0855443, -0.158779) (0.425243, -0.387318, -0.181233) (-0.225099, 0.0221887, 0.196644) (0.326483, 0.226668, -0.612025) (0.32214, -0.61627, -0.344559) (-0.0481329, -0.691258, -0.481351) (-0.53492, -0.112975, -0.234365) (0.0657099, 0.271362, -0.727122) (-0.173413, 0.125363, -0.796676) (-0.372585, -0.0972894, -0.709772) (-0.449697, -0.290641, -0.515195) 


# Original Graph 449 in [425, 450)
14 vertices
0 1
0 2
0 3
0 4
1 4
1 5
1 2
2 5
2 6
2 7
2 8
3 9
3 4
5 9
5 6
6 10
6 11
6 7
7 11
7 12
7 13
8 13
8 9
10 13
10 12
11 12

# Unit Distance Graph 449
14 vertices
0 6
0 11
0 12
0 10
1 7
1 13
1 10
1 12
2 5
2 6
2 10
2 13
2 8
2 9
3 6
3 7
3 11
4 7
4 12
4 11
5 8
5 13
5 7
6 9
6 8
7 9

# WARNING!!: failed to find good embedding for graph 449!!!
