

# Original Graph 475 in [475, 500)
14 vertices
0 1
0 2
0 3
1 3
1 4
2 5
2 6
3 6
4 7
4 8
5 9
5 7
6 7
7 9
7 10
7 11
7 12
7 13
7 8
8 13
9 10
10 13
10 12
10 11
11 12
12 13

# Unit Distance Graph 475
14 vertices
0 7
0 12
0 11
1 7
1 11
1 10
2 7
2 13
2 12
3 10
3 11
3 12
4 7
4 10
4 9
5 7
5 8
5 13
6 10
6 12
6 13
7 9
7 10
7 13
7 8
8 9

# Embedding 475 (with cost 8.57901e-15)
(0.0455269, -0.153437, 0.0451736) (-0.0937853, -0.194437, -0.207707) (0.254772, 0.00887747, 0.208729) (0.161362, -0.317589, -0.0880316) (-0.139146, -0.139408, -0.444185) (0.414371, 0.233038, 0.19268) (0.596668, -0.390079, -0.224331) (0.844052, -0.294813, -0.539951) (-0.0914586, 0.0414281, -0.648404) (0.5094, 0.448113, 0.0397646) (0.504438, 0.604809, -0.265464) (0.566378, 0.491211, -0.514417) (0.354469, 0.470248, -0.672859) (0.0383259, 0.265004, -0.73337) 


# Original Graph 476 in [475, 500)
14 vertices
0 1
0 2
0 3
1 3
1 4
1 5
2 6
2 7
2 3
3 7
4 7
4 6
4 8
4 9
4 10
4 11
4 5
5 11
6 8
8 12
9 12
9 10
10 13
11 13
11 12
12 13

# Unit Distance Graph 476
14 vertices
0 4
0 10
0 9
1 4
1 9
1 12
1 8
2 4
2 11
2 13
2 10
3 9
3 10
3 13
3 12
4 6
4 8
4 12
4 11
4 5
5 8
5 6
6 11
7 11
7 12
7 13

# Embedding 476 (with cost 8.9849e-15)
(0.919502, -0.99576, -0.369666) (0.87505, -0.763318, -0.412507) (0.74444, -1.48439, -0.0829088) (0.845407, -1.20944, -0.44175) (-0.0661493, -1.08611, -0.512239) (0.774329, -0.589153, -0.296307) (0.600995, -1.48238, 0.118549) (0.480877, -1.36826, -0.524019) (0.460769, -1.32548, 0.303273) (0.0202461, -0.962922, 0.0665217) (-0.0447175, -0.872409, -0.135008) (0.594455, -0.496323, -0.0477501) (0.341193, -1.00594, 0.397511) (0.245015, -0.642731, 0.122495) 


# Original Graph 477 in [475, 500)
14 vertices
0 1
0 2
0 3
0 4
0 5
1 5
1 4
1 6
2 6
2 7
2 8
2 9
2 10
2 11
3 11
3 4
4 5
6 7
7 10
7 8
8 12
9 12
9 13
10 13
10 11
12 13

# Unit Distance Graph 477
14 vertices
0 7
0 8
0 12
0 13
0 10
1 2
1 10
1 13
1 9
2 6
2 7
2 10
2 11
2 3
2 4
3 8
3 7
4 9
4 12
4 8
5 9
5 13
5 12
6 11
6 10
7 11

# Embedding 477 (with cost 8.68246e-15)
(-0.972955, 0.590059, -0.285252) (-0.428145, 0.418083, -0.630194) (-0.745564, 0.778314, 0.247006) (-0.872128, -0.0750861, -0.258652) (-0.850507, 0.133291, -0.509917) (-0.821041, 0.361914, -0.541906) (-0.151615, 0.464911, -0.493941) (0.00841134, 0.397942, -0.288566) (-0.0320849, 0.403237, -0.00265526) (-0.400491, 0.316049, 0.364203) (-0.534462, -0.194613, 0.152941) (-0.771801, -0.177936, -0.044367) (-0.166204, 0.263925, 0.207484) (-0.376317, 0.0308291, 0.290321) 


# Original Graph 478 in [475, 500)
14 vertices
0 1
0 2
0 3
0 4
1 4
1 5
2 5
2 6
2 7
2 8
2 9
2 10
2 11
2 3
3 11
4 11
5 6
6 12
7 12
7 13
7 8
8 9
9 13
9 10
10 11
12 13

# Unit Distance Graph 478
14 vertices
0 7
0 8
0 9
0 13
1 2
1 9
1 8
2 5
2 6
2 12
2 13
2 9
2 10
2 11
2 4
3 7
3 13
3 12
4 8
4 7
5 10
5 9
6 11
6 10
7 11
11 12

# Embedding 478 (with cost 9.9896e-15)
(0.603341, -0.633938, 1.69698) (0.568032, -0.921722, 1.67692) (-0.0499272, -0.2877, 1.21201) (0.534962, -0.358263, 1.54276) (0.874685, -0.582989, 1.45262) (0.414586, -1.08692, 1.59342) (0.307115, -1.21053, 1.35662) (0.181708, -1.01052, 0.872105) (0.0872464, -0.657696, 0.840775) (0.694245, -0.722712, 0.705082) (0.875794, -0.518325, 0.912253) (0.937105, -0.448182, 1.20849) (0.305827, -1.21229, 1.0757) (0.50744, -0.988576, 0.766904) 


# Original Graph 479 in [475, 500)
14 vertices
0 1
0 2
0 3
1 4
1 5
1 6
1 7
2 7
2 3
3 8
4 9
4 10
4 11
4 6
4 5
5 6
6 11
6 10
6 12
6 7
8 12
8 13
9 13
9 10
10 11
12 13

# Unit Distance Graph 479
14 vertices
0 6
0 10
0 11
1 6
1 12
1 13
1 9
1 10
2 4
2 11
2 10
3 4
3 6
3 11
4 8
4 12
4 6
4 7
5 8
5 13
5 12
6 9
6 13
6 8
7 10
7 9

# Embedding 479 (with cost 9.29444e-15)
(0.843683, -0.332073, -0.277498) (1.12292, -0.35747, -0.0455578) (0.590125, -0.289971, -0.248069) (0.553985, -0.0763141, -0.448253) (1.31023, 0.329104, 0.0652975) (1.2264, -0.0966633, 0.158844) (0.451398, 0.110797, 0.528714) (0.548809, -0.319017, 0.0518049) (0.486614, 0.142199, -0.470172) (0.85355, 0.582262, -0.25614) (0.905502, 0.615091, 0.037236) (0.913786, 0.481582, 0.299607) (0.331545, 0.248843, -0.123751) (0.574345, 0.38798, -0.424205) 


# Original Graph 480 in [475, 500)
14 vertices
0 1
0 2
0 3
1 4
1 5
1 6
1 2
2 6
2 3
3 7
4 8
4 9
4 10
4 11
4 5
5 11
6 11
7 12
7 8
8 12
8 9
9 13
10 13
10 11
11 13
11 12

# Unit Distance Graph 480
14 vertices
0 10
0 11
0 13
1 8
1 9
1 13
1 11
1 12
2 4
2 10
2 13
2 9
3 4
3 11
3 10
4 7
4 12
4 11
4 6
5 7
5 8
5 12
6 9
6 8
7 11
8 11

# Embedding 480 (with cost 7.84228e-15)
(0.568977, -0.247069, -0.778905) (0.325617, -0.269121, -0.746546) (0.739737, -0.141923, -0.667028) (0.967944, -0.451006, -0.707766) (0.0936881, -0.883971, -0.488179) (0.133091, -0.4164, -0.542893) (0.646222, -0.0711759, -0.303594) (1.07922, -0.738572, -0.575318) (0.930204, -1.01567, -0.468795) (0.718027, -1.06852, -0.291604) (0.434188, -0.709738, 0.0973198) (0.587215, -0.36989, 0.213356) (1.01311, -0.683233, -0.150005) (0.60437, -0.87824, -0.00406896) 


# Original Graph 481 in [475, 500)
14 vertices
0 1
0 2
0 3
1 3
1 4
2 5
2 6
2 7
3 7
4 8
4 9
5 10
5 8
6 8
6 7
8 10
8 11
8 12
8 9
9 13
9 10
10 13
10 12
10 11
11 12
12 13

# Unit Distance Graph 481
14 vertices
0 8
0 12
0 11
1 8
1 11
1 10
2 8
2 9
2 13
2 12
3 10
3 11
3 12
4 5
4 8
4 10
5 9
5 8
6 9
6 10
6 13
7 10
7 12
7 13
8 10
8 9

# Embedding 481 (with cost 9.68961e-15)
(0.932613, -0.847526, -1.53027) (0.520422, -0.744202, -1.55768) (1.19006, -0.861298, -1.35293) (0.809561, -0.682379, -1.63789) (0.298424, -0.659422, -1.40888) (1.21221, -0.867161, -1.05983) (1.07857, -0.229088, -1.4785) (1.02946, -0.455406, -1.59475) (0.921913, 0.0838317, -1.16632) (0.239427, -0.646131, -1.12934) (0.940464, -0.772742, -0.650626) (0.807522, -0.257442, -0.732674) (0.577067, -0.410512, -0.704067) (0.391218, -0.560329, -0.832103) 


# Original Graph 482 in [475, 500)
14 vertices
0 1
0 2
0 3
1 3
1 4
1 5
2 6
2 7
2 8
2 3
3 8
4 7
4 6
4 9
4 10
4 5
5 11
5 12
6 12
7 8
9 12
9 10
10 13
11 13
11 12
12 13

# Unit Distance Graph 482
14 vertices
0 4
0 10
0 9
1 4
1 9
1 12
1 6
2 4
2 5
2 11
2 13
2 10
3 9
3 10
3 13
3 12
4 6
4 12
4 5
5 7
5 6
7 12
7 11
8 11
8 12
8 13

# Embedding 482 (with cost 8.87114e-15)
(0.0531024, 0.292844, 0.750052) (-0.128749, 0.335897, 0.587562) (0.486194, -0.182144, 0.951683) (0.265061, 0.257993, 0.812178) (0.498981, -0.11629, -0.0460645) (-0.358219, 0.0124218, 0.452574) (0.412637, -0.447184, 0.893645) (0.63648, 0.0224869, 0.350244) (0.462068, 0.180038, 0.740645) (0.207117, -0.5113, 0.175915) (0.303295, -0.286169, -0.0259298) (-0.294447, -0.342709, 0.347681) (-0.0549216, -0.661365, 0.583287) (-0.1066, -0.42557, 0.183999) 


# Original Graph 483 in [475, 500)
14 vertices
0 1
0 2
0 3
1 3
1 4
2 5
2 6
3 6
4 7
4 8
4 9
5 10
5 6
6 10
6 7
7 9
7 11
7 12
7 13
7 8
8 13
9 12
9 11
9 10
11 12
12 13

# Unit Distance Graph 483
14 vertices
0 7
0 12
0 11
1 7
1 11
1 9
2 7
2 13
2 12
3 9
3 11
3 12
4 6
4 7
4 9
4 10
5 7
5 8
5 13
6 9
6 12
6 13
6 8
7 10
7 9
8 10

# Embedding 483 (with cost 9.37851e-15)
(-0.209217, -0.870918, 0.498694) (-0.102566, -0.55193, 0.62415) (-0.254102, -1.03018, 0.264161) (-0.024551, -1.03387, 0.506711) (-0.0148824, -0.332247, 0.589683) (-0.260678, -1.01928, 0.00177374) (0.163642, -1.26795, 0.285409) (0.713972, -0.827394, 0.11682) (0.270021, -0.282997, 0.42159) (-0.118262, -0.572462, -0.375516) (-0.21944, -0.849571, -0.241299) (0.294183, -0.525705, -0.293402) (0.407977, -0.38835, -0.122756) (0.435576, -0.315929, 0.145046) 


# Original Graph 484 in [475, 500)
14 vertices
0 1
0 2
0 3
0 4
1 4
1 5
2 6
2 7
3 7
3 4
4 7
5 8
5 6
6 9
6 10
6 11
6 7
7 11
8 11
8 12
9 12
9 13
10 13
10 11
11 12
12 13

# Unit Distance Graph 484
14 vertices
0 10
0 11
0 12
0 13
1 6
1 11
1 10
2 8
2 12
2 11
3 9
3 13
3 12
4 6
4 10
4 13
4 9
5 6
5 7
5 11
6 8
6 11
6 7
7 9
7 12
7 8

# Embedding 484 (with cost 9.92994e-15)
(1.48977, 0.373352, 0.317441) (1.2471, 0.372678, 0.738052) (1.2046, 0.627656, -0.0797194) (1.39267, -0.0300584, 0.226369) (1.4229, 0.113899, 0.470839) (1.01938, 0.452175, 0.81794) (0.922698, 0.72972, -0.137894) (1.22002, -0.198531, 0.0855972) (0.76568, 0.361405, 0.778451) (0.636001, 0.612905, 0.10783) (0.532503, 0.275468, 0.0453045) (0.693317, -0.203898, 0.137317) (0.529199, 0.31932, 0.590175) (0.492718, 0.405408, 0.247737) 


# Original Graph 485 in [475, 500)
14 vertices
0 1
0 2
0 3
0 4
0 5
1 5
1 6
2 7
2 3
3 8
3 5
3 4
4 5
6 8
6 9
6 7
7 10
7 11
7 8
8 11
8 9
9 12
10 12
10 13
11 13
12 13

# Unit Distance Graph 485
14 vertices
0 8
0 9
0 12
0 13
0 11
1 7
1 8
1 11
2 6
2 9
2 8
3 6
3 7
3 10
3 12
3 9
4 10
4 13
4 12
5 7
5 11
5 13
5 10
6 8
6 7
7 8

# Embedding 485 (with cost 8.76802e-15)
(0.122106, 0.553993, 0.718752) (-0.39748, 0.340828, 0.863867) (0.140906, 0.549497, 0.150899) (0.363688, -0.0294464, 0.717181) (0.195308, 0.290365, 0.84769) (-0.0188433, 0.339646, 0.928343) (-0.603488, 0.224104, 0.733991) (-0.0439614, 0.439506, -0.066341) (0.115203, -0.406888, 0.441875) (-0.588476, -0.0811565, 0.416) (-0.288909, 0.157473, -0.0171077) (-0.0716545, -0.194602, 0.0846666) (-0.495351, -0.0420295, 0.205425) (-0.310297, -0.0617481, 0.0600478) 


# Original Graph 486 in [475, 500)
14 vertices
0 1
0 2
0 3
0 4
1 5
1 6
1 2
2 6
2 7
2 3
3 4
4 8
5 8
5 9
5 10
5 7
5 6
7 10
7 11
7 12
8 12
8 13
9 11
9 10
11 13
12 13

# Unit Distance Graph 486
14 vertices
0 7
0 11
0 9
0 10
1 7
1 12
1 13
1 11
2 5
2 9
2 11
2 13
2 8
3 5
3 10
3 9
4 5
4 7
4 10
5 8
5 12
5 7
6 8
6 13
6 12
7 8

# Embedding 486 (with cost 9.57442e-15)
(-0.0626268, 0.671638, -0.315611) (-0.255573, 0.404184, -0.413487) (0.132402, 0.621486, -0.848821) (0.150774, 0.743726, -0.365686) (0.337571, 0.612166, -0.0520953) (-0.118669, -0.219284, -0.369167) (-0.238845, 0.166051, -0.53658) (0.573626, 0.220398, -0.941362) (0.540673, 0.411721, 0.0396117) (0.352752, -0.235511, -0.382988) (0.292093, -0.215084, -0.612085) (0.626721, -0.0526237, -0.299982) (0.737518, 0.297364, -0.364907) (0.678751, 0.176571, -0.139207) 


# Original Graph 487 in [475, 500)
14 vertices
0 1
0 2
0 3
0 4
1 4
1 2
2 5
3 6
3 7
4 7
4 6
4 8
5 9
5 6
6 10
6 11
6 8
6 7
8 11
8 12
8 13
9 13
9 12
10 12
10 11
12 13

# Unit Distance Graph 487
14 vertices
0 8
0 12
0 10
0 11
1 6
1 11
1 10
2 6
2 8
2 11
3 8
3 13
3 12
4 5
4 6
4 10
4 12
4 9
5 8
5 6
6 9
6 13
6 8
7 9
7 12
7 13

# Embedding 487 (with cost 8.60708e-15)
(-0.493198, -0.8588, 0.327496) (-0.310564, -1.09407, 0.229011) (-0.24979, -0.840323, 0.603073) (-0.510849, -0.63627, 0.135807) (-0.113121, -1.17237, -0.190413) (-0.0387549, -0.712141, 0.694266) (-0.168824, -0.175235, -0.13929) (-0.435417, -0.485275, -0.0781853) (0.359284, -1.02391, -0.1685) (0.276533, -0.689374, 0.593731) (0.33848, -0.339763, 0.130237) (0.233034, -0.323591, -0.103941) (0.461827, -0.563682, 0.356332) (0.443294, -0.932073, 0.089859) 


# Original Graph 488 in [475, 500)
14 vertices
0 1
0 2
0 3
1 4
1 5
1 6
2 6
2 3
3 7
4 7
4 8
4 9
4 10
4 6
4 5
5 6
6 10
7 11
8 12
8 10
8 9
9 10
10 13
11 13
11 12
12 13

# Unit Distance Graph 488
14 vertices
0 8
0 9
0 10
1 8
1 10
1 13
1 12
2 4
2 9
2 8
3 4
3 10
3 9
4 7
4 11
4 13
4 10
4 6
5 11
5 12
5 13
6 8
6 12
6 11
6 7
7 10

# Embedding 488 (with cost 9.24522e-15)
(-0.0237884, -0.261162, -0.478391) (0.094685, -0.0424768, -0.514895) (-0.109294, -0.276419, -0.22895) (0.0369705, -0.619889, -0.412954) (0.816829, 0.00209415, -0.483366) (0.425227, 0.104881, -0.490085) (0.0345927, 0.034093, 0.138794) (0.233883, -0.802645, -0.371257) (0.845759, -0.517277, -0.0561437) (0.868992, -0.218617, -0.0299122) (0.427832, -0.212636, 0.412498) (0.379611, -0.846599, -0.185773) (0.586752, -0.778128, -0.0493989) (0.453561, -0.53453, 0.278258) 


# Original Graph 489 in [475, 500)
14 vertices
0 1
0 2
0 3
0 4
1 5
1 6
1 2
2 6
3 6
3 4
4 7
5 7
5 8
5 9
5 10
5 6
6 10
7 11
8 12
8 13
8 9
9 10
10 13
10 11
11 12
12 13

# Unit Distance Graph 489
14 vertices
0 8
0 9
0 10
0 13
1 10
1 11
1 12
1 13
2 8
2 13
2 12
3 5
3 9
3 8
4 5
4 10
4 9
5 7
5 11
5 10
5 6
6 8
6 12
6 11
6 7
7 10

# Embedding 489 (with cost 6.35555e-15)
(-1.68342, -1.08262, 1.19919) (-2.2137, -0.76338, 0.887905) (-1.97941, -1.05892, 1.30559) (-1.7229, -1.02706, 1.43237) (-1.45412, -0.946873, 1.1839) (-2.23128, -0.46259, 0.782037) (-2.09873, -0.817652, 1.70744) (-1.31377, -0.703467, 1.09851) (-1.81978, -0.100592, 1.06868) (-2.07526, -0.175878, 1.04335) (-1.96598, -0.283202, 1.72937) (-1.32571, -0.430353, 1.20501) (-1.4609, -0.206461, 1.2388) (-1.68908, -0.110722, 1.43454) 


# Original Graph 490 in [475, 500)
14 vertices
0 1
0 2
0 3
1 3
1 4
1 5
2 6
2 3
3 7
4 7
4 5
5 7
5 8
6 9
6 7
7 10
7 11
7 12
7 8
8 12
8 13
9 13
9 10
10 13
11 13
11 12

# Unit Distance Graph 490
14 vertices
0 7
0 12
0 11
1 7
1 11
1 13
1 10
2 7
2 8
2 12
3 8
3 13
3 11
3 12
4 9
4 10
4 13
5 6
5 7
5 10
5 9
6 8
6 7
7 9
7 13
7 8

# Embedding 490 (with cost 9.55602e-15)
(-0.924906, 0.834698, 1.08654) (-1.05192, 0.667846, 0.887333) (-0.674054, 0.887962, 1.36666) (-0.693262, 0.962694, 1.14447) (-0.663964, 0.520819, 0.608065) (-1.07958, 0.285843, 0.809218) (-0.547394, 0.741446, 1.52281) (-0.10019, 0.441293, 0.68024) (-0.955431, 0.0131646, 0.972249) (-0.500392, 0.504771, 1.59447) (-0.401353, 0.286456, 1.54407) (-0.344051, 0.0264507, 1.1832) (-0.303604, 0.0661709, 0.933729) (-0.55182, 0.0281605, 1.47103) 


# Original Graph 491 in [475, 500)
14 vertices
0 1
0 2
0 3
1 3
1 4
2 5
2 6
3 6
4 7
4 8
5 9
5 10
6 11
7 11
7 8
8 11
8 12
8 9
9 12
9 13
9 11
9 10
10 11
11 13
11 12
12 13

# Unit Distance Graph 491
14 vertices
0 11
0 12
0 13
1 9
1 11
1 13
2 8
2 12
2 11
3 9
3 13
3 12
4 9
4 10
4 11
5 7
5 8
5 11
6 8
6 9
6 12
7 10
7 9
8 11
8 10
9 11

# Embedding 491 (with cost 9.41395e-15)
(0.486564, 0.55262, 0.358693) (0.283728, 0.299182, 0.492566) (0.653346, 0.647496, 0.125808) (0.58453, 0.422758, 0.529063) (0.153672, 0.0314572, 0.421177) (0.672461, 0.583216, -0.0977263) (0.896705, 0.356913, 0.498468) (0.276478, -0.186568, 0.402904) (0.116775, -0.193106, 0.199826) (0.609777, 0.216947, -0.449204) (0.850198, 0.333952, -0.229476) (1.1118, -0.225137, 0.294121) (0.528681, -0.303959, -0.1556) (0.759623, -0.215261, -0.220787) 


# Original Graph 492 in [475, 500)
14 vertices
0 1
0 2
0 3
1 3
1 4
2 5
2 6
2 3
3 7
4 8
4 9
5 9
5 10
5 7
5 11
5 6
6 11
7 11
7 10
7 12
7 13
8 13
8 9
9 13
9 12
10 12

# Unit Distance Graph 492
14 vertices
0 7
0 12
0 10
1 5
1 7
1 10
2 7
2 13
2 9
2 12
3 5
3 10
3 12
3 9
4 5
4 11
4 7
5 8
5 13
5 7
6 8
6 9
6 13
7 9
8 11
9 11

# Embedding 492 (with cost 9.17655e-15)
(-0.792904, 0.417103, 1.42644) (-0.748852, 0.298563, 1.20175) (-0.557689, 0.589413, 1.6962) (-0.891243, 0.637441, 1.31128) (-0.565426, 0.224523, 1.0116) (0.0572098, 0.720018, 1.61725) (-0.361156, 0.779397, 1.70611) (-0.463647, 1.21528, 0.921965) (-0.393101, 0.279831, 0.840425) (-0.0514262, 0.305074, 0.882046) (0.0793188, 0.858845, 1.21646) (-0.344233, 1.13964, 1.3487) (0.00777638, 0.647654, 0.873488) (-0.368262, 0.64151, 0.71569) 


# Original Graph 493 in [475, 500)
14 vertices
0 1
0 2
0 3
1 3
1 4
1 5
2 6
2 7
3 7
4 8
4 5
5 9
6 10
6 11
6 8
7 8
8 11
8 12
8 13
8 9
9 13
9 10
10 13
10 12
10 11
12 13

# Unit Distance Graph 493
14 vertices
0 8
0 13
0 12
1 8
1 12
1 10
1 11
2 8
2 9
2 13
3 10
3 12
3 13
4 6
4 11
4 10
5 6
5 8
5 11
6 9
6 8
7 9
7 10
7 13
8 10
8 9

# Embedding 493 (with cost 9.40092e-15)
(-0.148458, 0.415357, -0.150338) (-0.108571, 0.627783, 0.210552) (-0.0562434, 0.115571, -0.335164) (-0.27398, 0.467344, 0.0407776) (-0.159003, 0.496102, 0.440997) (0.151511, 0.569322, 0.417277) (0.0799871, -0.0733401, -0.345526) (-0.43936, 0.131444, 0.0965158) (-0.350497, -0.288009, 0.531173) (0.459496, 0.297706, 0.501998) (0.524501, -0.133853, 0.0722447) (0.149485, -0.287817, -0.0978036) (0.265487, -0.267849, 0.451225) (0.456546, -0.0275333, 0.51134) 


# Original Graph 494 in [475, 500)
14 vertices
0 1
0 2
0 3
1 3
1 4
1 5
2 6
2 7
2 8
3 8
4 7
4 5
5 7
5 9
6 10
6 11
7 11
7 12
7 13
7 8
9 13
9 10
10 13
10 12
10 11
12 13

# Unit Distance Graph 494
14 vertices
0 7
0 13
0 12
1 7
1 12
1 10
1 11
2 5
2 9
2 13
2 7
3 10
3 12
3 13
4 6
4 11
4 10
5 7
5 11
5 6
6 7
7 10
7 9
8 9
8 10
8 13

# Embedding 494 (with cost 9.32571e-15)
(0.821418, -1.40049, -0.447452) (0.89904, -0.946414, -0.0633444) (0.555947, -1.54788, -0.526099) (0.988483, -1.4098, -0.244493) (0.819125, -0.959741, 0.167866) (0.645299, -0.788384, 0.118241) (0.289685, -1.50419, -0.482724) (0.547214, -1.72366, 0.458292) (0.936914, -1.60384, -0.104045) (0.385137, -0.798872, 0.11406) (-0.00692295, -1.317, -0.268038) (0.143494, -1.57964, -0.231188) (0.141072, -1.50204, 0.27837) (0.213229, -1.00656, 0.241697) 


# Original Graph 495 in [475, 500)
14 vertices
0 1
0 2
0 3
1 3
1 4
1 5
2 6
2 7
2 3
3 7
4 8
4 5
5 8
5 9
5 10
6 10
6 11
7 8
8 11
8 12
8 13
9 13
9 10
10 12
10 11
12 13

# Unit Distance Graph 495
14 vertices
0 8
0 13
0 12
1 8
1 12
1 10
1 11
2 5
2 9
2 13
2 8
3 9
3 10
3 12
3 13
4 6
4 11
4 10
5 7
5 8
5 11
5 6
6 8
7 10
7 9
8 10

# Embedding 495 (with cost 9.39287e-15)
(0.35678, 0.172028, 0.585726) (0.650196, 0.166501, 0.835445) (0.170078, -0.0511081, 0.301488) (0.14524, 0.0875874, 0.643891) (0.68428, -0.0671709, 1.06228) (0.95534, -0.0768378, 0.920116) (0.372116, -0.354687, 0.156802) (-0.000867025, -0.36832, 0.893554) (0.171253, -0.675936, 1.08225) (0.980836, -0.455821, 0.72443) (0.706681, -0.633949, 0.238712) (0.426813, -0.634572, 0.280123) (0.607405, -0.795877, 0.567123) (0.659504, -0.751575, 0.820919) 


# Original Graph 496 in [475, 500)
14 vertices
0 1
0 2
0 3
1 4
1 5
1 6
1 2
2 6
2 3
3 7
3 8
4 9
4 10
4 11
4 5
5 11
6 11
6 10
6 12
6 13
7 13
7 8
8 13
8 9
9 12
10 12

# Unit Distance Graph 496
14 vertices
0 6
0 12
0 10
1 6
1 13
1 8
1 9
1 12
2 4
2 10
2 12
2 9
3 4
3 11
3 6
3 10
4 7
4 13
4 6
5 7
5 8
5 13
6 9
6 8
7 11
8 11

# Embedding 496 (with cost 9.80685e-15)
(0.253395, 0.907735, 0.182206) (0.244752, 1.18784, 0.0445436) (0.385437, 0.677356, 0.218448) (0.231866, 0.448086, 0.133652) (-0.0578864, 1.08736, -0.578645) (0.250782, 1.28357, -0.257497) (0.874641, 0.726269, -0.580109) (0.323982, 0.299502, -0.0954798) (-0.026636, 0.333153, -0.398012) (-0.108163, 0.552378, -0.642214) (0.531818, 0.762084, -0.767145) (0.428033, 1.22091, -0.469891) (0.273078, 0.612847, -0.773123) (0.588101, 0.350228, -0.380327) 


# Original Graph 497 in [475, 500)
14 vertices
0 1
0 2
0 3
1 4
1 5
2 6
2 7
2 3
3 4
4 7
5 8
5 9
6 10
6 8
7 8
8 10
8 11
8 12
8 9
9 13
9 10
10 13
10 11
11 13
11 12
12 13

# Unit Distance Graph 497
14 vertices
0 8
0 12
0 11
1 8
1 11
1 10
2 8
2 9
2 13
2 12
3 11
3 12
3 13
4 10
4 11
4 13
5 6
5 8
5 10
6 9
6 8
7 9
7 10
7 13
8 10
8 9

# Embedding 497 (with cost 8.27958e-15)
(-0.341665, 0.928461, -0.484966) (-0.574427, 1.2737, -0.263072) (-0.165308, 0.641156, -0.450983) (-0.416357, 0.72072, -0.52222) (-0.635365, 0.68864, -0.483026) (-0.620066, 1.36489, -0.0568149) (-0.0424106, 0.578, -0.273864) (-0.738231, 0.531178, -0.360245) (-0.935565, 0.439704, 0.154096) (-0.50459, 1.34178, 0.176717) (0.0300063, 0.675777, 0.263376) (-0.34153, 0.63627, 0.471394) (-0.551878, 0.712414, 0.46852) (-0.417913, 1.08269, 0.409967) 


# Original Graph 498 in [475, 500)
14 vertices
0 1
0 2
0 3
0 4
1 5
1 2
2 6
2 7
2 8
2 9
2 10
2 11
2 3
3 11
3 4
4 5
5 6
6 7
7 12
8 12
8 9
9 13
9 10
10 13
10 11
12 13

# Unit Distance Graph 498
14 vertices
0 8
0 9
0 13
0 12
1 9
1 10
1 13
2 3
2 4
2 5
2 6
2 7
2 12
2 13
2 10
2 11
3 8
3 12
3 7
4 9
4 8
5 10
5 9
6 11
6 10
7 11

# Embedding 498 (with cost 8.12765e-15)
(0.539718, -0.34853, 0.691293) (0.504582, -0.160071, 0.522154) (0.459356, -0.619213, -0.112991) (0.339801, -0.577151, 0.878946) (0.346333, -0.140405, 0.757623) (0.228201, 0.0627284, 0.580928) (0.0430335, 0.12729, 0.406054) (-0.157353, 0.0581794, 0.288019) (-0.157688, -0.575409, 0.0114768) (-0.257538, -0.737815, 0.229947) (-0.249214, -0.8158, 0.564713) (0.00984374, -0.807288, 0.76026) (-0.354868, -0.187004, 0.27461) (-0.389196, -0.59574, 0.415601) 


# Original Graph 499 in [475, 500)
14 vertices
0 1
0 2
0 3
0 4
1 4
1 5
2 6
2 3
3 7
4 7
5 8
5 6
6 8
6 9
6 10
6 11
6 12
7 12
8 11
8 13
8 9
9 13
9 10
10 11
11 13
11 12

# Unit Distance Graph 499
14 vertices
0 9
0 10
0 11
0 13
1 6
1 11
1 10
2 8
2 13
2 11
3 8
3 9
3 13
4 6
4 10
4 9
5 6
5 12
5 11
6 8
6 11
6 12
6 7
7 9
7 8
8 12

# Embedding 499 (with cost 8.98295e-15)
(0.273555, -1.56677, 0.0129708) (0.410652, -1.3628, 0.0885302) (-0.063884, -1.733, 0.373384) (0.045427, -1.65887, 0.0201537) (0.131403, -1.47118, -0.154725) (0.444488, -1.04751, 0.37397) (-0.33042, -1.57216, 0.72648) (-0.109533, -1.41919, -0.236748) (0.210582, -0.775134, 0.45803) (-0.128595, -0.854647, 0.588435) (-0.405029, -1.17991, 0.637362) (-0.47109, -0.899432, 8.65457e-05) (-0.32272, -1.27125, -0.227141) (-0.182389, -0.740488, 0.343692) 
