

# Original Graph 225 in [225, 250)
14 vertices
0 1
0 2
0 3
0 4
1 4
1 5
1 6
2 7
2 8
3 9
3 10
4 10
4 11
4 5
5 11
5 12
5 6
6 12
6 7
7 12
8 13
8 9
9 11
10 11
11 13
12 13

# Unit Distance Graph 225
14 vertices
0 5
0 12
0 13
0 11
1 8
1 9
1 11
1 13
2 4
2 5
2 11
3 5
3 6
3 12
4 8
4 13
4 12
4 7
5 9
5 8
6 10
6 11
6 9
7 11
7 10
10 12

# Embedding 225 (with cost 8.30401e-15)
(0.484998, 0.426022, -0.745946) (-0.23468, 0.18259, -0.602753) (0.515948, -0.0396154, -0.724482) (0.593208, 0.492458, -0.457798) (-0.109303, 0.553772, -0.217576) (-0.318265, 0.162922, -0.21158) (-0.0633427, -0.254535, -0.562402) (0.282714, -0.256544, -0.653134) (0.646065, -0.101499, -0.22383) (0.669183, 0.320259, -0.197685) (0.243782, 0.585371, -0.114929) (0.3299, 0.225966, 0.221485) (0.184341, -0.400683, -0.270378) (0.445239, -0.252767, -0.0126889) 


# Original Graph 226 in [225, 250)
14 vertices
0 1
0 2
0 3
0 4
0 5
0 6
0 7
1 7
1 8
1 9
1 2
2 9
2 3
3 9
3 10
4 10
4 5
5 11
6 11
6 12
7 12
7 8
8 9
10 13
11 13
12 13

# Unit Distance Graph 226
14 vertices
0 3
0 10
0 13
0 12
0 7
0 8
0 9
1 4
1 5
1 11
1 13
1 10
2 6
2 12
2 13
2 11
3 7
3 12
3 6
4 8
4 7
5 9
5 8
6 9
7 10
9 11

# Embedding 226 (with cost 8.74067e-15)
(-0.0063472, -0.233384, -0.452244) (-0.106253, 0.14955, 0.329169) (-0.414495, 0.0502735, 0.0819135) (-0.520671, 0.604851, -0.271045) (-0.136798, 0.30497, -0.658207) (0.106962, 0.160046, -0.64778) (0.441351, 0.34212, -0.345116) (0.335743, 0.428912, 0.214343) (0.0421899, 0.398652, 0.321174) (-0.419859, 0.44767, 0.152052) (-0.341894, 0.708542, -0.465816) (0.270389, 0.379198, -0.568273) (0.446408, 0.548114, -0.0229733) (0.0463385, 0.765193, -0.443941) 


# Original Graph 227 in [225, 250)
14 vertices
0 1
0 2
0 3
0 4
1 5
1 6
1 2
2 6
2 7
2 8
2 9
2 10
2 3
3 10
4 8
4 7
5 11
5 6
6 11
6 12
6 13
7 13
8 9
9 10
11 12
12 13

# Unit Distance Graph 227
14 vertices
0 2
0 7
0 13
0 6
1 2
1 8
1 4
1 7
2 5
2 11
2 12
2 13
2 7
2 4
3 6
3 13
3 12
4 6
5 9
5 8
6 8
6 9
6 10
9 11
10 12
10 11

# Embedding 227 (with cost 8.02081e-15)
(-0.256496, 0.0373862, -0.0661128) (-0.522846, -0.0467496, -0.00579779) (-0.0803588, -0.359832, 0.83455) (0.0133861, -0.175074, 0.352244) (-0.139901, 0.618312, 0.63533) (-0.740688, 0.00342352, 0.177274) (-0.915428, -0.0110825, 0.684527) (-0.396359, 0.585856, 0.758277) (0.00159647, 0.385391, 0.727833) (0.0750633, 0.112329, 0.745332) (0.0736678, -0.151149, 0.639012) (-0.872024, 0.0934484, 0.424913) (-0.833315, 0.269991, 0.643816) (-0.649954, 0.45788, 0.75143) 


# Original Graph 228 in [225, 250)
14 vertices
0 1
0 2
0 3
0 4
0 5
0 6
1 6
1 7
1 2
2 8
2 9
2 10
2 3
3 10
4 9
4 8
5 8
5 11
6 12
6 7
7 12
7 13
7 11
9 10
11 13
12 13

# Unit Distance Graph 228
14 vertices
0 1
0 2
0 8
0 5
0 11
0 7
1 5
1 8
1 4
2 6
2 12
2 13
2 11
2 5
3 7
3 11
3 13
4 7
4 6
6 9
6 8
7 9
7 10
9 12
10 13
10 12

# WARNING!!: failed to find good embedding for graph 228!!!


# Original Graph 229 in [225, 250)
14 vertices
0 1
0 2
0 3
0 4
0 5
0 6
1 6
1 7
1 2
2 8
2 9
3 10
3 8
3 11
4 11
4 7
5 7
5 12
6 13
7 13
7 12
8 11
8 10
8 9
9 10
12 13

# Unit Distance Graph 229
14 vertices
0 1
0 2
0 8
0 11
0 4
0 7
1 4
1 11
1 3
2 5
2 7
2 4
3 7
3 13
3 6
5 9
5 8
6 11
6 8
7 10
7 9
8 13
8 12
9 12
10 12
10 13

# Embedding 229 (with cost 9.27598e-15)
(0.244615, 0.627189, -0.142162) (-0.423863, 0.00569739, -0.550677) (-0.612138, 0.163239, -0.367382) (-0.10898, 0.61373, 0.17812) (-0.00466464, -0.2189, 0.328999) (0.360648, 0.182395, -0.136471) (-0.108594, -0.0597044, -0.561127) (0.137269, -0.347494, 0.0539749) (-0.53532, 0.191915, 0.307546) (-0.634744, 0.269875, -0.0971989) (-0.484087, 0.429088, 0.158087) (-0.235644, -0.0371848, 0.430514) (0.28359, -0.118125, -0.175426) (0.0867745, -0.198811, -0.370931) 


# Original Graph 230 in [225, 250)
14 vertices
0 1
0 2
0 3
0 4
0 5
0 6
0 7
1 7
1 2
2 8
2 3
3 9
3 10
3 4
4 10
5 10
5 9
5 11
6 11
6 12
7 13
7 8
8 13
8 12
9 11
12 13

# Unit Distance Graph 230
14 vertices
0 2
0 3
0 9
0 11
0 6
0 12
0 8
1 5
1 11
1 9
2 6
2 11
2 5
3 7
3 13
3 12
3 6
4 8
4 12
4 13
5 8
5 7
7 10
7 9
8 10
10 13

# Embedding 230 (with cost 9.94323e-15)
(-0.210174, 0.210159, -0.0304755) (0.224605, 0.108068, -0.254572) (0.218828, -0.00523006, -0.907724) (-0.26534, -0.0354436, -0.998275) (-0.503724, 0.073338, -0.442833) (-0.567081, -0.457363, -0.485916) (-0.0981155, -0.74294, -0.311627) (0.351183, -0.162791, -0.221305) (0.407221, -0.290513, -0.63723) (-0.448631, -0.435202, -0.75618) (-0.585029, -0.18472, -0.572058) (-0.349048, -0.687899, -0.447855) (0.172988, -0.656895, -0.348917) (0.349572, -0.432688, -0.317041) 


# Original Graph 231 in [225, 250)
14 vertices
0 1
0 2
0 3
0 4
1 5
1 6
1 7
2 7
2 6
2 8
2 9
2 10
2 3
3 10
4 11
4 8
5 12
5 6
6 12
6 13
6 7
8 13
8 11
9 11
9 10
12 13

# Unit Distance Graph 231
14 vertices
0 2
0 8
0 13
0 6
1 2
1 9
1 11
1 8
2 5
2 12
2 13
2 8
2 4
3 6
3 13
3 12
4 6
4 7
5 10
5 9
6 11
6 9
6 10
7 8
7 11
10 12

# Embedding 231 (with cost 8.56503e-15)
(-0.0932327, 0.837942, 0.0603323) (-0.165245, 0.742896, -0.339209) (-0.84764, 0.185672, 0.133908) (-0.410569, 0.630628, 0.257879) (0.136396, 0.337255, 0.227161) (-0.151622, 0.403201, -0.550373) (-0.360865, 0.157201, -0.621551) (-0.667815, 0.36023, -0.366738) (0.0918628, -0.144628, 0.0431487) (-0.321484, 0.0582921, 0.372766) (-0.563232, 0.270153, 0.351223) (-0.0264395, -0.00818457, 0.306246) (-0.0873317, 0.0714029, -0.505525) (0.0189648, -0.0965007, -0.277645) 


# Original Graph 232 in [225, 250)
14 vertices
0 1
0 2
0 3
0 4
0 5
0 6
0 7
0 8
1 8
1 7
1 9
1 2
2 9
2 3
3 10
4 11
4 5
5 12
6 12
6 7
7 9
7 8
10 13
10 11
11 13
12 13

# Unit Distance Graph 232
14 vertices
0 2
0 3
0 10
0 13
0 12
0 6
0 7
0 9
1 4
1 5
1 12
1 13
1 11
2 6
2 12
2 5
3 7
3 6
4 9
4 7
5 9
7 11
7 10
8 10
8 11
8 13

# Embedding 232 (with cost 8.02663e-15)
(-0.0549111, 0.179293, 0.717741) (-0.353043, -0.333716, 0.101237) (0.129906, -0.340727, -0.116178) (0.340244, -0.142378, -0.142712) (0.195393, 0.471075, 0.328238) (-0.0253242, 0.609608, 0.153574) (-0.445139, 0.476535, -0.153677) (-0.629346, 0.098006, -0.0967627) (-0.44677, -0.140573, 0.321489) (-0.172766, -0.337958, -0.129939) (0.365429, 0.142051, -0.18886) (0.324835, 0.389668, -0.0298947) (-0.174065, 0.610021, -0.17684) (0.104773, 0.496377, -0.217116) 


# Original Graph 233 in [225, 250)
14 vertices
0 1
0 2
0 3
0 4
0 5
0 6
0 7
1 7
1 8
1 5
1 2
2 9
3 10
3 11
4 12
4 5
5 8
5 6
6 8
7 8
9 13
9 10
10 13
11 13
11 12
12 13

# Unit Distance Graph 233
14 vertices
0 1
0 2
0 9
0 13
0 12
0 4
0 5
1 4
1 12
1 11
1 3
2 5
2 4
3 5
3 8
5 10
5 9
6 9
6 10
6 13
7 11
7 12
7 13
8 11
8 13
8 10

# Embedding 233 (with cost 9.54453e-15)
(0.399548, -0.954601, -0.321908) (0.526061, 0.0373211, -0.331177) (0.492682, -0.00406415, -0.0255862) (0.233505, -0.846636, 0.0335569) (-0.396262, -0.349075, -0.326826) (-0.272849, -0.272841, -0.610155) (0.132104, -0.443842, -0.721261) (0.487386, -0.15839, -0.541381) (0.230501, -0.15192, -0.685721) (0.271606, -0.120517, 0.214688) (0.165761, -0.412094, 0.277668) (-0.0860515, -0.583011, 0.159238) (-0.335744, -0.353816, -0.00821437) (-0.122556, -0.309895, 0.236448) 


# Original Graph 234 in [225, 250)
14 vertices
0 1
0 2
0 3
0 4
0 5
0 6
1 6
1 7
1 8
2 9
2 3
3 10
4 10
4 7
4 6
4 11
4 5
5 11
6 11
6 7
8 12
8 13
9 13
9 12
10 12
12 13

# Unit Distance Graph 234
14 vertices
0 1
0 8
0 12
0 10
0 4
0 7
1 4
1 10
1 3
2 4
2 6
2 7
3 7
3 6
4 9
4 13
4 8
5 8
5 13
5 12
6 10
6 12
6 9
9 11
11 12
11 13

# Embedding 234 (with cost 8.18598e-15)
(0.149647, 0.151691, -0.159439) (-0.625293, 0.650084, 0.229242) (-0.081668, -0.0845299, 0.0225863) (-0.237269, -0.162908, -0.204903) (-0.69022, 0.26329, -0.690636) (-0.193201, 0.382251, -0.556552) (-0.445618, 0.815047, -0.218872) (-0.658062, 0.729906, -0.0442272) (-0.70633, 0.385367, 0.301754) (-0.357211, -0.0974449, 0.180556) (-0.784771, -0.107297, -0.403957) (-0.410045, 0.57904, -0.554003) (-0.788392, -0.0643651, 0.111492) (-0.636303, 0.100849, 0.294609) 


# Original Graph 235 in [225, 250)
14 vertices
0 1
0 2
0 3
0 4
0 5
1 6
1 7
1 2
2 8
3 8
3 7
3 9
3 10
3 4
4 10
5 11
5 12
6 13
6 7
7 13
7 8
9 12
9 11
10 11
11 12
12 13

# Unit Distance Graph 235
14 vertices
0 3
0 9
0 12
0 13
0 7
1 3
1 10
1 11
1 9
2 9
2 11
2 12
3 6
3 13
3 12
3 5
4 6
4 7
4 13
5 7
5 8
6 10
7 11
7 10
8 12
8 11

# Embedding 235 (with cost 8.65229e-15)
(-0.280621, -0.744496, -0.337703) (0.135599, -0.332069, -0.57203) (0.0464334, -0.699007, -0.416604) (0.440889, -0.604555, 0.340411) (-0.144725, -0.779614, 0.0351681) (-0.442686, -0.377637, -0.0692264) (0.228332, 0.0454744, -0.389165) (0.476601, -0.0913406, -0.33931) (0.530995, -0.582876, 0.0298821) (-0.0160437, -0.114071, 0.392066) (-0.0652431, -0.5053, 0.392155) (-0.295346, -0.0867402, 0.296359) (-0.135162, 0.162416, 0.05771) (0.0741524, 0.174845, -0.167565) 


# Original Graph 236 in [225, 250)
14 vertices
0 1
0 2
0 3
0 4
0 5
1 6
1 7
2 8
2 3
3 9
3 4
4 9
4 10
4 6
4 11
4 5
5 11
6 11
6 10
7 10
7 12
8 13
8 9
9 13
9 12
12 13

# Unit Distance Graph 236
14 vertices
0 4
0 10
0 7
0 12
0 9
1 3
1 4
1 9
2 4
2 6
2 10
3 7
3 10
3 6
4 8
4 13
4 12
4 7
5 9
5 12
5 13
6 9
6 8
8 11
9 11
11 13

# Embedding 236 (with cost 7.55864e-15)
(-0.0754033, -0.370973, 0.0541923) (-0.284387, -0.153563, 0.634013) (0.144041, 0.051967, 0.000539457) (0.532973, 0.118197, 0.126009) (0.679819, -0.408003, 0.708614) (0.176272, -0.55832, 0.362588) (0.138128, -0.352172, 0.915218) (-0.110184, 0.177834, 0.889418) (0.239777, 0.317704, 0.179736) (0.509157, 0.384562, 0.349921) (0.0622521, -0.0516526, 0.991788) (0.306, -0.523284, 0.716722) (0.0504587, 0.369085, 0.714853) (0.208986, 0.436891, 0.454704) 


# Original Graph 237 in [225, 250)
14 vertices
0 1
0 2
0 3
0 4
0 5
0 6
1 6
1 7
1 8
2 8
2 9
2 10
2 3
3 10
4 11
4 5
5 9
5 12
6 13
6 7
7 13
7 12
7 8
9 11
10 11
12 13

# Unit Distance Graph 237
14 vertices
0 2
0 9
0 5
0 12
0 7
0 8
1 4
1 5
1 9
1 11
2 6
2 13
2 12
2 5
3 7
3 12
3 13
4 8
4 7
5 8
6 10
6 11
6 9
7 11
7 10
10 13

# Embedding 237 (with cost 9.67179e-15)
(-0.39353, -0.148804, 0.583659) (-0.0113903, 0.41781, 0.964966) (0.581806, 0.012036, 0.734826) (0.147762, -0.266161, 0.555012) (-0.00723376, 0.0309632, 0.0428309) (0.113191, 0.460415, -0.0263285) (-0.336639, 0.406366, 0.765864) (0.0863477, 0.707874, 0.772923) (0.457413, 0.274931, 0.894056) (0.33648, 0.265241, 0.0399205) (0.391907, -0.159122, 0.379283) (0.297153, -0.0201334, 0.120568) (0.0456935, 0.661338, 0.195391) (-0.105614, 0.699712, 0.501255) 


# Original Graph 238 in [225, 250)
14 vertices
0 1
0 2
0 3
0 4
0 5
1 6
1 7
1 8
2 9
2 3
3 7
3 10
4 10
4 11
5 11
5 12
5 10
5 6
6 10
7 13
7 8
8 13
8 9
9 13
10 12
11 12

# Unit Distance Graph 238
14 vertices
0 1
0 7
0 3
0 10
0 6
1 4
1 10
1 3
2 5
2 6
2 10
3 6
3 5
4 8
4 7
5 7
5 13
5 9
7 11
8 11
8 12
8 10
9 10
9 12
11 13
12 13

# Embedding 238 (with cost 9.43013e-15)
(0.350948, -0.252087, 0.391429) (-0.599281, -0.104072, 0.117283) (0.162089, -0.507185, 0.358692) (0.045988, -0.522928, -0.521612) (0.39618, -0.034694, 0.18242) (-0.160024, 0.340937, -0.0619422) (-0.444911, 0.190575, -0.0216803) (-0.228208, -0.618064, -0.337021) (-0.504029, -0.468136, 0.140558) (-0.141159, -0.597927, 0.281828) (0.119027, -0.155728, -0.576521) (0.249685, 0.179783, 0.030482) (0.117679, 0.225941, -0.222398) (-0.316866, -0.644007, 0.0107557) 


# Original Graph 239 in [225, 250)
14 vertices
0 1
0 2
0 3
0 4
0 5
1 5
1 6
1 7
2 7
2 8
3 8
3 9
3 10
4 10
4 6
4 11
5 12
5 13
6 13
6 11
7 10
7 9
7 8
8 9
11 12
12 13

# Unit Distance Graph 239
14 vertices
0 1
0 7
0 10
0 4
0 6
1 4
1 10
1 3
2 4
2 11
2 6
3 6
3 13
3 5
4 7
5 10
5 7
5 9
6 8
7 12
7 11
8 11
8 12
8 13
9 13
9 12

# Embedding 239 (with cost 6.41635e-15)
(-0.211276, -0.230553, -0.602476) (-0.259038, 0.763008, -0.499737) (-0.512827, 0.0246849, -0.30198) (-0.0783441, 0.104402, 0.230734) (0.406243, 0.236965, 0.0300557) (0.0279355, -0.0277571, -0.75478) (0.209538, 0.674361, -0.538858) (-0.466113, 0.657352, -0.219484) (-0.522457, 0.201415, -0.0484428) (-0.317459, 0.230856, 0.147341) (0.1844, 0.208285, 0.204283) (0.455197, 0.26952, -0.24733) (0.267364, 0.138469, -0.658542) (0.233545, 0.419941, -0.665458) 


# Original Graph 240 in [225, 250)
14 vertices
0 1
0 2
0 3
0 4
0 5
0 6
0 7
1 8
1 9
1 2
2 10
2 3
3 11
4 11
4 12
5 12
5 13
6 13
6 9
6 7
7 8
8 9
9 13
10 12
10 11
11 12

# Unit Distance Graph 240
14 vertices
0 1
0 2
0 10
0 12
0 5
0 13
0 9
1 5
1 12
1 4
2 6
2 13
2 5
3 6
3 9
3 13
4 9
4 8
6 11
6 10
7 10
7 11
7 12
8 12
8 11
9 11

# Embedding 240 (with cost 9.67017e-15)
(0.191911, 0.276687, -0.732435) (0.0977149, -0.456629, -0.0591042) (-0.154265, -0.276077, 0.0255983) (-0.222132, 0.121771, -0.145796) (0.114269, 0.542985, -0.0814166) (0.578217, 0.386165, 0.183416) (0.750344, -0.0300979, -0.322507) (0.490917, -0.00685933, -0.607983) (0.485155, -0.370612, -0.248104) (0.693352, -0.272088, -0.0635535) (-0.101072, 0.0485182, 0.196059) (-0.0215892, 0.39308, 0.151877) (0.286746, 0.477872, 0.242517) (0.750093, 0.146263, 0.0869692) 


# Original Graph 241 in [225, 250)
14 vertices
0 1
0 2
0 3
0 4
0 5
0 6
0 7
1 8
1 9
2 10
2 3
3 11
3 4
4 11
4 5
5 12
5 13
5 6
6 13
7 13
7 8
8 12
9 11
9 10
10 11
12 13

# Unit Distance Graph 241
14 vertices
0 1
0 9
0 11
0 4
0 5
0 12
0 8
1 5
1 4
2 5
2 13
2 12
3 7
3 8
3 12
3 13
4 8
4 7
5 10
5 9
6 9
6 10
6 11
7 11
10 13
11 13

# Embedding 241 (with cost 9.00104e-15)
(-0.704309, -0.340721, 0.761075) (-0.420682, 0.388748, 0.138636) (-0.341976, -0.35582, 0.468858) (-0.0984305, -0.296731, 0.604453) (0.146924, 0.15663, 0.928538) (-0.109857, 0.393467, 1.08909) (-0.632108, 0.266883, 1.00595) (-0.737363, 0.472271, 0.584436) (-0.554428, 0.551509, 0.335094) (-0.194554, 0.219338, 0.108018) (-0.142318, -0.0533356, 0.195048) (0.154943, 0.0484292, 0.429039) (-0.489519, 0.62362, 0.606439) (-0.609605, 0.521828, 0.866486) 


# Original Graph 242 in [225, 250)
14 vertices
0 1
0 2
0 3
0 4
0 5
1 5
1 6
1 7
2 7
2 8
2 9
3 9
3 10
4 10
4 6
4 11
5 12
5 6
6 13
7 10
7 9
7 8
8 9
11 13
11 12
12 13

# Unit Distance Graph 242
14 vertices
0 1
0 7
0 10
0 4
0 6
1 4
1 10
1 3
2 4
2 11
2 13
2 6
3 6
3 5
4 7
5 10
5 7
5 9
6 9
7 12
7 11
8 11
8 12
8 13
9 13
9 12

# Embedding 242 (with cost 9.76596e-15)
(0.435651, -0.096206, -0.854553) (-0.0712528, 0.63231, -0.39378) (0.613339, 0.104273, -0.632698) (0.49407, -0.105251, -0.0244384) (-0.0609575, -0.290473, -0.00859822) (-0.0774503, 0.0154138, -0.836106) (-0.322, 0.35101, -0.379199) (0.345771, 0.61147, -0.153757) (0.57134, 0.387171, -0.225995) (0.61939, 0.126415, -0.127521) (0.179432, -0.196244, 0.106875) (-0.23976, -0.197428, -0.207023) (-0.234268, -0.0610045, -0.613466) (-0.345545, 0.0126679, -0.364087) 


# Original Graph 243 in [225, 250)
14 vertices
0 1
0 2
0 3
0 4
0 5
0 6
1 7
1 8
2 9
2 3
3 10
3 4
4 7
4 6
4 11
4 5
5 11
5 6
6 11
6 7
8 10
8 12
9 12
9 13
10 13
12 13

# Unit Distance Graph 243
14 vertices
0 1
0 8
0 10
0 3
0 4
0 7
1 4
1 3
2 4
2 6
2 7
3 7
3 6
4 9
4 12
4 8
5 8
5 12
5 13
5 10
6 10
6 13
6 9
9 11
11 13
11 12

# Embedding 243 (with cost 8.65346e-15)
(0.687586, -0.412608, 0.0781027) (-0.237625, -0.160171, -0.205199) (0.66671, -0.353374, -0.227679) (0.520016, 0.476925, -0.346928) (0.393678, 0.542134, 0.123775) (0.391469, -0.0139938, 0.412269) (-0.090848, 0.0257721, 0.303692) (-0.238515, -0.0360439, 0.0549342) (-0.103797, -0.107193, -0.451458) (0.499642, -0.27272, -0.446124) (0.376137, 0.316393, -0.531452) (0.194331, 0.188464, 0.386999) (0.161381, -0.159356, -0.549983) (0.365231, 0.0346158, -0.586204) 


# Original Graph 244 in [225, 250)
14 vertices
0 1
0 2
0 3
0 4
0 5
1 6
1 7
1 8
2 9
2 3
3 7
3 10
4 10
4 11
4 12
5 12
5 10
5 6
6 10
7 9
7 13
8 13
8 9
9 13
10 11
11 12

# Unit Distance Graph 244
14 vertices
0 1
0 7
0 3
0 10
0 6
1 4
1 10
1 3
2 5
2 6
2 10
3 6
3 5
4 8
4 13
4 7
5 7
5 9
7 12
8 11
8 10
9 10
9 11
9 12
11 13
12 13

# Embedding 244 (with cost 8.82296e-15)
(-0.813194, -0.143031, -0.115792) (0.0441182, 0.331768, -0.314746) (-0.80722, 0.237806, -0.072158) (-0.304482, 0.300661, 0.622009) (-0.489111, -0.38284, 0.138027) (0.0786899, -0.221028, -0.140238) (0.16244, 0.0471643, -0.225177) (-0.288158, 0.575715, 0.339996) (-0.190055, 0.491273, -0.244718) (-0.626773, 0.485439, -0.0834295) (-0.11992, -0.0427061, 0.597866) (-0.219265, -0.334647, 0.318313) (-0.117456, -0.365146, 0.0473477) (-0.372505, 0.60058, -0.000854299) 


# Original Graph 245 in [225, 250)
14 vertices
0 1
0 2
0 3
0 4
0 5
1 5
1 3
1 6
2 7
2 8
3 8
3 5
3 9
3 4
4 9
4 10
5 10
6 11
6 12
7 12
7 13
7 11
8 11
9 10
11 13
12 13

# Unit Distance Graph 245
14 vertices
0 1
0 6
0 11
0 8
0 3
1 3
1 8
1 2
2 3
2 5
3 7
3 12
3 6
4 6
4 12
4 13
4 11
5 8
5 11
5 7
7 9
7 10
9 13
9 12
10 11
10 13

# Embedding 245 (with cost 8.48059e-15)
(0.0289683, 0.391902, -0.713077) (-0.411723, -0.334634, -0.18588) (-0.231505, 0.585571, -0.533362) (0.298441, 0.228966, 0.236047) (0.33538, 0.120152, -0.43286) (-0.110032, -0.376401, -0.28871) (-0.57823, -0.114503, -0.100816) (-0.448341, 0.563296, -0.338879) (0.0263499, 0.430384, 0.286179) (0.364578, 0.0143514, -0.144399) (0.165792, -0.225237, -0.30637) (-0.354638, 0.456228, 0.208177) (-0.622307, 0.175663, -0.150452) (-0.533646, 0.44578, -0.0603543) 


# Original Graph 246 in [225, 250)
14 vertices
0 1
0 2
0 3
0 4
1 5
1 6
1 2
2 6
2 7
3 7
3 8
4 9
4 10
5 11
5 6
6 11
6 10
6 7
7 12
7 13
7 8
8 13
9 13
9 12
10 12
10 11

# Unit Distance Graph 246
14 vertices
0 6
0 7
0 12
0 10
1 7
1 13
1 9
1 12
2 4
2 10
2 12
2 9
3 6
3 10
3 11
4 7
4 6
5 7
5 8
5 13
6 9
6 13
6 8
7 11
7 10
8 11

# Embedding 246 (with cost 6.46897e-15)
(0.542138, 0.296299, 0.401385) (0.574783, 0.438686, 0.0765312) (0.15183, 0.00754636, -0.184196) (0.132958, 0.0122787, 0.458002) (-0.0102143, 0.658792, 0.557168) (0.384987, 0.665434, -0.0860863) (0.00337651, 0.465567, -0.423893) (-0.260056, -0.0977229, -0.0472034) (-0.152014, 0.0209871, 0.458265) (-0.315136, 0.541042, 0.521016) (-0.213986, 0.887128, 0.119966) (0.0158768, 0.863432, -0.0536908) (-0.35909, 0.717673, 0.300242) (-0.311282, 0.252645, 0.501123) 


# Original Graph 247 in [225, 250)
14 vertices
0 1
0 2
0 3
0 4
0 5
1 5
1 6
2 7
2 8
3 8
3 9
3 6
3 5
3 10
3 4
4 10
5 10
5 6
6 11
7 12
7 13
8 9
9 13
11 13
11 12
12 13

# Unit Distance Graph 247
14 vertices
0 3
0 6
0 11
0 13
0 9
1 3
1 9
1 8
2 3
2 5
2 6
3 7
3 12
3 11
3 6
4 11
4 12
4 13
5 8
5 9
5 13
5 7
6 8
7 10
10 13
10 12

# Embedding 247 (with cost 7.90338e-15)
(0.0157366, -0.315569, -0.253698) (-0.201645, 0.444543, -0.218294) (-0.317863, -0.448514, -0.266898) (-0.322372, -0.042244, 0.646844) (0.0937515, -0.0792725, 0.177596) (-0.0435096, 0.467408, 0.0260484) (-0.516731, 0.524929, -0.153493) (-0.627181, -0.28731, -0.273501) (-0.499622, -0.399313, 0.22793) (-0.750763, -0.151737, 0.367299) (0.0378386, 0.23222, 0.263004) (-0.747532, 0.326279, -0.179855) (-0.816844, 0.0383832, -0.218602) (-0.89819, -0.0509893, 0.0540942) 


# Original Graph 248 in [225, 250)
14 vertices
0 1
0 2
0 3
0 4
0 5
0 6
1 6
1 7
1 2
2 8
2 9
3 10
3 11
4 11
4 7
5 7
5 12
5 6
6 12
6 7
7 12
8 11
8 13
9 13
9 10
10 13

# Unit Distance Graph 248
14 vertices
0 1
0 2
0 8
0 11
0 4
0 7
1 4
1 11
1 3
2 5
2 7
2 4
3 7
3 6
5 9
5 13
5 8
6 11
6 8
6 13
6 10
7 10
7 9
9 12
10 12
12 13

# Embedding 248 (with cost 9.94812e-15)
(0.649117, -0.296127, -0.100514) (-0.336325, -0.327598, -0.26759) (-0.238637, -0.549526, -0.484808) (0.627474, -0.593554, -0.248623) (0.0869035, -0.987601, 0.353114) (0.240029, -0.261226, 0.344506) (-0.171605, -0.187757, 0.195) (-0.0443584, -0.721582, 0.480932) (0.0442946, -1.08826, -0.18247) (0.00513352, -0.709886, -0.517774) (0.41235, -0.730542, -0.40864) (0.136258, -1.13332, 0.0894601) (-0.0138463, -0.390661, 0.429714) (0.153008, -0.922673, -0.40042) 


# Original Graph 249 in [225, 250)
14 vertices
0 1
0 2
0 3
0 4
0 5
1 6
1 7
2 8
2 9
3 10
3 11
4 11
4 12
5 12
5 6
6 12
6 11
6 7
7 13
7 8
8 13
9 13
9 10
10 13
10 11
11 12

# Unit Distance Graph 249
14 vertices
0 6
0 7
0 13
0 10
0 11
1 3
1 11
1 10
2 6
2 11
2 12
3 7
3 6
4 7
4 8
4 13
5 9
5 10
5 13
6 10
6 9
7 11
8 12
8 11
9 12
12 13

# Embedding 249 (with cost 8.54796e-15)
(-0.602864, -0.0305301, -0.247955) (-0.240451, -0.441495, -0.0327349) (-0.447638, 0.107844, 0.0359761) (0.178826, 0.375286, -0.429064) (-0.0522599, -0.0791053, -0.700962) (-0.0704243, -0.459325, -0.5025) (0.219333, -0.59794, -0.20281) (0.208184, -0.391005, 0.21276) (-0.0152583, -0.0799808, 0.298353) (0.020892, 0.334723, 0.0984564) (0.294268, 0.397076, -0.137019) (0.30704, 0.156279, -0.618329) (0.136964, -0.300537, -0.66507) (0.262551, 0.144942, 0.22137) 
