

# Original Graph 325 in [325, 350)
14 vertices
0 1
0 2
0 3
0 4
0 5
0 6
1 6
1 7
1 8
1 2
2 9
2 10
3 11
3 12
4 13
4 8
5 8
5 6
6 8
6 7
7 8
9 13
9 10
10 11
11 12
12 13

# Unit Distance Graph 325
14 vertices
0 1
0 2
0 9
0 13
0 4
0 8
1 4
1 13
1 12
1 3
2 5
2 8
2 4
3 8
3 7
5 10
5 9
6 9
6 10
6 11
6 12
6 13
7 12
7 11
8 11
8 10

# Embedding 325 (with cost 7.06128e-15)
(0.960891, 0.0263534, 0.0661177) (0.41514, -0.528895, 0.693696) (0.549146, -0.395692, 0.873795) (1.26228, -0.0402216, 0.485024) (1.32997, -0.830775, 0.425441) (0.889468, -0.316993, -0.0632143) (0.619181, -0.449704, 0.02658) (0.526845, -0.688232, 0.287003) (1.01314, -0.96402, 0.194299) (1.12255, -0.520235, 0.887766) (1.01995, -0.284254, 0.927695) (1.24061, -0.170386, 0.758567) (1.3987, -0.354776, 0.64573) (1.39742, -0.69405, 0.605064) 


# Original Graph 326 in [325, 350)
14 vertices
0 1
0 2
0 3
0 4
0 5
0 6
1 7
1 8
1 2
2 8
2 9
3 9
3 10
4 10
4 11
5 11
5 12
6 12
6 7
7 12
7 8
8 9
9 10
10 13
11 13
12 13

# Unit Distance Graph 326
14 vertices
0 7
0 8
0 9
0 10
0 13
0 12
1 4
1 11
1 13
1 10
2 5
2 12
2 13
2 11
3 6
3 7
3 12
4 8
4 7
5 9
5 8
6 10
6 9
7 10
8 11
9 12

# Embedding 326 (with cost 9.10832e-15)
(-0.102858, -1.00684, 0.48559) (-0.572647, -1.0687, -0.10926) (-0.84572, -1.01043, 0.168383) (-0.804454, -0.535937, 0.509299) (-0.35843, -0.327048, 0.5264) (-0.00391084, -0.473791, 0.226462) (-0.168699, -0.691209, -0.246814) (-0.426858, -0.686059, -0.404422) (-0.836557, -0.853775, -0.176418) (-0.993872, -0.588748, 0.308697) (-0.752546, -0.248418, 0.43367) (-0.233806, -0.235874, 0.328448) (-0.216407, -0.37857, -0.284072) (-0.399082, -0.116144, 0.140763) 


# Original Graph 327 in [325, 350)
14 vertices
0 1
0 2
0 3
0 4
0 5
1 6
1 7
1 2
2 8
3 9
3 10
4 10
4 11
4 12
4 5
5 12
6 12
6 7
7 12
7 13
8 13
8 9
9 13
9 11
9 10
11 12

# Unit Distance Graph 327
14 vertices
0 7
0 13
0 9
0 11
0 12
1 4
1 11
1 9
1 10
2 4
2 12
2 11
3 6
3 7
3 12
4 8
4 13
4 7
5 8
5 9
5 13
6 10
6 9
7 10
8 12
9 12

# Embedding 327 (with cost 8.57687e-15)
(-0.248498, -1.3597, -0.4502) (-0.333741, -1.09225, -0.902087) (-0.426456, -0.917274, -0.56823) (-0.0958747, -0.768559, -0.132282) (0.560694, -1.03367, -0.458742) (0.493972, -1.10455, -0.725399) (0.0785871, -0.886929, -1.10981) (-0.0746697, -0.641476, -1.12395) (-0.348564, -0.618813, -0.492606) (-0.032097, -0.406319, -0.239884) (0.127255, -0.629951, -0.144615) (0.565898, -0.794685, -0.582547) (0.51146, -0.905241, -0.914882) (-0.177047, -0.373675, -0.600685) 


# Original Graph 328 in [325, 350)
14 vertices
0 1
0 2
0 3
0 4
0 5
1 6
1 7
1 8
2 9
2 10
3 10
3 7
3 11
4 11
4 12
5 12
5 6
6 13
6 11
7 10
7 8
8 9
9 10
11 13
11 12
12 13

# Unit Distance Graph 328
14 vertices
0 1
0 7
0 3
0 11
0 6
1 4
1 11
1 3
2 6
2 11
2 13
3 6
3 5
4 8
4 7
5 7
5 10
6 10
7 12
8 12
8 11
9 11
9 12
9 13
10 13
10 12

# Embedding 328 (with cost 9.89462e-15)
(1.20021, -0.150912, 0.446742) (0.513173, 0.561473, 0.589876) (1.24191, 0.179221, 0.270986) (0.674571, 0.199748, -0.328332) (0.692028, -0.351328, 0.222717) (0.762555, -0.241435, 0.564762) (0.299775, 0.257306, 0.596987) (0.698436, 0.640914, 0.0985549) (0.822392, 0.632385, 0.346472) (1.11306, 0.454622, 0.214821) (0.941084, 0.435478, -0.149322) (0.374422, -0.132197, -0.116926) (0.473142, -0.304558, 0.333767) (0.282961, -0.0673022, 0.411111) 


# Original Graph 329 in [325, 350)
14 vertices
0 1
0 2
0 3
0 4
0 5
1 5
1 6
1 3
1 7
2 8
2 9
3 10
3 6
3 11
3 4
4 11
5 11
6 11
7 12
7 13
8 13
8 9
9 12
9 10
10 12
12 13

# Unit Distance Graph 329
14 vertices
0 1
0 7
0 12
0 10
0 3
1 3
1 10
1 9
1 2
2 3
2 6
3 8
3 13
3 7
4 7
4 13
4 12
5 9
5 10
5 12
6 9
6 8
8 11
9 11
11 12
11 13

# Embedding 329 (with cost 9.52571e-15)
(-0.527808, 0.439919, 0.257961) (-0.0699969, 0.613474, -0.613984) (-0.413574, 0.740599, 0.316497) (0.452041, 0.263702, 0.163921) (-0.0947669, 0.122413, 0.154628) (-0.330459, 0.270352, -0.260903) (0.104729, 0.293201, -0.412336) (0.00135665, 0.918744, -0.442547) (-0.211494, 1.01052, 0.20852) (0.0711505, 0.994496, 0.299745) (0.451039, 0.643634, 0.239018) (0.00384011, 0.0961492, -0.134356) (0.215298, 1.06244, 0.0124854) (-0.0498865, 1.09327, -0.0808024) 


# Original Graph 330 in [325, 350)
14 vertices
0 1
0 2
0 3
0 4
0 5
0 6
1 7
1 8
1 9
2 10
2 3
3 10
3 4
4 8
4 11
5 11
5 6
6 11
6 12
6 7
7 13
8 9
9 10
11 13
11 12
12 13

# Unit Distance Graph 330
14 vertices
0 1
0 8
0 4
0 11
0 13
0 7
1 5
1 11
1 4
2 11
2 12
2 13
3 6
3 7
3 13
3 12
4 7
4 6
5 9
5 8
6 8
6 9
6 10
9 11
10 12
10 11

# Embedding 330 (with cost 9.51305e-15)
(-0.639931, -0.00341629, -0.125953) (0.0931452, 0.596455, -0.446504) (-0.227577, -0.0875227, -0.104328) (-0.153414, -0.260722, -0.245406) (-0.0269443, -0.30847, -0.85478) (-0.685249, 0.0972152, -0.827112) (-0.745628, 0.376984, -0.737964) (-0.0837463, 0.662634, -0.622979) (0.222855, 0.346622, -0.490744) (0.128338, 0.255091, -0.267512) (-0.00368106, 0.0325994, -0.162713) (-0.375135, -0.00878451, -1.09024) (-0.522767, 0.327238, -0.965046) (-0.293872, 0.422642, -0.961846) 


# Original Graph 331 in [325, 350)
14 vertices
0 1
0 2
0 3
0 4
0 5
0 6
1 6
1 7
1 8
1 2
2 8
2 9
3 9
3 10
4 10
4 11
5 11
5 8
5 7
6 7
7 8
9 12
9 13
10 13
11 12
12 13

# Unit Distance Graph 331
14 vertices
0 2
0 9
0 12
0 11
0 5
0 8
1 4
1 11
1 12
1 13
1 10
2 5
2 11
2 4
3 5
3 7
3 8
4 8
5 9
6 9
6 13
6 12
7 10
7 13
7 9
8 10

# Embedding 331 (with cost 9.9748e-15)
(-0.0565153, -0.46558, 0.495117) (0.0384411, 0.28182, 0.949331) (0.013448, 0.00812735, 1.37302) (-0.0120904, -0.618414, 0.826653) (0.313097, -0.638803, 0.671809) (0.811062, -0.0531368, 0.772967) (0.148413, 0.000456621, 0.496255) (0.517132, 0.217565, 0.681523) (0.329617, 0.304797, 1.00248) (0.11586, -0.265657, 1.45965) (0.256725, -0.692541, 1.00385) (0.839894, -0.315072, 0.912008) (0.613523, -0.483949, 1.23722) (0.41124, -0.593828, 1.25635) 


# Original Graph 332 in [325, 350)
14 vertices
0 1
0 2
0 3
0 4
1 5
1 6
1 2
2 7
2 8
3 8
3 9
4 10
4 11
5 11
5 7
5 6
6 7
7 11
7 8
8 12
8 13
9 13
9 10
10 13
10 12
11 12

# Unit Distance Graph 332
14 vertices
0 7
0 8
0 12
0 11
1 8
1 13
1 10
1 12
2 4
2 11
2 12
2 10
3 5
3 7
3 11
4 8
4 7
5 9
5 13
5 8
6 9
6 10
6 13
7 10
7 9
8 11

# Embedding 332 (with cost 9.69566e-15)
(0.787924, -0.209788, -0.531076) (0.817544, 0.0489788, -0.429446) (0.418203, 0.0445912, 0.0641237) (0.321531, -0.431344, -0.517749) (0.329203, 0.129151, -0.928312) (0.460804, 0.558899, -0.513094) (0.599426, 0.412866, -0.281789) (0.227813, 0.400885, 0.0287042) (-0.0933049, -0.141585, -0.0633327) (0.0284431, -0.336883, -0.616237) (-0.110942, -0.0906616, -0.773559) (0.148402, 0.519808, -0.773358) (-0.116102, 0.140794, -0.775676) (-0.140044, -0.238199, -0.452958) 


# Original Graph 333 in [325, 350)
14 vertices
0 1
0 2
0 3
1 4
1 5
1 6
1 7
2 8
2 6
3 5
3 9
4 9
4 10
4 11
4 5
5 11
5 6
6 12
6 7
7 12
7 13
7 8
8 13
9 10
10 11
12 13

# Unit Distance Graph 333
14 vertices
0 1
0 6
0 5
1 3
1 5
1 6
1 2
2 5
2 4
3 7
3 6
4 6
4 12
4 13
4 8
5 8
5 7
6 9
7 9
7 10
7 11
8 11
9 12
10 13
10 12
11 13

# Embedding 333 (with cost 8.01056e-15)
(-1.03923, -0.837596, -0.208366) (-1.01948, 0.0994685, -0.556962) (-0.874054, -0.754988, -0.0582074) (-1.04086, -0.897398, -0.480805) (-1.04249, -0.250899, -0.905275) (-0.367955, -0.576185, -0.901945) (-0.167007, -0.412195, -0.449734) (-0.677553, -0.0397662, -0.116831) (-0.760219, -0.518171, 0.0160767) (-1.07551, -0.723312, -0.728708) (-0.960561, -0.571673, -0.914942) (-0.706907, -0.539929, -0.982264) (-0.398646, -0.280495, -0.14069) (-0.61109, -0.338771, -0.00740297) 


# Original Graph 334 in [325, 350)
14 vertices
0 1
0 2
0 3
0 4
0 5
0 6
1 6
1 7
1 8
1 2
2 8
2 9
3 10
3 11
3 4
4 12
5 12
5 8
5 7
5 6
6 7
9 13
9 10
10 11
11 13
12 13

# Unit Distance Graph 334
14 vertices
0 2
0 9
0 13
0 12
0 5
0 8
1 3
1 4
1 12
1 13
1 11
2 5
2 12
2 4
3 8
3 5
3 7
4 8
5 10
5 9
6 9
6 10
6 11
6 13
7 11
7 10

# Embedding 334 (with cost 9.39677e-15)
(2.06783, -0.0602141, 0.923432) (1.20228, -0.00663177, 0.71575) (1.13333, -0.413028, 0.876214) (1.98243, -0.396151, 1.20528) (1.93808, -0.107803, 1.38535) (1.35892, 0.320878, 1.51691) (1.621, 0.30676, 0.887841) (1.28966, 0.282179, 0.960445) (1.07121, -0.134048, 0.887506) (1.24219, -0.58927, 1.11941) (1.59846, -0.617688, 1.26848) (1.63342, -0.510151, 1.46447) (1.43588, 0.0948355, 1.68277) (1.42051, -0.321718, 1.63938) 


# Original Graph 335 in [325, 350)
14 vertices
0 1
0 2
0 3
0 4
0 5
0 6
1 6
1 7
1 8
2 9
2 3
3 10
4 10
4 7
4 6
4 11
5 11
5 6
6 11
6 7
8 12
8 13
8 9
9 13
10 12
12 13

# Unit Distance Graph 335
14 vertices
0 1
0 8
0 12
0 10
0 4
0 7
1 4
1 10
1 3
2 4
2 6
2 7
3 7
3 6
4 9
4 8
5 8
5 13
5 12
6 10
6 12
6 13
6 9
8 11
9 11
11 13

# Embedding 335 (with cost 9.92347e-15)
(-0.98084, 0.844129, -0.235202) (-0.120338, 1.1062, 0.201671) (-0.693559, 0.959863, -0.501342) (-0.616742, 0.702646, -0.566919) (-0.269985, 0.158257, -0.079427) (-0.853661, 0.629867, 0.110044) (-0.503402, 0.632266, 0.424141) (-0.14943, 0.765826, 0.314913) (-0.0248929, 1.12515, -0.150405) (-0.27071, 1.09414, -0.431736) (-0.135844, 0.361522, -0.465577) (-0.635405, 0.420395, 0.210965) (-0.0296301, 0.629123, -0.4565) (-0.0673719, 0.952509, -0.416883) 


# Original Graph 336 in [325, 350)
14 vertices
0 1
0 2
0 3
0 4
1 5
1 6
1 2
2 6
2 7
2 8
2 9
2 10
2 3
3 10
3 4
4 11
5 12
5 6
6 12
6 7
7 13
8 13
8 11
9 11
9 10
12 13

# Unit Distance Graph 336
14 vertices
0 2
0 8
0 13
0 7
1 2
1 9
1 11
1 8
2 5
2 12
2 13
2 8
2 11
2 4
3 6
3 7
3 13
3 12
4 7
4 6
5 10
5 9
6 11
6 9
6 10
10 12

# Embedding 336 (with cost 9.70437e-15)
(0.39203, -0.502107, 1.1363) (0.638604, -0.335402, 1.31203) (1.13232, -0.53069, 0.464618) (0.387757, -0.60711, 0.714746) (0.20781, -0.334465, 0.791387) (0.765667, -0.0811281, 1.27915) (1.1123, -0.0270787, 1.08703) (1.12173, 0.0703921, 0.762426) (0.54366, 0.275363, 0.525932) (0.492572, -0.228602, 0.328533) (0.577109, -0.518044, 0.399632) (0.346472, 0.0876448, 0.454307) (0.807848, 0.259196, 0.985001) (0.703338, 0.34166, 0.699099) 


# Original Graph 337 in [325, 350)
14 vertices
0 1
0 2
0 3
0 4
0 5
1 5
1 6
1 7
2 7
2 8
2 9
2 3
3 9
3 10
4 10
4 6
4 11
5 11
5 12
5 13
6 13
7 10
7 8
8 9
11 12
12 13

# Unit Distance Graph 337
14 vertices
0 1
0 7
0 10
0 4
0 6
1 4
1 10
1 3
2 4
2 11
2 12
2 13
2 6
3 6
3 13
3 5
4 7
5 10
5 7
5 8
5 9
7 11
8 12
8 11
9 13
9 12

# Embedding 337 (with cost 9.17676e-15)
(-0.066695, -0.290923, -0.625845) (0.178175, -0.0318548, 0.308458) (-0.339254, 0.230299, -0.380164) (-0.722315, -0.0405628, -0.126332) (-0.649753, -0.566314, 0.138488) (0.0806299, -0.589058, -0.35964) (0.125441, -0.263061, 0.355128) (-0.0195947, 0.203185, 0.242279) (-0.230877, 0.28729, 0.00775308) (-0.54773, 0.170774, -0.19285) (-0.761743, -0.296758, 0.0930951) (-0.330365, -0.706968, -0.0316629) (-0.0376535, -0.685962, -0.116527) (0.136205, -0.476603, 0.143504) 


# Original Graph 338 in [325, 350)
14 vertices
0 1
0 2
0 3
0 4
1 5
1 6
2 7
2 3
3 8
4 9
4 10
5 10
5 9
5 11
5 6
6 11
6 12
6 13
7 13
7 12
8 12
8 9
9 12
9 11
9 10
12 13

# Unit Distance Graph 338
14 vertices
0 6
0 12
0 9
0 11
1 8
1 9
1 12
2 5
2 11
2 9
3 5
3 6
3 11
4 6
4 13
4 12
5 8
5 12
5 7
6 9
6 8
7 9
7 10
9 13
10 12
10 13

# Embedding 338 (with cost 9.36625e-15)
(-0.40739, -0.266874, 0.158745) (0.0603461, -0.34048, 0.620076) (-0.480965, 0.0911303, 0.281555) (-0.392013, 0.186722, 0.0751803) (-0.0140871, -0.280423, -0.0592418) (0.448328, -0.267044, 0.371698) (0.24001, 0.0717256, 0.84155) (-0.366113, 0.30356, 0.477043) (-0.194233, 0.405728, 0.00496436) (0.421644, 0.210842, -0.131926) (0.34329, -0.259025, 0.0524888) (0.487704, 0.00293417, 0.513722) (-0.00445945, 0.624557, 0.366102) (-0.0962134, 0.350776, 0.712018) 


# Original Graph 339 in [325, 350)
14 vertices
0 1
0 2
0 3
0 4
0 5
1 6
1 7
2 8
2 3
3 9
3 4
4 9
4 10
4 6
4 11
5 11
5 6
6 11
6 10
7 10
7 12
8 12
8 13
9 13
9 12
12 13

# Unit Distance Graph 339
14 vertices
0 4
0 10
0 7
0 12
0 9
1 3
1 4
1 9
2 4
2 6
2 10
3 7
3 10
3 6
4 8
4 12
4 7
5 9
5 12
5 13
6 9
6 13
6 8
8 11
11 13
11 12

# Embedding 339 (with cost 9.98541e-15)
(0.494196, 0.747257, -0.935733) (0.18307, 0.178634, -1.1749) (0.778729, 0.535398, -0.903178) (0.737095, 0.408384, -0.374733) (0.19949, 0.168843, -0.175085) (0.0491905, 0.483939, -0.80463) (-0.114455, 0.0983054, -0.797477) (0.412151, -0.241348, -1.06194) (0.871129, 0.22084, -0.914137) (0.800234, -0.0553087, -0.42365) (0.0449461, -0.141272, -0.842502) (-0.0622379, 0.238042, -0.555625) (0.752731, -0.218468, -0.912591) (0.865815, -0.0888958, -0.734031) 


# Original Graph 340 in [325, 350)
14 vertices
0 1
0 2
0 3
0 4
1 4
1 5
1 6
2 7
2 8
3 9
3 10
4 11
4 5
5 12
5 10
5 6
6 13
6 8
6 7
7 8
8 9
9 13
10 13
10 12
10 11
11 12

# Unit Distance Graph 340
14 vertices
0 5
0 6
0 13
0 10
1 3
1 10
1 13
1 9
2 5
2 10
2 12
3 6
3 5
4 6
4 8
4 9
4 13
5 9
5 8
6 11
6 10
7 10
7 11
7 12
8 12
8 11

# Embedding 340 (with cost 9.09834e-15)
(0.556862, -0.00221638, -0.749272) (-0.0604813, -0.242211, -0.601667) (0.580336, -0.414962, -0.513872) (0.75505, 0.0383529, -0.0955128) (0.232179, 0.233448, -0.639208) (-0.2433, 0.0199476, -0.149898) (0.021214, -0.634444, -0.189477) (0.337702, -0.639871, -0.277679) (0.547206, -0.592141, -0.171061) (0.673348, -0.311033, 0.0741714) (0.312185, 0.244493, 0.188421) (0.207374, 0.348065, -0.194036) (0.111241, 0.286808, 0.0222897) (0.489684, -0.185615, 0.231468) 


# Original Graph 341 in [325, 350)
14 vertices
0 1
0 2
0 3
0 4
0 5
1 5
1 6
1 7
1 8
2 9
2 10
3 11
3 4
4 12
4 7
4 5
5 7
5 6
6 7
7 8
8 9
9 12
10 13
10 11
11 13
12 13

# Unit Distance Graph 341
14 vertices
0 4
0 7
0 8
0 9
0 12
1 3
1 4
1 12
1 13
1 11
2 4
2 5
2 7
3 8
3 7
4 9
4 8
5 10
5 13
5 12
5 9
6 10
6 11
6 13
7 11
7 10

# Embedding 341 (with cost 9.66115e-15)
(-0.175406, 0.00317143, 0.131049) (-0.731648, -0.241993, -0.113794) (-0.268651, 0.0510849, 0.44244) (-0.512168, 0.645798, 0.29075) (-0.829175, 0.747373, -0.00588511) (-0.846241, 0.387938, -0.301145) (-0.94771, 0.0467078, -0.231454) (-1.16695, -0.0586995, 0.0169987) (-1.13959, -0.129746, 0.360595) (-1.06747, -0.0256537, 0.582029) (-0.397231, 0.241627, 0.580321) (-0.509502, 0.452388, 0.570666) (-0.944107, 0.312011, 0.691154) (-0.703835, 0.354814, 0.688109) 


# Original Graph 342 in [325, 350)
14 vertices
0 1
0 2
0 3
0 4
0 5
1 6
1 7
1 8
2 9
2 10
2 11
3 11
3 4
4 10
4 7
4 12
4 5
5 12
6 12
6 7
7 8
8 13
9 13
9 10
10 13
10 11

# Unit Distance Graph 342
14 vertices
0 4
0 7
0 8
0 13
0 10
1 3
1 4
1 10
1 11
2 4
2 12
2 6
2 7
3 8
3 7
4 9
4 13
4 8
5 9
5 10
5 13
6 11
6 10
7 11
9 12
10 12

# Embedding 342 (with cost 9.93894e-15)
(0.815253, 0.542252, 1.70058) (1.42965, 0.692508, 1.2526) (1.08118, -0.0250972, 1.65757) (0.675164, 0.0393746, 1.31719) (0.701515, 0.212354, 0.763442) (0.741663, 0.637638, 1.17809) (1.25243, 0.695712, 0.98593) (1.43981, 0.546569, 0.919619) (1.61851, 0.323866, 1.14643) (1.41739, -0.0638048, 1.40473) (1.15876, -0.269808, 1.22882) (0.898632, -0.141359, 1.40323) (0.889198, 0.65068, 0.945909) (1.57413, 0.0865291, 1.23537) 


# Original Graph 343 in [325, 350)
14 vertices
0 1
0 2
0 3
0 4
0 5
1 5
1 6
1 3
1 7
2 8
2 9
3 10
3 6
3 4
4 11
5 11
5 6
6 11
7 12
7 8
8 12
8 13
9 13
9 10
10 12
12 13

# Unit Distance Graph 343
14 vertices
0 1
0 7
0 12
0 10
0 3
1 3
1 10
1 9
1 2
2 3
2 6
3 8
3 7
4 7
4 8
4 12
5 9
5 10
5 12
5 13
6 9
6 13
6 8
8 11
11 13
11 12

# Embedding 343 (with cost 9.58392e-15)
(-0.406222, -0.862543, -0.78715) (-1.01498, -0.119346, -0.509535) (-0.218531, -0.706594, -0.653778) (-0.481767, -0.0407142, -1.35185) (-0.635703, -0.642948, -1.17598) (-1.01075, -0.540233, -0.796714) (-1.05142, -0.265279, -0.987735) (-0.804157, -0.0283615, -0.405327) (-0.26116, -0.160906, -0.383925) (-0.0676985, -0.20824, -0.817357) (-0.303848, 0.0456654, -1.19295) (-0.932499, -0.524722, -1.02963) (-0.274568, 0.117118, -0.635721) (-0.147506, -0.0729934, -0.605692) 


# Original Graph 344 in [325, 350)
14 vertices
0 1
0 2
0 3
0 4
0 5
0 6
1 7
1 8
1 9
2 9
2 10
2 3
3 10
3 11
3 4
4 12
5 12
5 11
5 6
6 13
7 13
7 8
8 10
8 9
11 13
11 12

# Unit Distance Graph 344
14 vertices
0 3
0 11
0 13
0 7
0 8
0 10
1 3
1 4
1 12
1 11
2 5
2 6
2 13
2 11
3 7
3 13
3 6
4 8
4 7
5 10
5 8
5 9
6 10
8 12
9 11
9 12

# Embedding 344 (with cost 9.87917e-15)
(-1.44079, 0.993537, -0.928796) (-1.79778, 0.215649, -1.0526) (-1.26007, 0.307763, -0.817084) (-0.821874, 0.281592, -1.26058) (-1.12428, 0.932956, -1.2311) (-1.42675, 0.855063, -1.63726) (-1.64495, 0.686591, -1.65872) (-1.79783, 0.234678, -1.47346) (-1.48931, 0.0104723, -1.10551) (-1.5755, 0.1461, -0.947878) (-1.06058, 0.0869545, -1.11197) (-1.20301, 0.540442, -1.78796) (-1.21796, 0.870936, -1.53675) (-1.70704, 0.421233, -1.70441) 


# Original Graph 345 in [325, 350)
14 vertices
0 1
0 2
0 3
0 4
0 5
0 6
1 7
1 8
1 2
2 8
2 3
3 8
3 4
4 8
4 9
4 5
5 10
6 11
6 12
7 12
7 8
9 13
9 10
10 11
11 13
12 13

# Unit Distance Graph 345
14 vertices
0 4
0 9
0 13
0 12
0 7
0 8
1 4
1 5
1 10
1 9
2 9
2 10
2 11
2 13
3 6
3 12
3 13
3 11
4 7
4 12
4 6
5 8
5 7
6 8
8 11
8 10

# Embedding 345 (with cost 9.54838e-15)
(-0.998121, -1.03617, 0.660537) (-1.5945, -0.835391, 0.222669) (-1.38464, -0.76228, 0.547083) (-1.07162, -0.336401, 0.327009) (-0.764764, -0.324473, -0.00205415) (-0.597587, -0.870102, 0.152242) (-0.98483, -1.29763, 0.0652791) (-1.5415, -0.930849, -0.172318) (-1.48977, -0.435186, 0.0303856) (-0.718947, -0.552678, -0.169098) (-0.662328, -0.978989, -0.109649) (-0.83698, -1.16029, -0.188887) (-1.3551, -1.08505, -0.272296) (-1.04574, -1.08349, -0.337207) 


# Original Graph 346 in [325, 350)
14 vertices
0 1
0 2
0 3
0 4
0 5
1 6
1 7
1 8
2 8
2 9
3 9
3 7
3 10
4 10
4 11
4 5
5 11
5 6
6 12
6 10
7 13
8 13
8 9
9 13
10 12
11 12

# Unit Distance Graph 346
14 vertices
0 1
0 7
0 3
0 10
0 6
1 4
1 10
1 3
2 6
2 10
2 12
3 6
3 5
4 8
4 13
4 7
5 7
5 13
5 9
6 9
8 11
8 12
8 10
9 12
9 11
11 13

# Embedding 346 (with cost 8.28887e-15)
(1.23293, 0.456194, -1.24856) (1.25124, 0.583875, -0.256915) (1.13241, 0.240591, -1.03566) (0.390846, 0.679292, -0.757524) (1.09827, 0.985664, -1.15978) (1.30302, 0.982085, -1.03368) (1.26987, 1.01842, -0.422402) (0.747082, 0.475404, -0.37473) (1.05975, 0.189956, -0.555325) (0.685861, 0.261907, -0.716718) (0.519445, 0.994905, -0.800536) (1.16472, 1.11712, -0.914965) (1.08222, 1.17977, -0.695918) (0.838615, 0.253887, -0.529636) 


# Original Graph 347 in [325, 350)
14 vertices
0 1
0 2
0 3
0 4
0 5
1 6
1 7
2 7
2 8
2 9
3 9
3 10
4 10
4 8
4 11
5 11
5 12
5 6
6 12
7 12
7 11
8 10
8 13
9 13
10 13
11 12

# Unit Distance Graph 347
14 vertices
0 2
0 8
0 4
0 11
0 7
1 4
1 8
1 10
2 5
2 11
2 4
3 7
3 11
3 12
4 7
5 9
5 13
5 8
6 8
6 13
6 10
7 10
9 12
9 11
10 12
12 13

# Embedding 347 (with cost 9.84105e-15)
(-1.20928, 0.373235, 0.846809) (-1.01639, 0.900257, 1.26023) (-0.370763, 0.890069, 1.01937) (-1.01783, 0.356564, 0.697761) (-1.00157, 1.18561, 0.30192) (-1.36922, 0.941994, 1.03922) (-1.20987, 1.03688, 1.17349) (-0.678775, 1.12095, 1.24618) (-0.667513, 1.0387, 0.333342) (-0.48479, 0.611881, 0.709346) (-0.781932, 0.848811, 0.289464) (-1.15995, 1.34191, 0.603407) (-1.12617, 1.24704, 1.13971) (-0.596921, 0.796249, 0.420899) 


# Original Graph 348 in [325, 350)
14 vertices
0 1
0 2
0 3
0 4
0 5
1 5
1 6
1 7
2 8
2 3
3 9
4 9
4 10
4 11
4 6
4 5
5 6
6 11
6 7
7 11
7 12
8 12
8 13
9 13
10 13
10 12

# Unit Distance Graph 348
14 vertices
0 4
0 11
0 7
0 12
0 10
1 4
1 10
1 13
1 9
2 4
2 6
2 11
3 6
3 7
3 11
4 8
4 12
4 7
5 8
5 13
5 10
5 12
6 9
6 13
6 8
7 9

# Embedding 348 (with cost 9.8534e-15)
(0.800591, 0.0829269, -1.23023) (0.470892, -0.243425, -0.910207) (1.24965, -0.127514, -1.14465) (1.16321, 0.121012, -1.1318) (1.01055, 0.315432, -0.280567) (0.475122, 0.0207651, -0.778703) (0.470328, -0.290222, -0.539512) (0.887477, -0.640886, -0.545725) (1.39262, -0.350545, -0.921267) (1.29269, 0.266627, -0.656265) (1.38686, -0.291524, -0.511844) (0.766948, -0.20088, -0.271938) (1.261, -0.582452, -0.642614) (1.45009, -0.191952, -0.713918) 


# Original Graph 349 in [325, 350)
14 vertices
0 1
0 2
0 3
0 4
0 5
0 6
1 6
1 7
1 2
2 7
2 8
3 9
3 10
3 4
4 5
5 10
5 6
6 11
6 12
7 12
7 13
8 13
8 9
9 11
10 11
12 13

# Unit Distance Graph 349
14 vertices
0 6
0 12
0 13
0 8
0 9
0 11
1 3
1 10
1 11
1 9
2 5
2 6
2 11
2 10
3 7
3 12
3 6
4 7
4 13
4 12
5 8
5 13
5 7
6 9
6 8
7 10

# Embedding 349 (with cost 8.31431e-15)
(0.621763, 0.546329, 1.72563) (0.395106, 0.573163, 1.32325) (0.801318, 0.222279, 1.05048) (1.38213, 0.475965, 1.45105) (1.12122, 0.686372, 1.69772) (1.13064, 1.02382, 1.54956) (0.865128, 1.21998, 1.0278) (0.564526, 0.543952, 0.879302) (1.11556, 0.259715, 0.904642) (1.32616, 0.332845, 1.04868) (1.27833, 1.03932, 1.37437) (1.21308, 1.12631, 1.1653) (0.7473, 0.875569, 0.789761) (0.855882, 0.4815, 0.755582) 
