

# Original Graph 500 in [500, 525)
14 vertices
0 1
0 2
0 3
0 4
1 4
1 5
1 6
2 6
2 3
3 7
4 7
5 8
5 6
6 9
6 10
6 11
6 7
7 11
8 12
8 13
8 9
9 13
9 10
10 12
11 12
12 13

# Unit Distance Graph 500
14 vertices
0 9
0 10
0 12
0 13
1 6
1 11
1 12
1 10
2 8
2 13
2 12
3 8
3 9
3 13
4 6
4 10
4 9
5 6
5 7
5 11
6 8
6 12
6 11
6 7
7 9
7 8

# Embedding 500 (with cost 9.30414e-15)
(-0.0699338, -0.582721, 0.00703945) (0.0390173, -0.69493, 0.330462) (-0.386321, -0.178782, 0.0432831) (-0.116316, -0.317842, -0.167708) (0.174785, -0.412838, -0.15237) (0.172795, -0.548278, 0.610677) (-0.479727, 0.159932, 0.341135) (0.272271, -0.0859712, -0.270445) (0.35317, -0.250268, 0.712643) (0.137658, 0.106041, 0.701671) (-0.102353, 0.277496, 0.515936) (0.428104, 0.131153, -0.077211) (0.517765, 0.18118, 0.273621) (0.417779, 0.0753095, 0.58074) 


# Original Graph 501 in [500, 525)
14 vertices
0 1
0 2
0 3
0 4
1 4
1 5
1 6
2 6
2 7
2 3
3 7
4 7
5 8
5 9
5 6
6 10
6 11
6 12
7 12
8 12
8 11
8 13
9 13
9 10
10 13
10 11

# Unit Distance Graph 501
14 vertices
0 8
0 13
0 10
0 11
1 6
1 12
1 8
1 11
2 5
2 9
2 13
2 8
3 9
3 10
3 13
4 6
4 11
4 10
5 7
5 12
5 6
6 8
6 12
6 7
7 10
7 9

# Embedding 501 (with cost 9.77719e-15)
(0.0854627, 0.155217, -0.484425) (0.310525, -0.274843, -0.585307) (0.163842, 0.408455, -0.0704841) (-0.129348, 0.257127, -0.266724) (0.0634495, -0.120156, -0.572454) (0.398498, -0.499353, -0.418078) (0.500142, 0.233421, 0.25476) (-0.408235, -0.0121573, -0.0836789) (-0.219681, -0.460618, 0.241959) (0.431735, -0.554421, -0.103703) (0.459242, -0.287791, 0.330457) (0.180512, -0.289689, 0.406094) (-0.387571, -0.209087, 0.127671) (0.216685, -0.548954, 0.213374) 


# Original Graph 502 in [500, 525)
14 vertices
0 1
0 2
0 3
0 4
1 4
1 5
2 5
2 3
3 6
4 7
4 8
4 9
4 10
4 11
5 11
5 10
6 12
6 7
7 12
8 12
8 13
8 9
9 10
10 13
10 11
12 13

# Unit Distance Graph 502
14 vertices
0 8
0 9
0 10
0 13
1 8
1 13
1 12
2 4
2 9
2 8
3 4
3 10
3 9
4 6
4 12
4 13
4 10
4 5
5 8
5 12
5 7
6 11
6 10
7 10
7 11
11 12

# Embedding 502 (with cost 8.69413e-15)
(0.0331901, 0.362157, -0.82116) (0.0629029, 0.0328434, -0.855276) (0.369313, 0.392748, -0.675472) (-0.021153, 0.591202, -0.539785) (-0.262656, -0.377774, -0.592338) (0.583596, 0.153787, -0.556278) (-0.164764, 0.567329, -0.280574) (-0.357892, 0.267952, -0.239153) (-0.148492, 0.0803985, 0.120967) (-0.0342425, -0.288852, -0.0650911) (0.56488, -0.0942991, -0.10775) (0.54422, -0.124093, -0.41942) (-0.17799, 0.384533, 0.0493155) (0.227165, 0.113582, 0.127831) 


# Original Graph 503 in [500, 525)
14 vertices
0 1
0 2
0 3
1 3
1 4
2 5
2 6
2 7
3 7
4 8
4 9
4 10
5 11
5 6
6 8
7 8
8 11
8 12
8 13
8 9
9 10
10 13
10 11
11 13
11 12
12 13

# Unit Distance Graph 503
14 vertices
0 8
0 13
0 12
1 8
1 12
1 11
2 8
2 9
2 10
2 13
3 11
3 12
3 13
4 5
4 6
4 8
4 11
5 9
5 8
6 10
6 9
7 10
7 11
7 13
8 11
8 10

# Embedding 503 (with cost 9.06295e-15)
(-0.424965, 0.294762, -0.128935) (-0.221234, 0.647869, -0.238141) (-0.423789, -0.00748552, -0.128893) (-0.244594, 0.506613, 0.0240508) (0.0164352, 0.724233, -0.403579) (-0.216782, -0.245479, -0.331005) (-0.0751616, -0.158793, 0.056719) (-0.00708732, 0.33015, 0.264428) (0.480823, 0.147213, 0.268277) (0.284283, 0.607802, -0.475383) (0.303499, 0.3964, -0.683806) (0.0538741, -0.266262, -0.535932) (0.477766, -0.0524345, -0.382964) (0.437978, 0.146927, -0.612125) 


# Original Graph 504 in [500, 525)
14 vertices
0 1
0 2
0 3
1 3
1 4
2 5
2 6
2 3
3 7
4 8
4 9
5 10
5 6
6 10
6 7
7 10
7 11
7 12
7 13
7 8
8 13
9 13
9 12
9 10
10 11
11 12

# Unit Distance Graph 504
14 vertices
0 7
0 12
0 11
1 7
1 11
1 10
2 7
2 13
2 9
2 12
3 9
3 10
3 11
3 12
4 6
4 7
4 10
5 7
5 8
5 13
6 9
6 13
6 8
7 10
7 9
8 10

# Embedding 504 (with cost 7.09107e-15)
(0.179911, 0.0222303, 0.404694) (0.548664, -0.057845, 0.227798) (-0.0894781, -0.0649012, 0.409287) (0.190091, 0.235288, 0.218539) (0.679936, -0.230532, 0.0370093) (-0.254922, -0.447342, 0.20701) (-0.297182, -0.169069, 0.240634) (-0.0244459, 0.14271, -0.56676) (0.593965, -0.123564, -0.210792) (0.479773, -0.632264, -0.185736) (-0.227994, -0.648757, 0.00956432) (-0.0873608, -0.490028, -0.411491) (0.193069, -0.522776, -0.433635) (0.431475, -0.120243, -0.442502) 


# Original Graph 505 in [500, 525)
14 vertices
0 1
0 2
0 3
1 4
1 5
1 6
1 7
2 7
2 3
3 8
3 9
4 9
4 10
4 11
4 12
4 5
5 13
6 13
6 7
8 13
8 9
9 10
10 11
11 13
11 12
12 13

# Unit Distance Graph 505
14 vertices
0 11
0 12
0 13
1 8
1 9
1 10
1 11
1 13
2 4
2 12
2 11
3 4
3 5
3 13
3 12
4 8
4 13
4 6
4 7
5 9
5 8
6 10
6 9
7 11
7 10
9 13

# Embedding 505 (with cost 9.64304e-15)
(0.190649, -0.125313, 0.696891) (0.399699, -0.369687, 0.613451) (0.0206078, 0.132141, 0.634869) (-0.270809, 0.167843, 0.546856) (-0.108703, -0.745498, 0.17332) (0.297134, -0.609194, 0.275462) (0.466377, 0.0671472, 0.0790252) (0.386062, 0.078258, 0.450149) (-0.180821, 0.247769, 0.0826539) (-0.492778, -0.000969651, 0.353582) (-0.449834, -0.333466, 0.08716) (-0.229859, -0.417611, -0.162024) (0.0945349, -0.234777, -0.292442) (0.276574, 0.056796, -0.282626) 


# Original Graph 506 in [500, 525)
14 vertices
0 1
0 2
0 3
1 4
1 5
1 2
2 5
2 6
3 6
3 7
3 8
4 9
4 10
4 5
5 11
5 12
5 8
5 7
6 7
8 13
9 13
9 11
9 10
10 11
11 12
12 13

# Unit Distance Graph 506
14 vertices
0 5
0 12
0 11
1 5
1 8
1 13
1 12
2 9
2 11
2 12
2 13
3 4
3 5
3 11
3 10
4 8
4 5
4 7
5 9
5 13
5 8
6 9
6 10
6 11
7 10
7 9

# Embedding 506 (with cost 8.93423e-15)
(-0.00946729, -0.0120527, -0.0620896) (0.225927, 0.0594262, -0.237302) (0.0190277, -0.12336, 0.205497) (-0.382053, 0.337512, 0.388234) (0.319357, 0.325939, -0.32443) (0.585197, 0.383462, 0.63787) (-0.166907, 0.0142181, 0.390599) (0.0208313, 0.16516, 0.616332) (-0.346372, 0.619692, 0.36151) (0.125915, 0.808072, -0.142365) (0.373442, 0.602654, -0.210871) (0.541371, 0.718447, 0.341577) (0.283938, 0.818817, 0.410741) (-0.18394, 0.855823, 0.207401) 


# Original Graph 507 in [500, 525)
14 vertices
0 1
0 2
0 3
0 4
1 4
1 5
2 6
2 7
3 7
3 8
3 4
5 8
5 9
5 10
5 11
6 11
6 7
8 11
8 12
8 10
8 9
9 10
10 13
11 13
11 12
12 13

# Unit Distance Graph 507
14 vertices
0 8
0 10
0 13
0 12
1 8
1 12
1 11
2 8
2 9
2 10
3 5
3 11
3 13
3 10
4 11
4 12
4 13
5 8
5 11
5 6
5 7
6 9
6 8
7 10
7 9
8 11

# Embedding 507 (with cost 9.96921e-15)
(-0.593933, 0.586469, -0.370339) (-0.755186, 0.518679, 0.00524554) (-0.503125, 0.317312, -0.597945) (0.140295, 0.400361, -0.0989255) (-0.397836, 0.639171, -0.164343) (-0.803275, 0.325876, 0.223763) (-0.440435, -0.0686691, -0.620442) (-0.237653, 0.203601, -0.591786) (0.181643, 0.187991, 0.11925) (-0.475797, 0.0666123, 0.369734) (-0.582913, -0.189382, 0.260481) (-0.458014, -0.31309, -0.463636) (-0.314339, -0.356951, -0.192053) (-0.526027, -0.338077, 0.00463344) 


# Original Graph 508 in [500, 525)
14 vertices
0 1
0 2
0 3
1 3
1 4
2 5
2 6
3 7
4 8
4 9
5 9
5 6
6 7
7 9
7 10
8 10
8 11
8 12
9 12
9 13
9 10
10 13
10 12
10 11
11 12
12 13

# Unit Distance Graph 508
14 vertices
0 10
0 12
0 13
1 9
1 10
1 13
2 10
2 11
2 12
3 9
3 13
3 12
4 7
4 10
4 9
5 8
5 11
5 10
6 8
6 12
6 11
7 9
7 12
7 8
8 9
9 10

# Embedding 508 (with cost 9.62098e-15)
(-0.8039, -0.212617, 0.0711784) (-0.82212, 0.0301232, -0.0857666) (-0.606919, -0.426143, 0.14853) (-0.788112, -0.0300952, 0.358596) (-0.665101, 0.207894, -0.255252) (-0.270765, -0.520079, 0.122264) (-0.50203, -0.36881, 0.418229) (-0.485803, 0.033628, 0.712986) (-0.453972, 0.403068, -0.215724) (0.0651189, -0.420529, 0.0128235) (-0.171941, 0.35132, 0.602782) (-0.190958, 0.463274, -0.0409774) (0.0413394, 0.29509, -0.0955677) (0.166281, 0.0297109, 0.0660963) 


# Original Graph 509 in [500, 525)
14 vertices
0 1
0 2
0 3
0 4
1 4
1 5
1 6
1 7
2 8
2 3
3 9
3 10
3 4
5 10
5 6
6 10
6 11
7 12
7 13
7 9
7 8
8 9
10 13
10 11
11 12
12 13

# Unit Distance Graph 509
14 vertices
0 10
0 11
0 12
0 13
1 3
1 10
1 13
1 7
1 9
2 6
2 11
2 10
3 7
3 12
3 11
3 6
4 7
4 13
4 12
5 7
5 8
5 9
6 9
6 8
7 10
8 10

# Embedding 509 (with cost 9.9877e-15)
(0.504876, 0.262495, -0.249918) (0.0862182, 0.554826, -0.066779) (0.480942, -0.0323976, -0.354999) (0.568141, -0.192759, 0.390241) (0.371757, 0.443715, -0.0427014) (-0.0370972, 0.456177, 0.194476) (-0.278715, 0.30438, 0.201331) (-0.0946497, -0.392397, -0.331461) (0.251161, -0.297655, -0.395985) (0.330464, -0.412247, -0.138297) (0.212951, -0.182611, 0.59664) (-0.378809, 0.0236347, 0.152632) (-0.313704, -0.283787, -0.0724281) (-0.136533, -0.397656, 0.140973) 


# Original Graph 510 in [500, 525)
14 vertices
0 1
0 2
0 3
0 4
0 5
1 5
1 2
2 5
2 3
3 6
3 7
3 8
4 8
4 9
5 9
6 9
6 10
6 7
7 11
7 8
8 12
8 10
10 13
11 13
11 12
12 13

# Unit Distance Graph 510
14 vertices
0 6
0 7
0 11
0 13
0 10
1 11
1 12
1 13
2 8
2 10
2 13
2 12
3 4
3 9
3 6
3 10
3 8
4 7
4 6
5 7
5 8
5 12
5 11
6 8
7 9
8 9

# Embedding 510 (with cost 9.68395e-15)
(-0.186389, -0.533387, 0.0149254) (-0.0305578, -0.448914, -0.329574) (0.307687, -0.480528, -0.260114) (0.641103, -0.293495, -0.0659624) (-0.289039, -0.312364, 0.300753) (-0.148756, -0.208168, -0.459389) (-0.0351209, 0.371259, -0.383488) (0.631555, 0.0326414, 0.117782) (-0.1232, -0.0363546, 0.525409) (-0.179456, 0.119851, -0.460713) (-0.0296066, 0.447382, -0.101318) (0.386526, 0.252139, 0.248841) (0.0492622, 0.18809, 0.437142) (0.124801, 0.404579, 0.167831) 


# Original Graph 511 in [500, 525)
14 vertices
0 1
0 2
0 3
0 4
0 5
1 5
1 6
1 7
1 8
2 9
2 3
3 4
4 9
4 6
4 5
6 10
6 11
6 7
7 11
7 12
8 13
8 10
8 9
10 13
11 12
12 13

# Unit Distance Graph 511
14 vertices
0 6
0 11
0 12
0 13
0 10
1 4
1 6
1 10
1 8
1 9
2 6
2 7
2 11
3 7
3 12
3 11
4 8
4 13
4 12
4 7
5 8
5 10
5 13
6 9
6 8
7 9

# Embedding 511 (with cost 8.88718e-15)
(-0.17564, 0.0336443, 0.289731) (-0.110991, 0.620967, -0.114141) (0.0235666, -0.276309, 0.0537768) (-0.259128, -0.214438, 0.174011) (-0.701546, -0.185372, -0.0815374) (-0.263565, 0.341652, 0.174929) (-0.753165, -0.0265548, -0.52442) (-0.161325, 0.58657, -0.4166) (0.218712, -0.254844, -0.466633) (0.139541, -0.343001, -0.20358) (-0.317941, -0.179322, -0.676911) (-0.311327, 0.351885, -0.648518) (-0.034764, 0.26965, -0.671755) (0.0984198, -0.0570312, -0.667697) 


# Original Graph 512 in [500, 525)
14 vertices
0 1
0 2
0 3
1 3
1 4
2 5
2 6
3 6
4 7
4 8
4 9
5 9
5 10
6 10
6 11
7 11
7 8
8 11
8 12
9 12
9 13
9 11
9 10
11 13
11 12
12 13

# Unit Distance Graph 512
14 vertices
0 11
0 12
0 13
1 9
1 11
1 13
2 8
2 12
2 11
3 9
3 13
3 12
4 6
4 11
4 9
4 10
5 7
5 8
5 11
6 9
6 12
6 8
7 10
7 9
8 10
9 11

# Embedding 512 (with cost 8.73308e-15)
(-0.691764, -0.284359, 0.121839) (-0.524168, -0.419168, 0.325218) (-0.739418, -0.00748816, 0.00565085) (-0.505996, -0.364702, -0.121691) (-0.297885, -0.407709, 0.519964) (-0.640478, 0.28865, 0.0190986) (-0.204432, -0.184267, -0.450263) (-0.0268198, -0.399861, 0.405591) (0.120659, -0.152155, 0.494875) (-0.290042, 0.547907, 0.225453) (-0.462686, 0.262946, -0.203266) (0.201433, -0.14282, -0.30497) (0.156876, 0.153296, 0.418937) (0.0130675, 0.417918, 0.221936) 


# Original Graph 513 in [500, 525)
14 vertices
0 1
0 2
0 3
0 4
1 4
1 5
2 6
2 3
3 6
3 7
4 7
5 8
5 6
6 9
6 10
6 11
6 7
7 11
8 12
8 9
9 13
9 10
10 11
11 13
11 12
12 13

# Unit Distance Graph 513
14 vertices
0 9
0 10
0 11
0 13
1 6
1 11
1 10
2 11
2 12
2 13
3 8
3 9
3 13
3 12
4 6
4 10
4 9
5 6
5 7
5 11
6 8
6 12
6 11
6 7
7 9
7 8

# Embedding 513 (with cost 9.56063e-15)
(0.767463, -0.520725, -0.0718657) (0.504758, -0.667074, -0.0542869) (0.724938, 0.0573224, -0.286709) (0.90128, -0.118948, -0.0921142) (0.767039, -0.472782, 0.267784) (0.184114, -0.622248, -0.103934) (0.512981, 0.297859, -0.316653) (0.756832, -0.131696, 0.55284) (-0.0276507, -0.467879, 0.0317188) (-0.0852723, -0.00799909, 0.0279033) (0.158326, 0.270003, -0.0110335) (0.329955, 0.0391335, 0.6318) (0.00218965, -0.289624, 0.311006) (0.0773636, -0.0399338, 0.469061) 


# Original Graph 514 in [500, 525)
14 vertices
0 1
0 2
0 3
1 4
1 2
2 5
3 6
3 7
4 7
4 6
4 8
5 8
5 9
5 10
6 10
6 7
8 10
8 11
8 12
8 13
9 13
9 12
10 12
10 11
11 12
12 13

# Unit Distance Graph 514
14 vertices
0 8
0 12
0 11
1 10
1 11
1 12
2 8
2 11
2 10
3 8
3 13
3 12
4 5
4 10
4 12
4 9
5 8
5 10
5 6
6 9
6 13
6 8
7 9
7 12
7 13
8 10

# Embedding 514 (with cost 8.17838e-15)
(-0.35957, -0.0880965, 0.271464) (-0.584123, 0.131895, 0.192171) (-0.0883809, 0.106242, 0.181201) (-0.53759, -0.337635, 0.166309) (-0.8912, 0.137321, -0.026419) (0.108795, 0.139523, -0.0239722) (-0.56282, -0.588979, -0.158951) (-0.776556, -0.210837, 0.0669306) (-0.70567, 0.306977, -0.579496) (0.0681543, 0.172685, -0.3064) (-0.388531, -0.628987, -0.426539) (-0.373904, -0.221036, -0.719557) (-0.176628, -0.0158663, -0.709003) (-0.118531, 0.215086, -0.55403) 


# Original Graph 515 in [500, 525)
14 vertices
0 1
0 2
0 3
0 4
1 4
1 5
2 6
2 3
3 7
4 7
5 8
5 9
5 10
6 10
6 7
7 8
8 10
8 11
8 12
8 9
9 12
9 13
10 13
10 11
11 13
12 13

# Unit Distance Graph 515
14 vertices
0 8
0 12
0 13
0 11
1 8
1 11
1 10
2 8
2 9
2 12
3 9
3 13
3 12
4 10
4 11
4 13
5 6
5 7
5 8
5 10
6 9
6 8
7 10
7 13
7 9
8 10

# Embedding 515 (with cost 9.15237e-15)
(0.222657, 0.495699, -0.228098) (-0.0792563, 0.615114, -0.0728156) (0.447592, 0.160999, -0.0700419) (0.269262, 0.224143, -0.374327) (0.0101912, 0.377417, -0.417332) (-0.333576, 0.544146, 0.165099) (0.440505, -0.087666, 0.124953) (-0.114487, -0.0937512, -0.573201) (-0.387428, -0.277113, -0.402909) (-0.481426, 0.26505, 0.285063) (0.286461, -0.222059, 0.33387) (-0.0328178, -0.307558, 0.309965) (-0.48558, -0.0476918, 0.222598) (-0.239174, -0.111078, 0.418844) 


# Original Graph 516 in [500, 525)
14 vertices
0 1
0 2
0 3
0 4
1 4
1 5
1 6
2 7
2 5
2 3
3 8
4 8
5 8
5 7
5 9
5 10
5 6
6 11
7 12
9 12
9 13
10 13
10 11
11 13
11 12
12 13

# Unit Distance Graph 516
14 vertices
0 5
0 10
0 13
0 9
1 5
1 9
1 12
1 7
2 5
2 6
2 11
2 10
3 10
3 11
3 13
4 9
4 13
4 12
5 7
5 12
5 11
5 6
6 7
8 11
8 12
8 13

# Embedding 516 (with cost 7.88753e-15)
(0.203684, -0.369413, 0.314515) (0.599516, -0.386663, -0.0449434) (-0.110009, -0.0530735, 0.371524) (0.184133, -0.156413, 0.507854) (0.494667, -0.351687, 0.287113) (0.744205, 0.45705, 0.471984) (0.628697, -0.179519, -0.290537) (-0.173654, 0.214166, 0.158068) (0.62109, 0.151844, 0.573088) (0.258863, 0.553265, -0.0670867) (0.532104, 0.378953, -0.261756) (0.494647, 0.069554, -0.415466) (-0.0402579, 0.375642, -0.142826) (0.24431, 0.403841, -0.318278) 


# Original Graph 517 in [500, 525)
14 vertices
0 1
0 2
0 3
1 4
1 5
1 6
1 7
2 8
2 9
2 10
2 11
3 12
3 4
4 12
4 5
5 6
6 7
7 12
7 13
7 8
8 13
9 13
9 10
10 11
11 12
12 13

# Unit Distance Graph 517
14 vertices
0 7
0 13
0 12
1 9
1 10
1 11
1 12
1 13
2 4
2 5
2 6
2 7
2 12
3 7
3 8
3 13
4 9
4 13
4 8
5 10
5 9
6 11
6 10
7 12
7 11
8 12

# Embedding 517 (with cost 9.17286e-15)
(0.266453, 0.686843, -0.255632) (-0.0678393, 0.299085, -0.627396) (0.555811, 0.646111, -0.138768) (-0.0845495, 0.206732, 0.0249296) (-0.19857, -0.0101838, -0.125157) (-0.151842, 0.0120268, -0.450479) (0.154825, -0.073695, -0.705415) (0.491697, -0.183764, -0.693021) (0.703213, 0.00499676, -0.557078) (0.790256, 0.138166, -0.139772) (0.64222, 0.314821, 0.0765702) (0.367384, 0.113606, 0.253614) (0.118656, -0.172059, 0.23472) (0.763674, -0.176618, -0.340529) 


# Original Graph 518 in [500, 525)
14 vertices
0 1
0 2
0 3
0 4
1 5
1 2
2 5
2 3
3 5
3 6
3 4
4 6
4 7
4 8
4 5
5 8
6 9
7 10
7 11
8 12
9 12
9 13
9 10
10 13
11 13
11 12

# Unit Distance Graph 518
14 vertices
0 9
0 13
0 11
0 12
1 9
1 10
1 13
2 7
2 11
2 13
2 10
3 4
3 8
3 12
3 11
3 7
4 6
4 9
4 12
4 8
4 5
5 7
5 10
5 9
5 6
6 8

# Embedding 518 (with cost 9.95457e-15)
(-0.332627, -0.0306564, -0.376554) (0.0189341, -0.113436, -0.615226) (-0.0987167, 0.152678, -0.567205) (-0.05027, 0.504083, -0.289061) (-0.333768, -0.329965, 0.184218) (0.287723, -0.266855, -0.596657) (0.129205, 0.533064, -0.0178641) (-0.0736038, -0.276357, 0.335734) (0.500015, -0.327167, -0.367866) (0.404084, 0.344996, 0.185711) (0.155061, -0.0684471, 0.374443) (0.500029, -0.207134, 0.148364) (0.613721, -0.223685, -0.117392) (0.407437, 0.0583565, 0.290065) 


# Original Graph 519 in [500, 525)
14 vertices
0 1
0 2
0 3
0 4
1 4
1 5
1 6
2 6
2 7
2 8
2 9
3 5
3 4
5 9
5 6
6 7
7 10
7 11
7 12
8 12
8 10
9 10
10 13
11 13
11 12
12 13

# Unit Distance Graph 519
14 vertices
0 7
0 11
0 13
0 10
1 8
1 10
1 13
1 12
2 5
2 6
2 7
2 10
2 9
3 7
3 12
3 11
4 11
4 12
4 13
5 8
5 12
5 7
6 9
6 10
6 8
7 9

# Embedding 519 (with cost 9.893e-15)
(-0.155081, -0.766856, -0.293871) (-0.589606, -0.365861, -0.128952) (0.173085, -0.72985, -0.312984) (-0.543291, -0.507325, -0.59033) (-0.497243, -0.598951, -0.306459) (-0.587087, -0.274517, -0.776461) (-0.394942, 0.0159185, 0.035117) (-0.0836875, 0.201684, -0.0554745) (0.350727, -0.425599, -0.463922) (-0.350664, -0.161945, -0.947941) (-0.11248, 0.00835761, -0.924132) (0.106498, 0.198229, -0.307545) (0.301353, -0.00517293, -0.404805) (0.082983, 0.12198, -0.6854) 


# Original Graph 520 in [500, 525)
14 vertices
0 1
0 2
0 3
0 4
1 5
1 6
2 7
2 8
3 8
3 4
4 5
5 8
6 9
6 10
6 7
7 11
7 12
7 9
8 9
9 12
9 10
10 13
10 11
11 13
11 12
12 13

# Unit Distance Graph 520
14 vertices
0 9
0 10
0 13
0 12
1 7
1 9
1 12
2 6
2 10
2 9
3 10
3 11
3 13
4 11
4 12
4 13
5 7
5 12
5 11
6 8
6 9
6 7
7 9
7 8
8 11
8 10

# Embedding 520 (with cost 9.4934e-15)
(0.482749, 0.040141, 0.610552) (0.473158, -0.471315, 0.191169) (0.156787, 0.2936, 0.565463) (0.776822, 0.189055, 0.24875) (0.696763, -0.0323466, 0.414271) (0.683792, -0.277565, 0.222131) (0.266824, -0.512668, -0.0157628) (-0.0944831, 0.328356, 0.386897) (0.794843, 0.334809, -0.0703301) (0.608116, 0.375618, -0.323117) (0.0530775, -0.319447, -0.217747) (-0.18695, 0.152935, -0.0155223) (0.0128114, 0.310264, -0.229801) (-0.0843151, -0.0296863, -0.210157) 


# Original Graph 521 in [500, 525)
14 vertices
0 1
0 2
0 3
0 4
1 4
1 5
1 2
2 5
2 3
3 6
3 4
4 6
4 7
4 8
4 9
4 5
5 9
6 10
7 10
7 11
8 11
8 12
9 12
10 13
11 13
12 13

# Unit Distance Graph 521
14 vertices
0 8
0 12
0 13
0 11
1 7
1 11
1 13
1 10
2 4
2 8
2 11
2 7
3 4
3 9
3 12
3 8
4 6
4 10
4 13
4 12
4 9
4 5
5 7
5 10
5 6
6 9

# Embedding 521 (with cost 9.57358e-15)
(0.290571, 0.457809, 0.338632) (0.0739896, 0.70203, 0.132069) (0.250635, 0.399405, 0.06448) (0.235649, -0.0165389, 0.184391) (-0.207558, 0.446274, 0.952096) (-0.235761, 0.743023, -0.00244338) (0.0151327, -0.198813, 0.221158) (-0.444062, 0.0623903, 0.699946) (-0.695769, 0.296209, 0.370534) (-0.512054, 0.625969, 0.0166855) (-0.274338, -0.231244, 0.219628) (-0.609764, 0.0293401, 0.414858) (-0.669535, 0.391912, 0.0668714) (-0.524664, -0.0978108, 0.175298) 


# Original Graph 522 in [500, 525)
14 vertices
0 1
0 2
0 3
1 3
1 4
1 5
2 6
2 7
3 7
4 8
4 9
4 10
5 10
5 6
6 10
6 9
6 11
6 12
7 12
7 13
8 13
8 12
8 11
8 9
9 11
12 13

# Unit Distance Graph 522
14 vertices
0 8
0 9
0 11
1 6
1 12
1 8
1 11
2 4
2 9
2 8
3 6
3 11
3 9
4 7
4 12
4 6
5 8
5 12
5 13
6 8
6 13
6 7
7 10
7 9
10 13
10 12

# Embedding 522 (with cost 9.96454e-15)
(0.539521, -0.362467, 0.307607) (0.6617, -0.164419, 0.0478165) (0.293844, -0.380988, 0.458289) (0.510875, -0.624299, 0.199926) (0.28206, -0.0866048, -0.497326) (0.404843, 0.060361, 0.0823352) (-0.292713, -0.0412945, 0.319731) (0.310764, -0.825577, 0.175798) (-0.0630337, -0.656751, -0.434232) (-0.0991841, -0.143814, -0.430124) (0.219305, 0.124704, -0.121864) (-0.303638, -0.212501, -0.20872) (-0.113648, -0.794707, 0.0874874) (0.078058, -0.865186, -0.108908) 


# Original Graph 523 in [500, 525)
14 vertices
0 1
0 2
0 3
1 4
1 5
1 6
2 7
2 8
2 3
3 4
4 8
5 8
5 6
6 8
6 9
7 10
7 11
8 11
8 12
8 13
9 13
9 12
9 10
10 12
10 11
12 13

# Unit Distance Graph 523
14 vertices
0 8
0 13
0 12
1 8
1 12
1 10
1 11
2 6
2 9
2 13
2 8
3 9
3 12
3 13
4 9
4 10
4 12
5 7
5 11
5 10
6 8
6 11
6 7
7 8
8 10
8 9

# Embedding 523 (with cost 8.17369e-15)
(0.106772, 0.307787, 0.0212386) (0.15511, 0.0681908, -0.138) (-0.135294, 0.532791, 0.463058) (-0.123477, 0.505674, 0.162173) (-0.301668, 0.341116, -0.0968743) (-0.0337202, -0.144984, -0.183924) (0.160917, -0.28577, -0.0290982) (-0.155026, 0.345972, 0.678774) (-0.813856, -0.0807996, 0.0592508) (0.048678, -0.448531, 0.406827) (-0.148895, -0.0610259, 0.805867) (-0.346617, 0.131602, 0.724699) (-0.34268, -0.35703, 0.617905) (-0.51561, -0.388259, 0.379234) 


# Original Graph 524 in [500, 525)
14 vertices
0 1
0 2
0 3
1 3
1 4
1 5
2 6
2 7
2 8
3 8
4 9
4 5
5 9
5 10
5 6
6 10
6 11
6 12
6 7
7 12
8 13
9 13
10 13
10 11
11 13
12 13

# Unit Distance Graph 524
14 vertices
0 10
0 11
0 13
1 6
1 12
1 13
1 11
2 5
2 10
2 13
2 9
3 6
3 11
3 10
4 6
4 7
4 12
5 8
5 13
5 12
5 7
6 9
6 13
6 8
7 9
8 10

# Embedding 524 (with cost 9.76957e-15)
(-0.127079, 0.0654549, -0.0551878) (-0.342113, -0.330432, 0.113146) (-0.0560155, 0.231867, -0.279417) (-0.335015, -0.047048, 0.106787) (-0.612856, -0.450958, -0.0262807) (-0.376574, -0.711283, -0.367222) (-0.0954057, -0.216354, -0.849206) (-0.117583, 0.235399, -0.558839) (-0.480516, 0.228067, -0.0403916) (-0.888707, -0.321058, -0.249448) (-0.605855, -0.444033, -0.770167) (-0.753234, -0.198522, -0.78884) (-0.359249, 0.224901, -0.718305) (-1.00605, 0.0481186, -0.531746) 
