

# Original Graph 575 in [575, 600)
14 vertices
0 1
0 2
0 3
0 4
1 4
1 5
1 6
2 6
2 7
2 3
3 8
4 9
4 10
4 11
4 5
5 11
5 12
5 7
6 7
8 12
8 9
9 13
9 10
10 13
11 13
12 13

# Unit Distance Graph 575
14 vertices
0 5
0 12
0 13
0 11
1 8
1 9
1 13
1 12
2 4
2 11
2 13
2 10
3 4
3 5
3 11
4 8
4 12
4 5
4 7
5 9
5 8
6 9
6 10
6 13
7 10
7 9

# Embedding 575 (with cost 8.95568e-15)
(-0.388067, -0.537124, 0.544452) (-0.276508, -0.339021, 0.863462) (0.0490185, -0.682546, 0.42622) (0.0236802, -0.574265, 0.115213) (-0.588681, 0.0748601, 0.56649) (0.379098, 0.0438367, 0.816376) (0.132342, -0.50557, 0.753068) (0.327835, -0.251929, 0.797159) (0.080091, -0.308848, -0.0703083) (-0.118432, 0.0334772, -0.0510092) (-0.406809, 0.196766, 0.288267) (0.159352, 0.298822, 0.583522) (0.32874, 0.0506309, 0.169311) (0.029801, 0.273966, 0.135161) 


# Original Graph 576 in [575, 600)
14 vertices
0 1
0 2
0 3
1 4
1 5
1 6
2 6
2 7
2 3
3 8
3 9
3 10
4 10
4 11
4 12
5 8
5 7
6 7
7 8
8 12
8 13
9 13
9 11
9 10
11 13
12 13

# Unit Distance Graph 576
14 vertices
0 8
0 13
0 12
1 3
1 9
1 13
1 8
2 4
2 12
2 13
2 11
3 5
3 8
3 12
3 4
4 8
4 7
5 10
5 9
6 9
6 11
6 13
7 11
7 9
7 10
8 10

# Embedding 576 (with cost 9.44447e-15)
(0.562969, 0.151776, -0.102192) (0.241915, -0.261432, 0.269876) (0.680637, 0.0488751, -0.360758) (0.313184, 0.462761, -0.416028) (-0.071329, -0.161557, 0.263955) (0.342916, -0.533124, -0.33042) (0.648514, -0.212552, -0.227299) (0.523571, -0.395383, -0.505083) (0.0254131, -0.455847, -0.686852) (-0.175332, 0.316073, -0.431831) (0.0179569, 0.398379, -0.167004) (-0.308297, 0.0779089, -0.215272) (-0.218792, -0.383982, -0.421274) (-0.286659, -0.102805, -0.564058) 


# Original Graph 577 in [575, 600)
14 vertices
0 1
0 2
0 3
0 4
1 4
1 5
2 6
2 7
2 8
2 9
2 10
3 10
3 11
3 12
3 4
4 12
5 10
5 13
5 6
6 7
7 8
8 13
9 13
9 10
10 11
11 12

# Unit Distance Graph 577
14 vertices
0 5
0 13
0 9
0 10
1 2
1 10
1 9
2 5
2 10
2 11
2 12
2 4
3 5
3 6
3 7
3 8
3 13
4 9
4 13
4 8
5 10
6 11
6 10
7 12
7 11
8 12

# Embedding 577 (with cost 9.68754e-15)
(0.413695, 0.467228, 0.223119) (-0.291827, 0.333284, 0.684184) (0.53055, 0.100679, 0.164964) (-0.198469, 0.6264, -0.0316339) (-0.29207, 0.559102, 0.501334) (-0.299065, -0.0428911, 0.704525) (0.144998, -0.108342, 0.553332) (0.340456, -0.133364, 0.332123) (0.138682, -0.288342, 0.191024) (-0.24068, -0.175554, -0.175157) (-0.362943, 0.0935899, -0.284056) (-0.38027, 0.353455, -0.161397) (-0.340832, 0.588914, 0.213122) (-0.14314, -0.358456, 0.132677) 


# Original Graph 578 in [575, 600)
14 vertices
0 1
0 2
0 3
0 4
1 4
1 5
1 6
2 6
2 3
3 7
4 8
4 9
4 10
4 11
5 11
5 6
6 11
7 12
7 13
7 8
8 13
9 13
9 12
9 10
10 11
11 12

# Unit Distance Graph 578
14 vertices
0 9
0 10
0 11
0 12
1 7
1 13
1 9
1 12
2 4
2 10
2 9
3 4
3 11
3 10
4 7
4 12
4 11
4 6
5 7
5 8
5 13
6 9
6 13
6 8
7 11
8 11

# Embedding 578 (with cost 7.93719e-15)
(-0.333874, -0.522671, -0.243511) (-0.460252, -0.271169, 0.17485) (-0.00860344, -0.635463, -0.0989629) (0.131962, -0.558783, -0.350464) (-0.586565, 0.136598, -0.363317) (-0.110635, -0.131201, 0.401871) (-0.100996, -0.414524, 0.315276) (0.279929, -0.345328, -0.493455) (-0.197027, 0.0121321, -0.584026) (0.194781, 0.32492, -0.289488) (0.0495003, 0.350525, 0.0574095) (0.103108, 0.14358, 0.360771) (0.386408, 0.162284, -0.133831) (0.170964, 0.0132513, -0.546726) 


# Original Graph 579 in [575, 600)
14 vertices
0 1
0 2
0 3
1 3
1 4
2 5
2 6
3 7
4 8
4 9
4 5
5 9
5 10
5 11
5 12
5 6
6 13
6 7
7 13
8 12
8 10
9 10
10 12
10 11
11 12
12 13

# Unit Distance Graph 579
14 vertices
0 10
0 11
0 12
1 5
1 12
1 11
2 8
2 10
2 12
3 5
3 11
3 10
4 5
4 6
4 13
4 12
5 8
5 12
5 13
5 7
6 9
6 10
6 8
7 10
7 9
9 13

# Embedding 579 (with cost 9.11059e-15)
(-0.434634, -0.758014, 0.0262439) (-0.388881, -0.692573, 0.384779) (-0.301268, -0.629778, -0.279437) (-0.695702, -0.68508, 0.111515) (-0.209372, -0.522233, 0.53322) (0.0361672, -0.222155, -0.388552) (-0.64031, -0.445546, -0.365898) (-0.871759, -0.495283, -0.0706367) (-0.384283, 0.00308983, 0.49036) (-0.0195879, -0.256628, 0.395032) (-0.237232, 0.183715, 0.298602) (-0.314667, 0.234728, 0.0178933) (-0.744161, 0.19132, 0.0806239) (-0.898572, -0.099321, -0.0551244) 


# Original Graph 580 in [575, 600)
14 vertices
0 1
0 2
0 3
0 4
1 4
1 5
1 6
2 6
2 7
2 3
3 8
4 9
4 10
4 7
5 7
5 6
7 10
7 11
8 11
8 12
8 9
9 12
9 13
10 13
11 13
12 13

# Unit Distance Graph 580
14 vertices
0 7
0 11
0 13
0 10
1 8
1 12
1 13
1 11
2 4
2 10
2 13
2 9
3 4
3 7
3 10
4 8
4 11
4 7
5 8
5 9
5 12
6 9
6 13
6 12
7 9
7 8

# Embedding 580 (with cost 8.95115e-15)
(-0.226354, 0.502258, -0.478405) (-0.10728, 0.685493, -0.198905) (0.175277, 0.261503, -0.715892) (-0.0705833, -0.0238635, -0.702334) (-0.367918, 0.518555, 0.0833978) (0.44545, 0.456422, -0.139222) (0.247006, 0.540461, -0.442054) (0.574656, 0.188612, 0.031506) (-0.145276, -0.270846, -0.488683) (-0.395648, -0.0530298, 0.0424709) (0.243962, -0.000859384, 0.24663) (0.316457, -0.202888, -0.0221979) (-0.196973, -0.309674, -0.158941) (0.0270669, -0.248837, 0.131213) 


# Original Graph 581 in [575, 600)
14 vertices
0 1
0 2
0 3
1 3
1 4
2 5
2 6
3 7
4 8
4 9
4 10
5 10
5 11
5 9
5 12
5 8
6 8
6 13
6 7
7 13
8 13
8 12
8 9
9 12
9 11
10 11

# Unit Distance Graph 581
14 vertices
0 8
0 9
0 12
1 5
1 8
1 12
2 4
2 9
2 8
3 5
3 12
3 9
4 6
4 8
4 5
5 8
5 13
5 7
6 10
6 11
6 9
7 9
7 11
8 10
10 13
11 13

# Embedding 581 (with cost 9.94967e-15)
(-0.117558, 0.150827, -0.323381) (-0.475284, 0.349267, -0.250352) (0.153975, -0.241768, -0.110992) (-0.380988, 0.17162, -0.471815) (-0.642225, 0.35595, -0.0171965) (0.0182056, -0.325227, 0.298761) (-0.289947, -0.446217, -0.499304) (-0.434842, -0.162868, -0.577816) (-0.765576, -0.607662, -0.254337) (-0.717802, -0.232094, 0.378814) (-0.458426, 0.205301, 0.240384) (-0.411151, -0.0646826, 0.41707) (-0.634691, -0.534838, 0.188904) (-0.599521, -0.482402, -0.471765) 


# Original Graph 582 in [575, 600)
14 vertices
0 1
0 2
0 3
0 4
1 4
1 5
1 6
1 7
2 7
2 3
3 8
4 9
4 10
4 11
4 12
4 5
5 12
5 13
5 6
6 7
8 13
8 9
9 10
10 11
11 13
11 12

# Unit Distance Graph 582
14 vertices
0 5
0 13
0 11
0 12
1 8
1 9
1 10
1 11
1 13
2 4
2 12
2 11
3 4
3 5
3 12
4 8
4 13
4 5
4 6
4 7
5 9
5 8
6 10
6 9
7 11
7 10

# Embedding 582 (with cost 9.27211e-15)
(0.463697, 0.450101, -0.677913) (0.176585, 0.618467, -0.185691) (0.684771, 0.597728, -0.497401) (0.903646, 0.386967, -0.528264) (0.110507, -0.220914, -0.49072) (0.360101, 0.325337, 0.30885) (0.318125, 0.576686, 0.0756078) (0.467501, 0.687478, -0.273056) (1.0337, 0.154909, -0.410325) (0.821744, -0.0883402, -0.475852) (0.515414, -0.308767, -0.345165) (0.610639, -0.260983, 0.0096677) (0.350908, -0.0680016, 0.169936) (0.896482, -0.0172006, 0.0930123) 


# Original Graph 583 in [575, 600)
14 vertices
0 1
0 2
0 3
0 4
1 4
1 5
1 6
1 2
2 6
2 3
3 7
4 7
4 8
4 9
4 10
4 11
5 11
5 6
7 12
7 8
8 9
9 13
10 13
10 11
11 12
12 13

# Unit Distance Graph 583
14 vertices
0 10
0 11
0 12
0 13
1 7
1 8
1 9
1 13
1 12
2 4
2 10
2 13
2 9
3 4
3 11
3 10
4 7
4 12
4 11
4 5
4 6
5 8
5 7
6 9
6 8
7 11

# Embedding 583 (with cost 9.16462e-15)
(-0.108748, -0.372582, -0.22825) (-0.364628, -0.074332, -0.381522) (0.00080094, -0.114245, -0.264055) (0.211617, -0.204159, 0.108173) (-0.715042, -0.528642, 0.297945) (-0.46878, 0.350128, -0.110856) (-0.312178, 0.183322, -0.277214) (0.199059, -0.14925, 0.441062) (-0.217373, -0.33527, 0.572536) (-0.495269, -0.28469, 0.587334) (-0.678529, 0.115544, 0.432872) (-0.548067, 0.445166, 0.143619) (-0.163465, 0.27105, 0.535126) (-0.464771, 0.0488646, 0.605794) 


# Original Graph 584 in [575, 600)
14 vertices
0 1
0 2
0 3
0 4
1 4
1 5
2 5
2 6
2 3
3 7
4 8
4 9
4 10
4 11
5 11
5 6
6 11
7 12
7 13
7 8
8 9
9 13
10 13
10 11
11 12
12 13

# Unit Distance Graph 584
14 vertices
0 10
0 11
0 12
0 13
1 7
1 13
1 12
2 4
2 10
2 13
2 9
3 4
3 11
3 10
4 7
4 12
4 11
4 6
5 7
5 8
5 9
5 13
6 9
6 8
7 11
8 11

# Embedding 584 (with cost 7.65876e-15)
(0.468488, 0.0818576, -0.65161) (0.219499, 0.263706, -0.735732) (0.676175, 0.232954, -0.336389) (0.653855, -0.138226, -0.200534) (-0.23388, -0.0381901, -0.649888) (0.364374, 0.551299, -0.424236) (0.341093, 0.586249, -0.121228) (0.42784, -0.332244, 0.0397925) (0.0846916, -0.378275, -0.184091) (-0.187738, -0.256824, -0.219031) (-0.255573, 0.210503, 0.0260221) (0.02357, 0.580902, 0.0920312) (0.0804372, 0.250517, 0.254464) (-0.1439, -0.122518, 0.112073) 


# Original Graph 585 in [575, 600)
14 vertices
0 1
0 2
0 3
1 3
1 4
2 5
2 6
3 7
3 8
4 9
4 10
5 11
5 12
5 8
5 6
6 8
6 7
7 8
8 12
8 13
8 9
9 13
10 13
10 11
11 13
12 13

# Unit Distance Graph 585
14 vertices
0 8
0 13
0 12
1 5
1 8
1 12
2 8
2 9
2 13
3 5
3 12
3 13
3 11
4 5
4 6
4 8
5 9
5 8
6 10
6 13
6 9
7 10
7 11
7 13
8 11
8 10

# Embedding 585 (with cost 9.99933e-15)
(-0.97082, 0.198581, 0.213626) (-0.819202, 0.0606798, -0.0976959) (-0.970067, 0.0714655, 0.653195) (-0.730647, 0.371664, 0.0534396) (-0.694907, -0.206272, -0.127428) (-0.808739, -0.205856, 0.866072) (-0.644585, 0.310621, 0.727142) (-0.553353, 0.470411, 0.376901) (-0.000602024, 0.216179, 0.455218) (-0.295814, -0.295522, 0.0123345) (-0.624954, -0.498408, 0.139701) (-0.68463, -0.510139, 0.522806) (-0.16052, -0.254174, 0.585681) (-0.225725, -0.466894, 0.258071) 


# Original Graph 586 in [575, 600)
14 vertices
0 1
0 2
0 3
1 4
1 5
2 5
2 6
2 3
3 7
4 8
4 9
4 10
4 11
4 5
5 11
5 6
6 11
7 12
7 8
8 9
9 13
10 13
10 11
11 13
11 12
12 13

# Unit Distance Graph 586
14 vertices
0 10
0 11
0 13
1 11
1 12
1 13
2 4
2 10
2 13
2 9
3 4
3 11
3 10
4 7
4 12
4 11
4 6
5 7
5 8
5 9
5 13
5 12
6 9
6 8
7 11
8 11

# Embedding 586 (with cost 9.82403e-15)
(0.0978509, -0.928988, 0.0916556) (-0.0606549, -0.606114, -0.26051) (0.359978, -1.04289, 0.128586) (0.219259, -0.879675, 0.431963) (-0.0905918, -0.248827, -0.27939) (0.447804, -0.851331, -0.340774) (0.771675, -0.728096, -0.115694) (0.20838, -0.616323, 0.60127) (0.00507811, -0.338674, 0.394873) (0.0603122, -0.0902014, 0.179352) (0.635604, -0.0941059, -0.0257899) (0.885299, -0.336901, -0.0796885) (0.511221, -0.336853, 0.514381) (0.59675, -0.0835864, 0.28243) 


# Original Graph 587 in [575, 600)
14 vertices
0 1
0 2
0 3
0 4
1 5
1 2
2 6
2 7
3 7
3 6
3 4
4 8
5 9
5 10
5 6
6 10
6 11
6 8
6 7
8 11
8 12
9 12
9 13
10 13
11 13
12 13

# Unit Distance Graph 587
14 vertices
0 6
0 11
0 13
0 10
1 6
1 8
1 11
2 8
2 12
2 13
2 11
3 5
3 10
3 13
3 9
4 5
4 6
4 10
5 8
5 6
6 9
6 12
6 8
7 9
7 13
7 12

# Embedding 587 (with cost 8.66394e-15)
(0.455969, 0.159556, 0.174741) (0.536942, -0.00280168, -0.237386) (0.462339, 0.29274, -0.13896) (0.107082, 0.35128, 0.286987) (0.0283627, -0.0173411, 0.464884) (0.326019, -0.287201, -0.450854) (-0.356013, 0.4356, -0.339541) (0.111491, 0.504051, -0.0489429) (-0.20528, -0.226917, 0.394183) (0.0730465, -0.466202, -0.287961) (-0.198872, -0.195243, -0.492568) (-0.452815, -0.110339, -0.143486) (-0.170803, -0.443791, 0.0990574) (-0.241584, -0.406291, -0.264845) 


# Original Graph 588 in [575, 600)
14 vertices
0 1
0 2
0 3
0 4
1 4
1 5
2 6
2 7
2 8
2 9
3 9
3 10
3 11
4 11
4 10
5 9
5 12
5 6
6 13
7 13
7 12
8 12
8 9
9 10
10 11
12 13

# Unit Distance Graph 588
14 vertices
0 5
0 12
0 8
0 9
1 2
1 9
1 8
2 5
2 9
2 10
2 4
3 5
3 6
3 13
3 12
4 8
4 12
4 7
5 9
6 10
6 9
7 10
7 11
10 13
11 12
11 13

# Embedding 588 (with cost 9.84664e-15)
(-0.562752, 0.198856, -0.0860058) (0.218929, -0.233975, -0.226072) (-0.752631, -0.0569802, -0.0687665) (-0.123285, 0.240488, 0.382352) (0.241902, 0.0469866, -0.0589965) (0.121726, -0.517306, -0.222393) (-0.179307, -0.525171, -0.25845) (-0.658341, -0.387468, -0.0304944) (-0.297837, -0.486986, 0.591814) (-0.148845, -0.254093, 0.703625) (0.0461421, 0.058383, 0.521703) (0.14977, 0.152849, 0.20406) (-0.330151, -0.724318, 0.22001) (-0.455918, -0.607667, -0.0299427) 


# Original Graph 589 in [575, 600)
14 vertices
0 1
0 2
0 3
0 4
1 5
1 6
2 7
2 8
2 3
3 5
3 9
3 10
4 10
4 11
4 12
5 12
5 8
6 8
6 7
7 8
9 12
9 11
9 13
9 10
10 13
11 13

# Unit Distance Graph 589
14 vertices
0 3
0 9
0 12
0 5
1 3
1 10
1 9
2 4
2 12
2 9
2 11
3 5
3 12
3 4
4 5
4 8
5 10
6 9
6 10
6 13
7 9
7 13
7 11
8 11
8 13
8 10

# Embedding 589 (with cost 9.98635e-15)
(-0.14722, 0.127797, -0.553524) (-0.220323, -0.129215, -0.680818) (0.454817, -0.529249, -0.513233) (0.58642, -0.437831, -0.176911) (-0.192234, 0.185581, -0.24801) (-0.342004, -0.803134, -0.244609) (-0.10928, -0.386002, -0.729975) (0.141698, -0.580863, -0.675076) (-0.0689953, -0.749322, -0.580828) (-0.165077, -0.443837, 0.26679) (0.354307, -0.194013, 0.135026) (-0.149497, -0.0238633, 0.102714) (-0.366878, -0.642321, 0.0453663) (0.0410692, -0.186353, 0.238289) 


# Original Graph 590 in [575, 600)
14 vertices
0 1
0 2
0 3
0 4
1 4
1 5
1 6
2 7
2 5
2 3
3 8
3 9
4 10
4 11
5 11
5 8
5 7
5 6
6 7
8 12
9 12
9 13
10 13
10 12
11 12
12 13

# Unit Distance Graph 590
14 vertices
0 5
0 8
0 12
0 11
1 3
1 9
1 12
1 8
2 4
2 11
2 12
2 10
3 5
3 11
3 4
4 8
4 5
5 10
5 13
5 9
6 9
6 13
6 12
7 10
7 12
7 13

# Embedding 590 (with cost 9.55736e-15)
(0.636236, -0.0576772, -0.807952) (0.677117, 0.402256, -0.540442) (0.230813, -0.286573, -0.594295) (0.0394452, -0.217606, -0.997766) (0.681826, 0.544734, -0.919126) (-0.0255168, 0.413251, -0.224591) (0.330713, 0.261187, -0.250033) (0.214523, -0.0238171, -0.319992) (-0.286574, 0.327415, -0.796758) (-0.0298671, 0.0644438, -1.16178) (0.399868, 0.547371, -1.11961) (0.0126363, 0.689184, -0.577036) (-0.148952, 0.489901, -1.09715) (0.114448, 0.411383, -1.21475) 


# Original Graph 591 in [575, 600)
14 vertices
0 1
0 2
0 3
1 4
1 5
2 6
2 7
2 3
3 8
4 9
4 10
4 5
5 11
5 12
5 13
6 13
6 12
7 12
7 10
8 10
8 9
9 10
10 12
10 11
11 12
12 13

# Unit Distance Graph 591
14 vertices
0 10
0 11
0 12
1 7
1 10
1 12
2 4
2 5
2 11
2 10
3 5
3 12
3 11
4 7
4 12
4 6
5 8
5 10
5 7
6 10
6 9
8 13
8 12
9 12
9 13
10 13

# Embedding 591 (with cost 9.90163e-15)
(0.111844, -0.471303, 0.612817) (-0.0982058, -0.508486, 0.133544) (0.170857, -0.19651, 0.795186) (0.431828, -0.419288, 0.59599) (0.074818, -0.44169, -0.169523) (-0.219083, -0.183319, -0.12556) (-0.00348223, 0.135585, 0.643264) (0.497916, 0.237657, 0.43004) (0.63716, -0.37887, 0.35257) (0.435569, -0.428207, -0.056288) (0.755593, -0.00342729, 0.00727572) (0.126892, 0.213339, -0.115907) (0.105892, 0.462795, 0.255849) (-0.126433, 0.265484, 0.394209) 


# Original Graph 592 in [575, 600)
14 vertices
0 1
0 2
0 3
0 4
1 5
1 6
1 7
2 7
2 8
2 3
3 4
4 9
5 9
5 10
5 6
6 11
6 12
6 13
7 13
8 13
8 9
9 10
10 13
10 11
11 12
12 13

# Unit Distance Graph 592
14 vertices
0 10
0 11
0 12
0 13
1 8
1 9
1 10
1 13
2 5
2 6
2 11
2 10
3 6
3 12
3 11
4 6
4 13
4 12
5 8
5 13
5 7
6 9
6 8
7 10
7 9
9 13

# Embedding 592 (with cost 9.49548e-15)
(0.264777, -0.231858, -0.963664) (0.45585, -0.540858, -0.823968) (-0.303935, -0.234765, -0.884967) (-0.0222787, 0.0248922, -0.868439) (0.0928269, 0.170127, -0.626628) (0.443419, -0.186707, -0.222282) (0.408523, -0.754484, -0.413485) (-0.296565, -0.522576, -0.805048) (-0.486166, -0.332758, -0.56072) (0.111819, 0.181523, -0.224128) (0.110403, -0.128262, 0.0189027) (0.10924, -0.456062, -0.00161355) (-0.159411, -0.689444, -0.182204) (-0.432806, -0.643117, -0.376941) 


# Original Graph 593 in [575, 600)
14 vertices
0 1
0 2
0 3
0 4
1 4
1 5
1 2
2 5
2 3
3 6
3 4
4 7
5 8
6 8
6 9
6 10
6 7
7 10
7 11
7 8
8 12
9 12
9 13
10 13
11 13
11 12

# Unit Distance Graph 593
14 vertices
0 9
0 13
0 11
0 12
1 6
1 10
1 13
1 9
2 7
2 11
2 13
2 10
3 7
3 8
3 12
3 11
4 6
4 9
4 12
4 8
5 6
5 7
5 10
6 8
6 7
7 8

# Embedding 593 (with cost 9.80863e-15)
(-0.34701, -0.134173, -0.218649) (-0.136096, 0.0184998, -0.417837) (-0.272111, 0.254242, -0.246321) (-0.401362, -0.250608, 0.156858) (0.164357, -0.289399, -0.382424) (-0.0946342, 0.473535, -0.159723) (-0.188384, -0.223676, 0.550986) (0.562868, -0.278055, -0.106785) (0.118552, 0.599519, 0.0733461) (0.287432, 0.2305, 0.46289) (0.206093, -0.224873, 0.48973) (0.584841, -0.0858315, 0.140957) (0.294358, 0.459075, 0.267873) (0.427426, -0.0365639, 0.406427) 


# Original Graph 594 in [575, 600)
14 vertices
0 1
0 2
0 3
0 4
1 4
1 2
2 5
3 5
3 6
4 6
4 7
5 8
6 9
7 9
7 10
7 11
7 8
8 11
8 9
9 12
9 13
9 10
10 13
10 11
11 12
12 13

# Unit Distance Graph 594
14 vertices
0 10
0 11
0 12
0 13
1 9
1 13
1 12
2 9
2 10
2 13
3 7
3 11
3 10
4 8
4 9
4 12
4 11
5 7
5 10
5 9
6 7
6 8
6 11
7 9
7 8
8 9

# Embedding 594 (with cost 9.13555e-15)
(0.127112, -0.51294, -0.216083) (-0.0106865, -0.591026, -0.451612) (0.180931, -0.231735, -0.274341) (0.0249482, -0.413091, 0.174585) (-0.250538, -0.709347, -0.560544) (0.145451, 0.0390473, -0.200713) (-0.386655, -0.494876, 0.319274) (-0.478178, -0.584245, -0.672511) (-0.0477602, 0.229245, -0.281391) (-0.640849, -0.343603, 0.284375) (-0.817536, -0.202118, -0.321108) (-0.528451, 0.229173, -0.355742) (-0.668705, 0.0848771, -0.119699) (-0.771827, -0.141118, 0.0155581) 


# Original Graph 595 in [575, 600)
14 vertices
0 1
0 2
0 3
1 4
1 5
2 5
2 6
3 7
3 8
4 8
4 9
5 10
6 10
6 11
6 7
7 11
7 12
7 13
8 13
9 13
9 12
9 11
9 10
10 11
11 12
12 13

# Unit Distance Graph 595
14 vertices
0 9
0 11
0 12
1 7
1 12
1 11
2 9
2 12
2 13
3 9
3 10
3 11
4 6
4 7
4 11
5 7
5 13
5 12
6 9
6 13
6 8
7 10
7 9
8 11
8 10
10 13

# Embedding 595 (with cost 8.65416e-15)
(-0.0153786, 0.187515, -0.231797) (-0.232402, 0.0414344, -0.500009) (-0.172518, 0.166699, 0.0483645) (0.239469, 0.0252894, -0.162574) (-0.129687, -0.223582, -0.62083) (-0.502391, -0.0235421, -0.277484) (-0.176096, -0.039654, 0.361014) (0.26958, -0.305203, 0.292364) (0.240609, -0.440813, -0.454724) (-0.389051, -0.735348, -0.325033) (-0.669209, -0.375287, -0.0449229) (-0.442801, -0.568411, 0.264073) (0.100191, -0.789864, -0.0546734) (0.255505, -0.675917, -0.278432) 


# Original Graph 596 in [575, 600)
14 vertices
0 1
0 2
0 3
0 4
1 4
1 5
1 6
2 6
2 7
3 7
3 8
4 9
4 10
4 5
5 11
6 11
6 10
6 12
7 13
7 8
8 13
8 9
9 12
9 10
10 11
12 13

# Unit Distance Graph 596
14 vertices
0 6
0 12
0 9
0 10
1 8
1 9
1 12
1 13
2 4
2 10
2 9
3 6
3 10
3 11
4 7
4 13
4 12
4 6
5 7
5 8
5 13
6 9
6 8
7 11
7 10
8 11

# Embedding 596 (with cost 9.83789e-15)
(0.140889, -0.514082, -0.693441) (-0.233968, -0.538645, -0.703995) (0.0777956, -0.675999, 0.035289) (0.347465, -0.417607, -0.484037) (-0.285352, -0.189751, -0.759498) (-0.490822, -0.394857, -0.5464) (-0.412552, -0.624301, 0.132122) (0.373675, -0.423333, -0.0445701) (0.267031, 0.0739959, -0.0927083) (-0.115218, 0.287054, -0.152525) (-0.42804, 0.151074, -0.209823) (-0.612603, -0.388007, -0.205839) (-0.094628, -0.188145, 0.222144) (0.246493, -0.159436, 0.0868003) 


# Original Graph 597 in [575, 600)
14 vertices
0 1
0 2
0 3
1 4
1 5
1 6
2 6
2 7
2 8
2 3
3 9
3 10
4 10
4 11
4 12
5 9
5 8
6 8
6 13
6 7
7 13
8 13
8 9
9 12
10 11
11 12

# Unit Distance Graph 597
14 vertices
0 5
0 8
0 9
1 2
1 3
1 9
1 8
2 5
2 9
2 12
2 4
3 6
3 8
3 5
4 8
4 13
4 7
6 10
6 11
6 12
6 9
7 12
7 11
8 10
10 13
11 13

# Embedding 597 (with cost 9.72025e-15)
(-0.38926, 0.571043, 0.576626) (-0.36633, 0.187919, -0.0832654) (-0.522149, 0.426219, 0.875345) (-0.134468, 0.562244, 0.814577) (0.0411655, 0.261251, 0.0657385) (-0.0824494, -0.374587, 0.468682) (-0.746722, -0.0341025, 0.295428) (-0.716926, 0.0525635, 0.683595) (-0.310466, -0.416712, 0.711279) (0.166459, -0.258217, 0.63583) (0.0480021, 0.506339, 0.571718) (0.201093, 0.278563, 0.357766) (0.245102, -0.0283479, 0.422912) (-0.597788, -0.254418, 0.636548) 


# Original Graph 598 in [575, 600)
14 vertices
0 1
0 2
0 3
1 4
1 5
2 5
2 6
3 6
3 7
4 8
4 9
4 10
4 11
5 11
5 10
5 9
5 8
5 12
6 13
7 13
7 12
8 12
8 9
9 10
10 11
12 13

# Unit Distance Graph 598
14 vertices
0 5
0 8
0 9
1 5
1 12
1 8
2 4
2 9
2 8
3 5
3 9
3 10
4 6
4 13
4 12
4 5
5 8
5 12
5 7
6 10
6 9
7 10
7 11
10 13
11 12
11 13

# Embedding 598 (with cost 9.98503e-15)
(-0.173467, -0.217786, 0.633554) (0.0957516, -0.265539, 0.561161) (-0.498459, -0.853468, 0.204957) (-0.399692, -0.114976, 0.498453) (0.314822, -0.281829, 0.313594) (-0.328221, -0.985831, 0.0121371) (-0.62839, -0.602183, 0.225708) (-0.515199, -0.0335648, 0.253442) (-0.260504, -0.0559423, -0.349417) (0.167991, -0.306906, -0.302108) (0.302892, -0.47467, -0.115546) (0.203516, -0.693293, 0.0338802) (-0.501223, -0.0249572, -0.204177) (-0.630388, -0.141589, 0.018788) 


# Original Graph 599 in [575, 600)
14 vertices
0 1
0 2
0 3
0 4
1 4
1 5
1 6
2 6
2 3
3 7
3 8
3 9
4 10
5 10
5 11
6 12
6 13
6 8
6 7
7 8
8 13
9 13
9 12
9 11
10 11
11 12

# Unit Distance Graph 599
14 vertices
0 6
0 13
0 9
0 12
1 3
1 9
1 13
1 8
2 9
2 11
2 12
3 6
3 12
3 11
3 5
4 6
4 8
4 13
5 8
5 7
6 10
6 11
6 9
7 11
7 10
8 10

# Embedding 599 (with cost 9.20827e-15)
(-0.732141, -0.239882, 0.0699302) (-0.346823, 0.0694682, 0.643833) (-0.736523, 0.0222295, -0.0368203) (-0.650936, 0.00448232, -0.306584) (-0.517342, -0.393213, 0.244475) (-0.0581349, -0.29974, 0.439094) (-0.21817, 0.545743, 0.414353) (-0.380472, 0.459345, -0.126493) (-0.166323, 0.374841, -0.291137) (0.243369, -0.153047, -0.132158) (-0.239663, -0.444591, 0.277328) (0.187039, -0.323093, 0.129871) (0.246992, -0.0459485, 0.130659) (0.0915482, 0.235266, -0.239537) 
