

# Original Graph 375 in [375, 400)
14 vertices
0 1
0 2
0 3
0 4
0 5
1 5
1 6
1 7
2 8
2 3
3 9
3 10
4 10
4 6
4 5
6 10
6 11
7 11
7 12
7 8
8 9
9 12
9 13
10 13
10 11
12 13

# Unit Distance Graph 375
14 vertices
0 7
0 12
0 13
0 10
0 11
1 3
1 10
1 13
1 9
2 6
2 11
2 10
3 7
3 11
3 6
4 7
4 8
4 9
4 12
5 9
5 13
5 12
6 9
6 8
7 10
8 10

# Embedding 375 (with cost 8.55196e-15)
(0.292432, 0.582541, -0.0253744) (0.327277, -0.0726663, 0.297314) (-0.0488631, 0.571386, -0.00666154) (-0.0843984, 0.572771, -0.346064) (0.536693, 0.0667637, -0.294892) (0.48349, 0.311822, 0.00695644) (0.450977, -0.264372, -0.233968) (-0.251408, -0.208117, 0.255868) (-0.355726, 0.195092, 0.137682) (-0.46009, 0.145384, -0.279321) (0.109572, -0.155215, -0.675204) (0.143187, -0.39031, -0.202256) (-0.414454, -0.124271, -0.0523552) (-0.286072, -0.0862168, -0.492382) 


# Original Graph 376 in [375, 400)
14 vertices
0 1
0 2
0 3
0 4
0 5
1 5
1 6
1 7
2 8
2 9
3 9
3 10
4 10
4 11
4 5
6 11
6 10
6 7
7 12
7 8
8 9
9 12
9 13
10 13
10 11
12 13

# Unit Distance Graph 376
14 vertices
0 6
0 7
0 12
0 13
0 10
1 3
1 10
1 13
1 9
2 6
2 10
2 11
3 7
3 6
4 7
4 8
4 9
4 12
5 9
5 13
5 12
6 9
7 10
8 11
8 10
9 11

# Embedding 376 (with cost 9.62293e-15)
(0.576065, 0.355487, 0.0580333) (0.823041, -0.131855, -0.462229) (0.505571, 0.0121011, 0.257886) (0.0291841, 0.0727511, 0.11042) (0.307116, 0.345172, -0.540577) (0.653161, 0.291642, -0.405418) (0.494741, -0.301249, -0.69169) (0.665341, -0.563484, -0.326054) (0.511962, -0.280164, 0.212413) (0.115197, -0.259365, 0.232535) (-0.172493, -0.038378, -0.475381) (0.280576, 0.00903994, -0.716469) (0.206997, -0.556657, -0.120242) (-0.130718, -0.298378, -0.212002) 


# Original Graph 377 in [375, 400)
14 vertices
0 1
0 2
0 3
0 4
1 4
1 5
2 6
2 7
2 8
3 8
3 9
3 4
4 5
5 9
5 10
6 10
6 7
7 11
7 12
8 12
8 13
8 10
8 9
10 11
11 13
12 13

# Unit Distance Graph 377
14 vertices
0 8
0 10
0 11
0 13
1 8
1 13
1 12
2 5
2 10
2 8
2 9
3 6
3 7
3 11
3 10
4 7
4 12
4 13
4 11
5 8
5 12
5 7
6 9
6 8
7 9
8 10

# Embedding 377 (with cost 9.10401e-15)
(-0.534308, 0.240833, 0.390126) (-0.4569, 0.310131, -0.0459422) (-0.639514, -0.000689338, 0.510232) (0.0995957, 0.205849, 0.119589) (-0.183129, 0.360353, 0.0161295) (-0.433598, -0.0467376, -0.467254) (-0.758247, -0.29814, 0.220094) (-0.580016, -0.457582, 0.432617) (0.239412, -0.363799, 0.200975) (0.150471, -0.0327153, -0.102057) (-0.538948, -0.336659, -0.426257) (-0.437667, -0.591264, -0.156019) (-0.236601, -0.578434, 0.356452) (-0.164498, -0.637039, 0.0858543) 


# Original Graph 378 in [375, 400)
14 vertices
0 1
0 2
0 3
0 4
1 5
1 6
1 7
2 8
2 3
3 4
4 9
5 9
5 7
5 10
5 11
5 6
6 11
7 11
7 12
7 13
8 13
8 9
9 13
10 12
10 11
11 12

# Unit Distance Graph 378
14 vertices
0 5
0 10
0 12
0 7
1 5
1 7
1 13
1 9
2 5
2 11
2 10
3 10
3 11
3 12
4 7
4 12
4 11
5 8
5 13
5 7
6 8
6 9
6 13
7 9
8 11
9 11

# Embedding 378 (with cost 7.4251e-15)
(0.386989, 0.0757792, -0.143535) (0.525018, 0.0475334, 0.111141) (-0.0610595, 0.0783729, -0.2289) (0.166501, 0.261187, -0.281653) (0.102319, 0.579674, -0.233787) (0.0782233, 0.925246, 0.284331) (0.479546, 0.185051, 0.455848) (-0.413315, 0.071487, 0.456045) (-0.337533, 0.108402, -0.115559) (-0.0572889, 0.838125, -0.0782881) (0.00138728, 0.50205, 0.674758) (0.18634, 0.284271, 0.717884) (-0.218749, 0.214347, 0.63997) (-0.472353, 0.0995308, 0.161614) 


# Original Graph 379 in [375, 400)
14 vertices
0 1
0 2
0 3
0 4
1 5
1 6
2 6
2 7
2 3
3 7
3 4
4 7
5 8
5 9
5 6
6 10
6 11
6 8
6 12
7 12
8 12
8 13
9 13
9 10
10 11
11 13

# Unit Distance Graph 379
14 vertices
0 6
0 8
0 13
0 11
1 6
1 12
1 8
2 5
2 9
2 13
2 8
3 9
3 10
3 11
3 13
4 6
4 11
4 10
5 7
5 12
5 6
6 8
6 12
6 7
7 10
7 9

# Embedding 379 (with cost 8.08459e-15)
(-0.203314, 0.649159, 0.437516) (-0.226542, 0.450122, 0.64331) (-0.162319, 0.462245, -0.196527) (-0.0438424, 0.695348, -0.0350892) (-0.0224153, 0.747628, 0.242233) (-0.105961, 0.228433, 0.77412) (-0.165874, -0.163601, -0.143877) (0.437163, 0.615188, 0.0288441) (0.668172, 0.182922, 0.285412) (-0.00417791, -0.0144446, 0.668204) (0.00748647, -0.251062, 0.283774) (0.28497, -0.203891, 0.253442) (0.615474, 0.40852, 0.105465) (0.506439, -0.0489645, 0.343314) 


# Original Graph 380 in [375, 400)
14 vertices
0 1
0 2
0 3
0 4
1 4
1 5
2 6
2 7
3 8
3 4
4 5
5 8
5 7
5 9
6 9
6 10
7 11
7 12
7 9
7 8
9 13
9 10
10 13
10 11
11 12
12 13

# Unit Distance Graph 380
14 vertices
0 7
0 9
0 13
0 12
1 7
1 12
1 11
2 5
2 9
2 7
3 9
3 10
3 13
4 10
4 11
4 12
4 13
5 7
5 11
5 10
5 6
6 7
6 8
7 9
8 10
8 9

# Embedding 380 (with cost 7.56936e-15)
(-0.313201, -0.374317, 0.237663) (0.0437207, -0.534791, -0.153116) (-0.346497, -0.068863, 0.311847) (-0.478327, -0.54703, -0.175934) (-0.234626, -0.598283, -0.0318291) (0.21843, -0.424647, -0.43265) (-0.20511, 0.212073, 0.211712) (-0.68375, -0.0406422, -0.629144) (-0.608381, -0.400522, -0.468068) (0.297625, 0.0222502, -0.447631) (-0.188768, 0.400619, -0.0413388) (-0.392136, 0.354576, -0.291156) (-0.473867, 0.225024, -0.546542) (0.0229654, 0.275733, -0.443826) 


# Original Graph 381 in [375, 400)
14 vertices
0 1
0 2
0 3
0 4
1 5
1 6
1 2
2 3
3 6
4 7
4 8
5 8
5 9
5 10
5 11
5 12
6 12
6 11
7 11
7 9
7 8
9 13
9 10
10 13
11 13
11 12

# Unit Distance Graph 381
14 vertices
0 5
0 11
0 13
0 10
1 7
1 9
1 13
1 11
2 9
2 10
2 13
3 5
3 10
3 9
4 5
4 12
4 11
5 7
5 11
5 6
6 9
6 7
6 8
7 12
8 11
8 12

# Embedding 381 (with cost 6.99761e-15)
(-0.3134, 0.0144218, -0.656627) (-0.824626, -0.00222168, -0.38368) (-0.577025, 0.14079, -0.579596) (-0.455993, 0.427532, -0.429442) (-0.0928263, -0.149255, -0.541817) (-0.779638, -0.306291, 0.167852) (-0.45465, 0.580684, -0.160262) (0.137292, -0.222898, -0.222386) (-0.116798, -0.349169, -0.305963) (-0.014941, -0.265486, 0.140821) (-0.319228, -0.227545, 0.313639) (-0.197262, 0.505705, 0.206595) (-0.494548, 0.462429, 0.139698) (-0.12898, 0.169146, 0.313965) 


# Original Graph 382 in [375, 400)
14 vertices
0 1
0 2
0 3
1 4
1 5
1 6
2 7
2 8
3 8
3 9
4 9
4 10
4 11
4 12
4 5
5 12
5 13
6 13
6 11
7 11
7 10
8 10
9 10
11 13
11 12
12 13

# Unit Distance Graph 382
14 vertices
0 4
0 12
0 11
1 4
1 11
1 7
1 10
2 4
2 5
2 12
3 11
3 12
3 13
4 7
4 11
4 6
5 8
5 10
5 7
6 10
6 9
8 13
8 12
9 11
9 13
10 13

# Embedding 382 (with cost 9.78769e-15)
(0.539073, 0.118191, -0.169695) (0.50231, -0.113493, -0.338371) (0.122626, 0.435857, 0.0508234) (0.481645, 0.171754, 0.159758) (0.0554899, -0.462233, 0.485481) (0.11892, -0.530519, -0.206282) (0.0215646, -0.100833, -0.446313) (-0.311983, 0.343012, 0.0201379) (0.23786, 0.313328, 0.316953) (0.209559, -0.151412, 0.534554) (0.0641434, 0.155352, 0.519377) (-0.460625, 0.0939132, -0.165923) (-0.241346, -0.491821, -0.0324694) (-0.286929, -0.241256, -0.328827) 


# Original Graph 383 in [375, 400)
14 vertices
0 1
0 2
0 3
1 4
1 5
1 6
2 6
2 7
3 8
3 9
4 9
4 10
4 11
4 12
4 5
5 12
5 7
5 6
7 12
8 12
8 13
9 10
10 13
10 11
11 13
11 12

# Unit Distance Graph 383
14 vertices
0 4
0 12
0 11
1 8
1 13
1 11
1 12
2 4
2 11
2 10
3 4
3 5
3 12
4 8
4 12
4 7
5 9
5 10
5 13
5 8
6 10
6 11
6 13
7 10
7 9
9 12

# Embedding 383 (with cost 7.94873e-15)
(-0.382098, -0.203962, -0.413315) (-0.923594, -0.220946, 0.0134945) (-0.621386, -0.481442, -0.401877) (-0.116906, -0.162116, -0.29155) (-0.664761, -0.162853, 0.545023) (-0.927611, -0.645516, 0.038726) (-0.883909, -0.444315, -0.170489) (-0.599053, -0.910159, -0.1162) (0.0431678, -0.449908, -0.100296) (-0.121798, -0.0553722, 0.0876814) (-0.102604, -0.22178, 0.412642) (-0.125011, -0.632103, 0.453057) (-0.348664, -1.02707, 0.153591) (0.0277986, -0.429534, 0.240085) 


# Original Graph 384 in [375, 400)
14 vertices
0 1
0 2
0 3
1 4
1 5
1 6
2 7
2 8
2 9
3 10
3 11
3 4
4 11
5 11
5 6
6 10
6 12
6 7
7 13
8 13
8 12
8 9
9 10
10 12
10 11
12 13

# Unit Distance Graph 384
14 vertices
0 6
0 12
0 10
1 8
1 9
1 10
1 12
2 5
2 6
2 10
2 11
3 6
3 7
3 13
3 12
4 8
4 12
4 13
5 9
5 8
6 10
6 9
7 11
7 10
8 11
11 13

# Embedding 384 (with cost 9.94489e-15)
(0.02437, 0.713149, 0.339657) (0.0754492, 0.354259, 0.819034) (-0.18538, 0.671836, 0.14304) (0.447966, 0.31545, 0.372784) (0.340666, 0.263053, 0.638153) (-0.0966441, -0.0494492, 0.829971) (-0.381581, -0.112405, 0.731659) (-0.537877, 0.154586, 0.420059) (-0.355092, 0.274752, -0.080028) (0.040653, 0.104196, -0.14857) (0.308237, -0.187856, 0.0116179) (0.440102, -0.0539004, 0.429535) (-0.384143, -0.167709, 0.100477) (-0.493925, 0.10603, 0.110137) 


# Original Graph 385 in [375, 400)
14 vertices
0 1
0 2
0 3
1 4
1 5
2 6
2 7
2 8
3 8
3 7
3 9
4 9
4 10
4 5
5 11
5 6
6 12
6 9
6 13
7 13
7 8
9 13
9 12
10 12
10 11
11 12

# Unit Distance Graph 385
14 vertices
0 6
0 9
0 12
1 6
1 13
1 9
2 4
2 10
2 12
2 9
3 5
3 6
3 12
3 11
4 7
4 13
4 6
5 9
5 13
5 7
6 9
7 11
7 10
8 10
8 11
8 12

# Embedding 385 (with cost 8.02537e-15)
(-0.328176, 0.421687, 0.326195) (-0.0602702, 0.384574, 0.2411) (-0.741861, -0.0675322, 0.108208) (-0.594085, 0.476667, 0.242934) (0.111522, 0.410708, -0.0992164) (-0.0300441, -0.235069, -0.175742) (-0.470445, -0.39023, -0.239977) (-0.880508, 0.284768, -0.0952442) (-0.771551, 0.261526, 0.164859) (-0.477339, 0.518228, -0.657894) (0.0863828, 0.256636, -0.348877) (0.0358881, -0.0217982, -0.352605) (-0.200857, 0.283594, -0.656007) (-0.844413, 0.310005, -0.374983) 


# Original Graph 386 in [375, 400)
14 vertices
0 1
0 2
0 3
0 4
1 5
1 6
1 7
2 8
2 9
2 10
3 11
3 4
4 5
5 11
5 6
6 7
7 11
7 12
7 8
8 12
8 13
9 13
9 10
10 11
11 13
12 13

# Unit Distance Graph 386
14 vertices
0 7
0 12
0 13
0 11
1 9
1 10
1 11
1 13
2 5
2 6
2 7
2 11
3 7
3 8
3 12
4 8
4 13
4 12
5 9
5 13
5 8
6 10
6 9
7 11
7 10
8 11

# Embedding 386 (with cost 9.32524e-15)
(0.71276, -0.0706606, -0.144112) (0.102255, -0.13341, -0.00317727) (0.851087, 0.382175, -0.0110552) (0.696717, -0.274956, 0.327844) (0.521379, -0.319249, 0.106287) (0.175075, -0.317666, 0.219665) (-0.0626551, 0.0256269, 0.183751) (-0.104177, 0.321811, 0.278474) (0.369608, 0.663217, 0.214569) (0.83141, 0.412541, 0.409463) (0.830776, 0.1824, 0.604705) (0.617429, -0.0669364, 0.851327) (0.165416, 0.56957, 0.394886) (0.502041, 0.537999, 0.620827) 


# Original Graph 387 in [375, 400)
14 vertices
0 1
0 2
0 3
1 4
1 5
1 6
2 7
2 8
3 9
3 10
4 10
4 5
5 10
5 9
5 6
6 9
6 11
6 7
7 11
7 12
8 13
8 9
9 11
11 13
11 12
12 13

# Unit Distance Graph 387
14 vertices
0 6
0 11
0 9
1 8
1 9
1 11
1 13
2 5
2 6
2 9
3 6
3 7
3 11
4 11
4 12
4 13
5 8
5 13
5 12
5 7
6 9
6 8
7 10
7 9
10 12
10 11

# Embedding 387 (with cost 7.55155e-15)
(-0.274313, 0.269774, 0.17968) (0.0320185, 0.585132, 0.279186) (-0.215801, 0.0671784, -0.00882377) (0.120705, 0.0795374, 0.784705) (0.229589, 0.559273, 0.517936) (0.504338, 0.58309, 0.455112) (0.7005, 0.460865, 0.0646859) (0.0816284, -0.0346652, -0.207984) (0.262048, -0.38358, 0.372375) (0.400915, -0.233976, 0.718478) (0.211134, 0.337266, 0.711198) (0.589978, -0.171379, -0.0619499) (0.293921, -0.202815, -0.126333) (0.360112, -0.344158, 0.109555) 


# Original Graph 388 in [375, 400)
14 vertices
0 1
0 2
0 3
0 4
1 5
1 6
2 7
2 3
3 7
3 8
3 9
4 9
4 10
5 10
5 11
6 12
6 8
6 13
7 13
7 8
8 13
8 9
9 12
9 11
9 10
11 12

# Unit Distance Graph 388
14 vertices
0 6
0 8
0 9
0 12
1 3
1 9
1 8
2 9
2 11
2 12
3 6
3 12
3 11
3 5
4 6
4 13
4 8
5 8
5 7
6 9
7 11
7 9
7 10
8 10
9 13
10 13

# Embedding 388 (with cost 7.37273e-15)
(-0.408247, -0.207652, 0.322484) (-0.357856, 0.440111, 0.198692) (-0.453385, -0.345358, 0.0131577) (-0.240327, -0.478273, -0.17914) (0.0317412, -0.0888917, 0.35048) (-0.0159155, 0.403283, 0.236189) (-0.317211, 0.498357, -0.379843) (-0.436164, -0.266535, -0.375967) (-0.146871, -0.0729734, -0.633311) (0.486331, -0.0168011, -0.0816275) (0.188901, 0.155939, 0.280394) (0.220703, 0.392918, -0.0103881) (0.0648892, 0.4722, -0.237822) (-0.398087, 0.118339, -0.528328) 


# Original Graph 389 in [375, 400)
14 vertices
0 1
0 2
0 3
0 4
0 5
1 5
1 6
1 7
1 8
2 9
2 3
3 9
3 10
4 11
4 12
5 12
5 13
6 13
6 11
7 10
7 9
7 8
8 9
10 11
11 13
11 12

# Unit Distance Graph 389
14 vertices
0 1
0 7
0 10
0 11
0 6
1 4
1 11
1 10
1 3
2 6
2 11
2 13
3 6
3 13
3 5
4 8
4 7
5 10
5 7
5 9
7 12
8 12
8 11
9 13
9 11
9 12

# Embedding 389 (with cost 7.95507e-15)
(-0.158863, -0.688973, -0.225476) (-0.608942, 0.188268, -0.0585135) (-0.219043, -0.582697, 0.301228) (-0.0183053, -0.432653, 0.456856) (0.146076, -0.429463, -0.278415) (-0.197212, -0.188448, -0.496222) (-0.300943, 0.298942, -0.163535) (-0.35545, -0.00112176, 0.473247) (-0.565707, 0.0493533, 0.235491) (-0.312609, -0.340532, 0.485386) (0.27367, -0.00999282, 0.367737) (0.38926, 0.128887, -0.05036) (0.254425, -0.124766, -0.309546) (-0.0694431, 0.170979, -0.338765) 


# Original Graph 390 in [375, 400)
14 vertices
0 1
0 2
0 3
0 4
0 5
1 6
1 7
1 8
1 2
2 8
3 9
3 7
3 10
3 4
4 11
5 11
5 12
6 12
6 7
7 9
8 9
10 12
10 13
11 13
11 12
12 13

# Unit Distance Graph 390
14 vertices
0 3
0 10
0 12
0 6
0 7
1 3
1 4
1 11
1 13
1 10
2 10
2 13
2 12
3 6
3 12
3 5
4 7
4 6
5 7
5 9
7 11
8 11
8 12
8 13
9 12
9 11

# Embedding 390 (with cost 9.94393e-15)
(-0.401394, -0.0126766, 0.15896) (-0.462754, -0.330192, -0.441806) (-0.554856, -0.0818332, -0.13197) (0.0596175, 0.515051, -0.554463) (0.105478, 0.266027, 0.125323) (0.0487359, -0.186592, 0.157983) (0.141298, -0.481471, -0.537974) (-0.140473, -0.00141115, -0.806334) (-0.54684, -0.0121394, -0.43545) (-0.314575, 0.245134, -0.667619) (0.287307, 0.330075, -0.479955) (0.303366, 0.0319467, 0.0891509) (0.364352, -0.413791, -0.343773) (0.428395, 0.0713921, -0.23066) 


# Original Graph 391 in [375, 400)
14 vertices
0 1
0 2
0 3
0 4
0 5
1 5
1 6
1 7
1 8
2 9
2 10
3 10
3 11
4 12
4 5
5 12
5 13
5 6
6 13
6 12
7 11
7 8
8 9
9 10
11 12
12 13

# Unit Distance Graph 391
14 vertices
0 1
0 7
0 11
0 12
0 6
1 4
1 12
1 11
1 3
2 6
2 12
2 13
3 6
3 5
4 8
4 7
5 11
5 7
5 8
5 9
5 10
6 10
8 12
9 13
9 12
10 13

# Embedding 391 (with cost 9.56964e-15)
(0.0731301, -0.179912, -0.310812) (0.963399, -0.214568, 0.143302) (0.168252, 0.0582154, -0.0805445) (0.0112603, -0.157349, 0.443564) (0.109007, -0.525618, -0.272945) (0.382946, -0.720605, -0.294401) (0.817239, -0.668418, 0.144889) (0.605039, -0.208799, 0.535497) (0.755611, 0.0347473, 0.244639) (0.485653, 0.149141, 0.188293) (0.170312, 0.0857825, 0.257438) (0.136843, -0.473814, 0.642897) (0.201847, -0.759826, 0.493633) (0.508978, -0.85023, 0.161597) 


# Original Graph 392 in [375, 400)
14 vertices
0 1
0 2
0 3
0 4
1 5
1 6
1 2
2 6
2 7
2 5
2 3
3 5
3 8
3 9
4 10
4 11
5 11
5 7
6 7
8 11
8 12
9 12
9 13
9 10
10 13
12 13

# Unit Distance Graph 392
14 vertices
0 3
0 8
0 11
0 5
1 3
1 9
1 12
1 8
2 4
2 11
2 8
2 12
2 13
2 10
3 5
3 11
3 4
4 5
5 10
5 9
6 9
6 13
6 12
7 9
7 10
7 13

# Embedding 392 (with cost 7.29819e-15)
(-0.0737335, -0.577545, 0.179011) (-0.0553564, -0.447873, -0.111143) (-0.439479, -0.0307794, -0.306396) (-0.66466, 0.216445, 0.321789) (0.0314081, -0.490621, 0.446473) (0.245613, 0.335489, -0.0747352) (-0.14326, -0.13688, -0.319261) (0.011241, 0.130138, -0.288255) (0.0888383, 0.374027, 0.439937) (-0.480608, 0.133619, 0.582419) (-0.127728, -0.294194, 0.606525) (0.322975, 0.339278, 0.224378) (-0.13324, 0.246446, 0.604298) (-0.227001, -0.0233779, 0.670742) 


# Original Graph 393 in [375, 400)
14 vertices
0 1
0 2
0 3
0 4
0 5
1 5
1 6
1 7
2 7
2 8
2 3
3 8
4 9
4 10
5 10
5 11
5 6
6 11
6 12
6 7
7 13
8 9
9 13
10 13
10 12
11 12

# Unit Distance Graph 393
14 vertices
0 6
0 7
0 13
0 10
0 12
1 4
1 10
1 13
1 9
2 5
2 11
2 12
2 10
3 6
3 12
3 11
4 7
4 6
5 8
5 9
5 13
5 7
6 9
6 8
7 10
8 11

# Embedding 393 (with cost 9.09175e-15)
(-0.263834, 0.373315, -0.338051) (-0.402413, 0.518869, 0.349758) (0.251429, 0.651718, 0.0489372) (0.089016, 0.491063, -0.24564) (0.189468, -0.118978, -0.143018) (-0.570221, 0.10379, 0.205991) (-0.278129, 0.260265, 0.655435) (0.215468, 0.651011, 0.494508) (0.338186, 0.357934, -0.125985) (0.392608, 0.0738756, -0.0624579) (0.137163, -0.318525, 0.262414) (-0.347981, -0.00744701, 0.50304) (-0.0718543, -0.202101, 0.456958) (0.416628, -0.0480337, 0.26148) 


# Original Graph 394 in [375, 400)
14 vertices
0 1
0 2
0 3
1 4
1 5
2 6
2 7
3 8
3 9
4 10
4 11
5 11
5 12
5 6
6 12
7 12
7 8
8 12
8 13
9 13
9 10
10 13
10 11
11 13
11 12
12 13

# Unit Distance Graph 394
14 vertices
0 11
0 12
0 13
1 8
1 13
1 12
2 10
2 11
2 13
3 5
3 12
3 11
4 7
4 8
4 12
5 9
5 13
5 8
6 9
6 10
6 13
7 11
7 10
8 11
9 12
10 12

# Embedding 394 (with cost 9.63934e-15)
(0.413837, 0.0031527, 0.487196) (0.552979, 0.395447, 0.367971) (0.39457, -0.117345, 0.175446) (-0.0808751, 0.000988306, 0.562373) (0.333683, 0.646492, 0.352356) (0.535433, 0.460387, -0.07725) (0.42251, 0.0991127, -0.202956) (-0.0108084, -0.16783, -0.11477) (-0.264424, -0.113572, 0.0982475) (-0.243714, 0.275376, 0.521666) (-0.145384, 0.705202, 0.353958) (0.0850207, 0.81943, 0.012253) (0.0213896, 0.103421, -0.427097) (-0.42899, 0.449769, 0.186902) 


# Original Graph 395 in [375, 400)
14 vertices
0 1
0 2
0 3
0 4
1 5
1 6
1 7
2 8
2 9
3 10
3 4
4 11
4 5
5 11
5 6
6 11
6 12
6 7
7 12
7 8
8 13
9 13
9 10
10 11
11 13
12 13

# Unit Distance Graph 395
14 vertices
0 6
0 12
0 13
0 11
1 9
1 10
1 11
1 13
2 5
2 6
2 11
3 6
3 7
3 12
4 7
4 8
4 13
4 12
5 9
5 13
5 8
6 10
6 9
7 11
7 10
8 11

# Embedding 395 (with cost 8.07196e-15)
(-0.0674112, -0.68056, 0.145302) (-0.19805, -0.596565, -0.292287) (0.31586, -0.399366, 0.0684098) (-0.203024, -0.242067, 0.455002) (-0.509784, -0.280805, 0.284401) (-0.622965, -0.155027, -0.174298) (-0.402509, 0.0145801, -0.490693) (0.118853, -0.231264, -0.491718) (0.375612, -0.208352, -0.174755) (0.230175, 0.103993, 0.278538) (-0.0597185, 0.0618706, 0.447528) (-0.437353, 0.247534, 0.187536) (0.0473552, 0.119961, -0.44291) (0.284742, 0.238875, -0.0297009) 


# Original Graph 396 in [375, 400)
14 vertices
0 1
0 2
0 3
0 4
1 5
1 6
1 7
2 8
2 9
3 9
3 10
3 4
4 11
5 11
5 10
5 6
6 10
6 12
7 12
7 13
7 8
8 13
9 13
10 13
10 11
12 13

# Unit Distance Graph 396
14 vertices
0 6
0 12
0 13
0 10
1 3
1 10
1 13
1 9
2 5
2 6
2 10
3 7
3 12
3 6
4 7
4 13
4 12
5 9
5 13
5 8
6 9
7 11
7 10
8 10
8 11
11 13

# Embedding 396 (with cost 9.47453e-15)
(-0.302983, -0.336482, 0.00791248) (-0.672949, 0.0834187, -0.235736) (-0.00570927, -0.220139, -0.240437) (0.177493, -0.0388561, 0.275925) (-0.23463, -0.14185, 0.329153) (-0.53026, 0.466693, 0.262662) (-0.46835, 0.647518, -0.0584065) (-0.241593, 0.316486, -0.559599) (0.00782267, 0.0989772, -0.495792) (0.306803, 0.0158429, -0.047273) (-0.0528879, 0.551472, 0.393907) (-0.345725, 0.226527, 0.430888) (-0.284211, 0.601722, -0.337662) (0.267115, 0.408711, -0.338031) 


# Original Graph 397 in [375, 400)
14 vertices
0 1
0 2
0 3
0 4
0 5
1 6
1 7
1 8
2 8
2 9
3 9
3 10
4 10
4 11
5 11
5 12
5 6
6 12
6 7
7 12
7 8
8 13
9 13
10 13
11 13
11 12

# Unit Distance Graph 397
14 vertices
0 7
0 8
0 13
0 11
0 12
1 4
1 11
1 13
1 10
2 5
2 12
2 11
3 6
3 7
3 12
4 8
4 7
5 9
5 13
5 8
6 10
6 13
6 9
7 10
8 11
9 12

# Embedding 397 (with cost 7.46481e-15)
(0.346857, 0.317697, 0.140714) (-0.341497, 0.0571676, -0.14055) (0.150754, -0.240961, 0.183022) (0.344185, 0.0424821, 0.448625) (0.0252011, 0.25908, 0.767615) (-0.396358, 0.559364, 0.428274) (-0.566085, 0.263219, 0.0983635) (-0.556127, -0.0993017, 0.0371222) (-0.360938, -0.388064, 0.110271) (0.187099, -0.24848, 0.511737) (0.174473, -0.00695126, 0.713653) (-0.381194, 0.309824, 0.826191) (-0.604269, 0.359389, 0.446688) (-0.100828, -0.34227, 0.744056) 


# Original Graph 398 in [375, 400)
14 vertices
0 1
0 2
0 3
0 4
1 5
1 6
2 7
2 8
3 8
3 9
3 10
4 10
4 11
5 11
5 9
5 12
6 12
6 7
7 13
8 13
8 12
8 9
9 11
9 10
10 11
12 13

# Unit Distance Graph 398
14 vertices
0 5
0 12
0 8
0 9
1 3
1 9
1 8
2 5
2 9
2 11
3 6
3 12
3 5
4 8
4 12
4 13
5 8
6 10
6 9
7 9
7 10
7 11
8 11
10 13
10 12
11 13

# Embedding 398 (with cost 6.2967e-15)
(0.100581, 0.61656, 0.662704) (-0.128532, 0.746558, -0.00113359) (-0.103386, 0.89493, 0.667344) (-0.518074, 0.275568, 0.790337) (-0.00452784, 0.298447, 0.541462) (-0.410131, 0.470422, -0.184537) (-0.318431, 0.973173, 0.102231) (-0.295699, 1.05252, 0.431656) (-0.890278, 0.750516, 0.646731) (-0.785985, 0.18362, 0.499723) (-0.370589, 0.0577678, 0.501371) (-0.351686, 0.111741, 0.0972892) (-0.605156, 0.898017, 0.0125366) (-0.710619, 0.993161, 0.404317) 


# Original Graph 399 in [375, 400)
14 vertices
0 1
0 2
0 3
0 4
1 5
1 2
2 6
3 6
3 7
3 4
4 5
5 7
5 8
6 9
6 7
7 10
7 11
7 12
8 12
8 9
9 13
9 10
10 13
10 11
11 12
12 13

# Unit Distance Graph 399
14 vertices
0 10
0 11
0 12
0 13
1 7
1 11
1 10
2 7
2 12
2 11
3 8
3 9
3 13
3 12
4 9
4 10
4 13
5 6
5 7
5 10
5 9
6 8
6 12
6 7
7 9
7 8

# Embedding 399 (with cost 9.86808e-15)
(-0.108375, 0.531366, 0.265169) (-0.279057, 0.373357, -0.0525543) (-0.221522, 0.268266, 0.453689) (0.313332, 0.543335, 0.248527) (-0.0504508, 0.5415, -0.0204359) (-0.210517, 0.247902, -0.366485) (-0.137529, -0.0181269, 0.594713) (0.689473, 0.15057, 0.0584209) (-0.177698, -0.0333996, -0.404363) (-0.093146, -0.353333, 0.42392) (0.386209, -0.334142, 0.185912) (0.561626, -0.164833, 0.00747652) (0.100013, -0.225517, -0.354267) (0.12495, -0.431518, 0.12947) 
