# Total Embeddings
11
# Original graph
10 18
0 1
0 2
0 3
0 4
1 5
1 3
1 6
2 6
2 7
2 8
3 8
3 9
4 9
4 5
5 9
6 8
6 7
7 8
# Faces (in order)
1 6 8 3 
0 3 8 2 
1 3 9 5 
0 2 6 1 
6 7 8 
2 8 7 
0 4 9 3 
4 5 9 
0 1 5 4 
2 7 6 
# Unit distance graph
10 18
0 1
0 6
0 8
0 3
1 3
1 8
1 2
2 3
2 9
2 5
3 6
4 6
4 7
4 8
5 8
5 7
6 9
7 9

# Original graph
10 18
0 1
0 2
0 3
0 4
0 5
1 5
1 6
1 7
2 7
2 6
3 6
3 8
4 8
4 9
5 9
5 8
6 7
8 9
# Faces (in order)
1 6 3 8 5 
0 4 8 3 
5 8 9 
0 1 5 
1 7 6 
0 3 6 2 
0 5 9 4 
4 9 8 
0 2 7 1 
2 6 7 
# Unit distance graph
10 18
0 1
0 6
0 3
0 8
0 5
1 4
1 8
1 3
2 5
2 8
2 9
3 5
4 7
4 6
5 6
6 9
7 9
7 8

# Original graph
10 18
0 1
0 2
0 3
0 4
0 5
1 6
1 7
2 8
2 3
3 8
3 7
3 4
4 6
4 9
4 5
5 9
6 9
7 8
# Faces (in order)
1 7 3 4 6 
0 4 3 
4 9 6 
0 1 6 9 5 
0 2 8 7 1 
3 7 8 
0 3 2 
0 5 4 
4 5 9 
2 3 8 
# Unit distance graph
10 18
0 1
0 7
0 3
0 4
0 6
1 4
1 3
2 4
2 9
2 6
3 6
3 9
3 5
4 8
4 7
5 7
5 8
8 9

# Original graph
10 18
0 1
0 2
0 3
0 4
0 5
1 5
1 6
1 7
2 7
2 3
3 7
3 8
4 8
4 6
4 9
5 9
6 9
7 8
# Faces (in order)
1 7 8 4 6 
0 4 8 3 
4 9 6 
1 6 9 5 
0 2 7 1 
3 8 7 
0 3 2 
0 5 9 4 
0 1 5 
2 3 7 
# Unit distance graph
10 18
0 1
0 7
0 8
0 4
0 6
1 4
1 8
1 3
2 4
2 9
2 6
3 6
3 9
3 5
4 7
5 8
5 7
7 9

# Original graph
10 18
0 1
0 2
0 3
0 4
0 5
1 6
1 7
2 8
2 9
3 9
3 4
4 9
4 6
4 5
5 6
6 7
7 8
8 9
# Faces (in order)
4 6 7 8 9 
3 4 9 
4 5 6 
1 7 6 
0 2 8 7 1 
2 9 8 
0 3 9 2 
0 4 3 
0 5 4 
0 1 6 5 
# Unit distance graph
10 18
0 4
0 6
0 7
0 8
0 9
1 3
1 4
1 9
2 4
2 5
2 6
3 7
3 6
4 8
4 7
5 9
5 8
6 9

# Original graph
10 18
0 1
0 2
0 3
0 4
0 5
1 5
1 6
2 7
2 3
3 8
3 4
4 8
4 9
4 5
5 9
6 9
6 7
7 8
# Faces (in order)
4 9 6 7 8 
3 4 8 
4 5 9 
1 6 9 5 
0 2 7 6 1 
2 3 8 7 
0 4 3 
0 5 4 
0 1 5 
0 3 2 
# Unit distance graph
10 18
0 4
0 9
0 6
0 7
0 8
1 3
1 4
1 8
2 4
2 5
2 9
3 6
3 9
3 5
4 7
4 6
5 8
5 7

# Original graph
10 18
0 1
0 2
0 3
1 3
1 4
2 5
2 3
3 5
3 6
3 7
3 8
3 9
3 4
4 9
5 6
6 7
7 8
8 9
# Faces (in order)
3 8 7 
3 7 6 
3 9 8 
0 2 5 6 7 8 9 4 1 
3 6 5 
3 4 9 
1 4 3 
0 1 3 
0 3 2 
2 3 5 
# Unit distance graph
10 18
0 3
0 8
0 7
1 3
1 7
1 6
2 3
2 9
2 8
3 5
3 6
3 7
3 8
3 9
3 4
4 6
4 5
5 9

# Original graph
10 18
0 1
0 2
0 3
0 4
0 5
0 6
0 7
1 7
1 8
2 8
2 3
3 8
3 4
4 5
5 9
5 6
6 9
7 9
# Faces (in order)
1 8 3 4 5 9 7 
0 5 4 
5 6 9 
0 7 9 6 
0 1 7 
0 2 8 1 
2 3 8 
0 4 3 
0 6 5 
0 3 2 
# Unit distance graph
10 18
0 1
0 8
0 3
0 4
0 5
0 9
0 7
1 5
1 4
2 5
2 6
2 9
3 7
3 9
3 6
4 7
5 8
6 8

# Original graph
10 18
0 1
0 2
0 3
1 4
1 5
1 2
2 5
2 3
3 6
4 7
4 8
4 5
5 8
5 9
5 6
6 7
7 9
8 9
# Faces (in order)
5 9 8 
5 6 7 9 
4 8 9 7 
4 5 8 
2 3 6 5 
0 1 4 7 6 3 
1 5 4 
1 2 5 
0 3 2 
0 2 1 
# Unit distance graph
10 18
0 5
0 9
0 8
1 5
1 6
1 7
1 9
2 4
2 8
2 9
2 7
3 4
3 5
3 8
4 6
4 5
5 7
5 6

# Original graph
10 18
0 1
0 2
0 3
0 4
1 4
1 5
1 2
2 6
2 7
3 7
3 8
3 4
4 5
5 8
5 6
6 9
7 9
8 9
# Faces (in order)
5 6 9 8 
3 8 9 7 
3 4 5 8 
1 2 6 5 
2 7 9 6 
0 3 7 2 
0 4 3 
1 5 4 
0 2 1 
0 1 4 
# Unit distance graph
10 18
0 5
0 6
0 9
0 8
1 3
1 8
1 9
1 7
2 3
2 4
2 5
2 8
3 6
3 5
4 7
4 9
4 6
5 7

# Original graph
10 18
0 1
0 2
0 3
1 3
1 4
2 5
2 6
3 6
4 7
4 8
4 5
5 8
5 9
5 7
6 7
7 9
7 8
8 9
# Faces (in order)
7 8 9 
5 7 9 
4 8 7 
5 9 8 
2 6 7 5 
1 4 7 6 3 
4 5 8 
0 2 5 4 1 
0 3 6 2 
0 1 3 
# Unit distance graph
10 18
0 7
0 8
0 9
1 5
1 7
1 9
2 4
2 8
2 7
3 5
3 9
3 8
4 6
4 7
4 5
5 7
5 6
6 8


