

# Original Graph 650 in [650, 674)
14 vertices
0 1
0 2
0 3
1 3
1 4
2 5
2 6
2 3
3 6
4 6
4 7
4 8
5 9
5 7
6 7
7 10
7 11
7 12
7 8
8 13
8 9
9 10
10 13
10 11
11 12
12 13

# Unit Distance Graph 650
14 vertices
0 7
0 12
0 11
1 7
1 11
1 10
2 7
2 8
2 13
2 12
3 10
3 11
3 12
3 13
4 5
4 7
4 10
4 9
5 8
5 7
6 8
6 9
6 10
6 13
7 9
7 8

# Embedding 650 (with cost 9.32849e-15)
(-0.368261, 0.00467544, -0.274771) (-0.284088, -0.14255, 0.159284) (-0.249789, -0.00793594, -0.531886) (-0.334829, 0.237142, -0.115491) (-0.0936992, -0.27503, 0.322618) (-0.0360443, -0.136523, -0.666064) (-0.103216, 0.453666, -0.0594023) (0.506529, 0.433293, -0.0488737) (0.166217, -0.454807, 0.260103) (0.186549, -0.309737, -0.636682) (0.439861, -0.246657, -0.522668) (0.630252, -0.00272741, -0.220758) (0.57637, -0.154554, 0.0121409) (0.414248, -0.38424, 0.114218) 


# Original Graph 651 in [650, 674)
14 vertices
0 1
0 2
0 3
1 3
1 4
1 5
2 6
2 7
2 3
3 7
4 7
4 8
4 5
5 8
5 9
5 10
5 6
6 11
8 11
8 12
8 13
9 13
9 10
10 12
10 11
12 13

# Unit Distance Graph 651
14 vertices
0 8
0 13
0 12
1 8
1 12
1 10
1 11
2 5
2 9
2 13
2 8
3 9
3 10
3 12
3 13
4 5
4 6
4 11
4 10
5 7
5 8
5 11
5 6
6 8
7 10
7 9

# Embedding 651 (with cost 7.64519e-15)
(0.478814, 0.402841, -0.0617379) (0.426655, 0.150281, 0.138107) (0.445508, 0.513744, -0.508342) (0.315247, 0.61916, -0.149648) (-0.352232, 0.447187, -0.082675) (0.304657, -0.291732, 0.067305) (0.407967, 0.31713, -0.719215) (-0.0073327, 0.635946, -0.137819) (-0.482015, 0.223409, -0.272954) (0.102142, -0.357831, -0.158401) (0.0913679, -0.142889, -0.757233) (0.215331, 0.12159, -0.838888) (-0.160289, -0.121295, -0.624614) (-0.307329, -0.130584, -0.373886) 


# Original Graph 652 in [650, 674)
14 vertices
0 1
0 2
0 3
1 3
1 4
1 5
2 6
2 7
3 7
3 4
4 7
4 8
4 5
5 8
5 9
5 10
5 6
6 11
8 11
8 12
8 9
9 12
9 10
10 13
11 13
12 13

# Unit Distance Graph 652
14 vertices
0 8
0 9
0 12
1 8
1 12
1 13
1 11
2 5
2 9
2 8
3 9
3 10
3 13
3 12
4 5
4 6
4 11
4 13
4 10
5 7
5 8
5 11
5 6
6 8
7 10
7 9

# Embedding 652 (with cost 8.71359e-15)
(-0.406693, 0.355835, -0.101905) (-0.100575, 0.305571, -0.347331) (-0.620342, 0.152216, 0.0999701) (-0.152986, 0.481431, 0.103398) (0.192438, 0.351971, 0.349707) (0.114457, -0.215394, -0.470059) (-0.664686, -0.122815, 0.149913) (-0.394635, 0.347982, 0.180659) (0.267734, -0.0628133, 0.506274) (0.162151, -0.461144, -0.00723859) (0.0576622, -0.422862, -0.267924) (-0.527418, -0.339285, 0.286676) (-0.0180953, -0.500063, 0.239312) (-0.309385, -0.500942, 0.205784) 


# Original Graph 653 in [650, 674)
14 vertices
0 1
0 2
0 3
1 4
1 5
1 6
2 7
2 8
3 8
3 4
4 5
5 8
5 9
6 9
6 10
6 11
6 7
7 12
7 9
9 13
9 10
10 13
10 11
11 13
11 12
12 13

# Unit Distance Graph 653
14 vertices
0 9
0 10
0 13
1 7
1 9
1 13
1 12
2 6
2 10
2 9
3 10
3 11
3 13
4 11
4 12
4 13
5 6
5 7
5 12
5 11
6 8
6 9
6 7
7 9
8 11
8 10

# Embedding 653 (with cost 7.89556e-15)
(-0.82312, 0.00607678, 0.193262) (-0.675286, -0.27101, 0.773416) (-0.637518, 0.125476, -0.0525211) (-0.874284, -0.279129, 0.169438) (-0.837442, -0.44957, 0.407862) (-0.530011, -0.77682, 0.0284167) (-0.401782, -0.226359, 0.853371) (-0.361083, 0.205883, -0.0474677) (-0.758174, -0.392789, -0.066023) (-0.225583, -0.781012, 0.040159) (0.0730435, -0.327333, 0.486058) (0.0822752, -0.0597424, 0.361441) (-0.0943069, 0.122678, 0.0610445) (0.125199, -0.310737, 0.175381) 


# Original Graph 654 in [650, 674)
14 vertices
0 1
0 2
0 3
0 4
1 4
1 5
1 2
2 5
2 6
2 7
2 8
2 9
3 9
3 10
4 10
5 10
5 6
6 11
6 7
7 12
7 8
8 12
8 13
9 13
11 13
11 12

# Unit Distance Graph 654
14 vertices
0 6
0 7
0 12
0 11
1 8
1 13
1 11
1 12
2 3
2 10
2 5
2 6
2 11
2 13
2 9
3 7
3 6
4 7
4 8
4 12
5 9
5 13
5 8
6 9
7 10
8 10

# Embedding 654 (with cost 9.75941e-15)
(0.0358347, -0.0277945, -0.223075) (-0.0337567, 0.00548112, 0.197623) (-0.519322, -0.100899, 0.334835) (-0.0573049, 0.103797, -0.52809) (0.125211, 0.159234, -0.0228934) (-0.0668234, 0.761643, 0.108414) (-0.342377, 0.848501, 0.0753574) (-0.853711, 0.358858, 0.0202543) (-0.80027, 0.287984, -0.379135) (-0.33203, 0.129886, -0.619974) (0.124338, 0.53578, -0.08983) (-0.576757, 0.760778, -0.169362) (-0.782383, 0.545942, -0.186383) (-0.588696, 0.272323, -0.590309) 


# Original Graph 655 in [650, 674)
14 vertices
0 1
0 2
0 3
1 3
1 4
1 5
2 5
2 6
2 7
2 8
3 8
3 9
4 9
4 5
5 10
5 11
6 11
6 12
6 7
7 13
8 9
9 13
10 13
10 12
10 11
12 13

# Unit Distance Graph 655
14 vertices
0 10
0 12
0 13
1 6
1 7
1 13
1 12
2 4
2 5
2 10
2 13
2 9
3 6
3 12
3 10
3 11
4 7
4 6
5 8
5 9
5 13
5 7
6 9
8 11
8 10
9 11

# Embedding 655 (with cost 9.74526e-15)
(0.0698772, 0.00128819, -0.0513395) (0.491986, -0.115135, -0.288958) (-0.343916, -0.179624, -0.076096) (0.373595, -0.132576, 0.160403) (0.593358, -0.410583, -0.3372) (0.400651, -0.470764, -0.67681) (-0.390518, -0.58533, -0.299102) (-0.329164, -0.611831, -0.00787807) (0.0783863, -0.204194, 0.231532) (0.405274, -0.73277, 0.288245) (0.236011, -0.884891, -0.483873) (0.131233, -0.636504, -0.668643) (0.00232384, -0.98356, -0.211058) (0.228673, -0.958802, 0.178901) 


# Original Graph 656 in [650, 674)
14 vertices
0 1
0 2
0 3
0 4
1 4
1 5
2 5
2 6
2 7
3 7
3 8
3 9
4 9
5 10
5 6
6 11
7 11
7 12
7 13
8 13
8 9
9 10
10 13
10 11
11 12
12 13

# Unit Distance Graph 656
14 vertices
0 10
0 11
0 12
0 13
1 7
1 13
1 12
2 8
2 9
2 10
2 13
3 5
3 6
3 11
3 10
4 7
4 12
4 11
5 8
5 13
5 7
6 9
6 8
7 10
7 9
9 11

# Embedding 656 (with cost 9.6038e-15)
(0.138656, -0.0913169, -0.19516) (0.176835, 0.0748324, 0.174897) (-0.109992, 0.372374, -0.301754) (-0.258427, -0.429392, -0.202566) (0.107745, -0.234087, 0.12886) (0.0315092, 0.354443, 0.34656) (-0.308635, 0.523624, 0.0961645) (-0.676023, 0.176286, -0.337296) (-0.495188, -0.458817, 0.0991766) (-0.176671, -0.454567, 0.256566) (-0.398384, 0.119249, 0.621695) (-0.646995, 0.421568, 0.150819) (-0.80755, 0.152886, 0.0171153) (-0.786683, -0.192772, 0.170157) 


# Original Graph 657 in [650, 674)
14 vertices
0 1
0 2
0 3
0 4
0 5
1 6
1 2
2 7
2 8
2 3
3 8
3 4
4 9
4 10
4 5
5 11
5 6
6 11
6 12
7 12
7 9
8 9
9 10
10 13
11 13
12 13

# Unit Distance Graph 657
14 vertices
0 7
0 9
0 10
0 13
0 12
1 4
1 10
1 9
2 4
2 5
2 11
2 13
2 10
3 6
3 12
3 13
3 11
4 7
4 12
4 6
5 8
5 9
5 7
6 9
6 8
8 11

# Embedding 657 (with cost 7.49961e-15)
(0.0070864, -0.304115, -0.517883) (0.362677, -0.366484, -0.0471719) (0.456766, 0.198818, -0.341446) (-0.0603931, 0.0826473, -0.584029) (-0.525646, 0.016687, -0.300276) (-0.188274, -0.485723, -0.00184637) (0.190315, -0.425647, 0.239854) (0.286799, 0.380001, 0.155724) (0.158173, 0.39027, -0.337421) (-0.109076, 0.509708, 0.0515015) (-0.371017, 0.259846, 0.216274) (-0.0734488, -0.313698, 0.33398) (0.203224, 0.0886893, 0.38058) (-0.18378, 0.0256333, 0.40669) 


# Original Graph 658 in [650, 674)
14 vertices
0 1
0 2
0 3
0 4
1 4
1 5
1 6
2 7
2 8
3 8
3 9
3 10
3 4
4 10
4 9
4 5
5 9
5 11
6 12
6 7
7 12
8 13
9 13
9 10
11 13
11 12

# Unit Distance Graph 658
14 vertices
0 5
0 11
0 13
0 9
1 3
1 9
1 13
1 8
2 4
2 5
2 9
3 6
3 12
3 11
3 5
4 8
4 13
4 11
4 12
4 7
5 8
6 10
6 9
7 9
7 10
10 12

# Embedding 658 (with cost 9.72258e-15)
(-0.263241, 0.156695, 0.246433) (-0.325446, -0.486002, -0.0811157) (0.108768, 0.0530248, 0.326808) (-0.130902, 0.489613, -0.182748) (-0.560025, -0.0762126, -0.405321) (-0.0563715, -0.447827, -0.522825) (0.000933965, -0.462793, 0.0921028) (0.181109, -0.234736, 0.247052) (0.243299, 0.328793, 0.0313044) (0.147574, 0.173681, -0.665127) (-0.199208, 0.327054, -0.487625) (0.396613, -0.35068, -0.30779) (0.301816, -0.395447, -0.0112155) (0.430961, 0.0439873, -0.464468) 


# Original Graph 659 in [650, 674)
14 vertices
0 1
0 2
0 3
1 4
1 5
1 6
2 6
2 7
2 3
3 8
3 4
4 8
4 9
5 9
5 10
5 11
6 11
6 7
7 12
7 8
8 13
9 13
10 13
10 12
11 12
12 13

# Unit Distance Graph 659
14 vertices
0 10
0 12
0 13
1 7
1 8
1 13
1 12
2 5
2 10
2 13
2 9
3 5
3 11
3 12
3 10
4 6
4 7
4 12
4 11
5 8
5 7
6 9
6 13
6 8
7 9
8 11

# Embedding 659 (with cost 7.23852e-15)
(0.158506, -0.1491, -0.101127) (0.0978174, -0.512073, -0.257521) (-0.00277244, -0.0237263, 0.131709) (0.0199549, 0.232352, -0.24872) (-0.137358, -0.0054843, -0.703641) (-0.413464, -0.611347, -0.565452) (-0.227538, -0.49367, 0.164427) (-0.623297, 0.0335117, 0.169482) (-0.385215, 0.360422, -0.331217) (-0.387642, -0.192684, -0.775665) (-0.764971, -0.36325, -0.41945) (-0.519633, -0.560192, 0.0353887) (-0.834803, -0.236031, -0.0250995) (-0.715772, -0.0213881, -0.569451) 


# Original Graph 660 in [650, 674)
14 vertices
0 1
0 2
0 3
0 4
1 5
1 6
2 7
2 8
2 3
3 8
3 4
4 9
4 5
5 9
5 10
6 10
6 11
6 7
7 12
8 12
8 9
9 12
9 13
10 13
11 13
11 12

# Unit Distance Graph 660
14 vertices
0 9
0 13
0 11
0 12
1 8
1 9
1 12
2 5
2 10
2 13
2 9
3 6
3 11
3 13
3 10
4 6
4 7
4 12
4 11
5 8
5 12
5 7
6 9
6 8
7 9
8 10

# Embedding 660 (with cost 7.77591e-15)
(-0.632012, -0.20014, 0.092194) (-0.533854, 0.0285601, 0.546093) (-0.369675, -0.639703, 0.164892) (-0.432658, -0.448306, -0.0719789) (-0.398912, 0.165515, -0.0689321) (-0.29933, 0.355858, 0.227413) (-0.208839, -0.157382, 0.858219) (-0.223235, -0.578373, 0.575868) (0.0524175, -0.545385, -0.0256358) (0.331578, 0.0632712, 0.0462697) (-0.106497, 0.226139, 0.590397) (0.187998, -0.178236, 0.664124) (0.320903, -0.425648, 0.294924) (0.282494, 0.088464, 0.375721) 


# Original Graph 661 in [650, 674)
14 vertices
0 1
0 2
0 3
1 3
1 4
1 5
1 6
2 7
2 8
3 8
4 9
4 10
4 11
4 12
4 5
5 12
6 12
6 11
6 10
6 13
7 13
7 9
8 9
9 13
10 11
11 12

# Unit Distance Graph 661
14 vertices
0 4
0 11
0 10
1 4
1 10
1 6
1 13
1 9
2 4
2 12
2 11
3 6
3 10
3 11
4 7
4 13
4 6
5 7
5 9
5 13
6 9
6 8
7 12
8 11
8 12
9 12

# Embedding 661 (with cost 7.86066e-15)
(0.140369, 0.829528, -0.000333295) (0.434883, 0.76056, 0.0862984) (-0.262662, 0.701361, 0.0283883) (0.0158872, 0.708714, -0.22715) (0.190761, -0.107414, -0.346166) (0.566519, 0.43912, 0.115827) (-0.169234, 0.118939, 0.558913) (-0.431134, 0.482689, 0.16864) (-0.181732, 0.52616, -0.35433) (-0.248387, 0.244285, -0.430037) (-0.0187728, -0.0771891, 0.390228) (0.241125, -0.126808, 0.274019) (0.469368, 0.0536757, 0.239662) (-0.380667, 0.264996, 0.385122) 


# Original Graph 662 in [650, 674)
14 vertices
0 1
0 2
0 3
0 4
1 5
1 6
1 2
2 6
2 7
3 7
3 8
4 8
4 9
4 10
4 5
5 10
5 11
6 11
7 12
8 12
8 9
9 13
10 13
10 11
11 12
12 13

# Unit Distance Graph 662
14 vertices
0 10
0 11
0 12
0 13
1 8
1 9
1 13
1 12
2 4
2 10
2 13
2 9
3 5
3 11
3 10
4 7
4 12
4 11
4 6
5 8
5 12
5 7
6 9
6 8
7 10
8 11

# Embedding 662 (with cost 9.88746e-15)
(-0.273243, -0.538515, -0.060307) (-0.605351, -0.111143, 0.222592) (-0.557177, -0.0253185, -0.165483) (-0.0724635, -0.38037, -0.307728) (0.190357, -0.481734, 0.317091) (-0.19755, -0.0257271, 0.618869) (-0.526926, 0.197133, 0.160103) (-0.313356, 0.0388539, -0.372301) (0.272998, -0.256458, -0.232804) (0.383643, -0.213878, 0.116124) (0.169831, 0.166129, 0.493915) (-0.277508, 0.401339, 0.281244) (0.153178, 0.348024, -0.239793) (0.343872, 0.202871, 0.203352) 


# Original Graph 663 in [650, 674)
14 vertices
0 1
0 2
0 3
0 4
1 5
1 6
1 2
2 6
2 7
2 8
2 9
3 9
3 10
4 10
4 5
5 11
6 11
6 7
7 11
7 8
8 12
8 9
9 13
10 13
11 12
12 13

# Unit Distance Graph 663
14 vertices
0 7
0 8
0 12
0 11
1 8
1 9
1 13
1 12
2 4
2 5
2 11
2 12
2 13
2 10
3 6
3 7
3 11
4 8
4 7
5 9
5 8
6 10
6 13
6 9
7 10
9 11

# Embedding 663 (with cost 8.53926e-15)
(-0.416473, -0.720072, 0.380564) (-0.0664323, -0.378166, 0.748793) (0.176256, -0.315104, 0.103572) (-0.619756, -0.576709, 0.159447) (-0.685659, -0.442034, 0.59448) (-0.456371, -0.130804, 0.855779) (0.0913459, -0.0349024, 0.607532) (0.0461489, 0.16024, 0.275539) (-0.24647, 0.150861, -0.0804936) (-0.536917, -0.286104, -0.128799) (-0.801525, -0.3694, 0.306047) (-0.398857, 0.21932, 0.722956) (-0.647958, 0.239269, 0.219075) (-0.79026, -0.060585, 0.136244) 


# Original Graph 664 in [650, 674)
14 vertices
0 1
0 2
0 3
0 4
1 5
1 6
1 2
2 6
2 7
2 3
3 8
4 8
4 9
4 5
5 10
5 11
5 6
6 11
7 11
7 12
7 13
8 13
9 13
9 12
10 12
10 11

# Unit Distance Graph 664
14 vertices
0 7
0 12
0 10
0 11
1 7
1 13
1 9
1 12
2 4
2 5
2 10
2 12
2 9
3 5
3 11
3 10
4 7
4 11
4 6
5 8
5 13
5 7
6 9
6 13
6 8
8 11

# Embedding 664 (with cost 9.65844e-15)
(-0.479548, 0.103587, 0.285408) (-0.647064, 0.359832, -0.00149704) (-0.234024, 0.64414, 0.175897) (-0.14654, 0.108315, 0.345872) (-0.275461, -0.33398, -0.0279747) (-0.500467, 0.0563149, -0.587954) (-0.423877, 0.60493, -0.338492) (0.331259, 0.444111, -0.190655) (0.0675877, -0.0572617, 0.227162) (0.161715, -0.193761, -0.200019) (-0.136829, 0.0947384, -0.653989) (-0.156469, 0.493319, -0.57699) (0.15113, -0.00151394, -0.483486) (0.286865, 0.00345826, 0.026305) 


# Original Graph 665 in [650, 674)
14 vertices
0 1
0 2
0 3
1 4
1 5
2 6
2 7
2 3
3 7
3 8
3 4
4 8
4 9
4 10
5 10
5 11
5 6
6 11
7 12
7 9
8 9
9 12
9 13
10 13
11 12
12 13

# Unit Distance Graph 665
14 vertices
0 9
0 13
0 12
1 7
1 9
1 12
2 4
2 10
2 13
2 9
3 5
3 11
3 12
3 13
3 10
4 7
4 12
4 11
4 6
5 8
5 9
5 7
6 9
6 8
7 10
8 11

# Embedding 665 (with cost 8.26587e-15)
(-0.80002, 0.0787337, 0.416292) (-0.580644, -0.240404, 0.155322) (-0.822513, 0.509238, 0.353057) (-0.579314, 0.198968, 0.739869) (-0.220822, -0.286711, 0.419633) (-0.468242, 0.0230302, -0.238246) (-0.713217, 0.470357, -0.00977943) (-0.443745, 0.68374, 0.511995) (-0.0650186, 0.128687, 0.670735) (0.159372, 0.356533, 0.465228) (-0.117598, -0.019383, -0.119864) (-0.402479, 0.472227, -0.205678) (-0.0647604, 0.598352, -0.0188983) (0.0841218, 0.283745, -0.00354609) 


# Original Graph 666 in [650, 674)
14 vertices
0 1
0 2
0 3
1 4
1 5
2 5
2 6
2 7
2 3
3 7
3 8
3 4
4 8
4 9
4 5
5 9
5 6
6 10
7 11
8 12
9 13
10 13
10 12
10 11
11 12
12 13

# Unit Distance Graph 666
14 vertices
0 10
0 12
0 13
1 10
1 11
1 12
2 4
2 9
2 13
2 12
2 8
3 5
3 6
3 10
3 13
3 9
4 7
4 11
4 10
4 6
5 8
5 12
5 11
5 7
6 8
7 9

# Embedding 666 (with cost 8.92012e-15)
(-0.077824, -0.154608, 0.350659) (0.239887, -0.109333, 0.504744) (-0.334631, 0.17158, 0.556799) (-0.100796, -0.110603, -0.116859) (0.580809, -0.0256703, 0.205997) (0.270326, 0.182586, 0.764225) (-0.092584, 0.620241, 0.565635) (-0.313355, 0.355338, -0.0291682) (0.275485, 0.147737, -0.235154) (0.611578, 0.416986, 0.34593) (0.0551243, 0.824987, 0.199935) (-0.105128, 0.663263, -0.0282295) (0.217908, 0.689812, -0.0959924) (0.428506, 0.688322, 0.168726) 


# Original Graph 667 in [650, 674)
14 vertices
0 1
0 2
0 3
0 4
1 4
1 5
1 6
1 2
2 6
2 7
2 8
2 3
3 8
3 9
3 10
4 10
4 5
5 11
6 7
7 11
7 12
8 12
9 13
9 10
11 13
12 13

# Unit Distance Graph 667
14 vertices
0 7
0 12
0 13
0 11
1 3
1 9
1 13
1 12
1 8
2 4
2 5
2 11
2 13
2 9
2 10
3 6
3 7
3 11
3 5
4 8
4 12
4 7
5 8
6 10
6 9
7 10

# Embedding 667 (with cost 9.04843e-15)
(0.0885247, -0.151172, -0.0189433) (0.291649, -0.477381, 0.351151) (0.253048, 0.171005, 0.687152) (0.346498, 0.434944, -0.0546267) (0.327812, -0.303166, -0.190101) (0.803212, -0.438158, 0.115977) (0.4558, -0.248119, 0.667508) (0.833239, -0.0875879, 0.645405) (0.54182, 0.490406, 0.379499) (0.811558, 0.220929, -0.140842) (0.488122, 0.0709734, -0.279665) (1.05555, -0.210807, 0.228662) (0.88541, 0.32726, 0.349943) (1.04582, 0.120575, 0.0797256) 


# Original Graph 668 in [650, 674)
14 vertices
0 1
0 2
0 3
0 4
1 4
1 5
1 6
2 6
2 7
2 8
2 9
3 9
3 10
3 11
3 12
4 12
4 5
5 10
5 8
6 7
7 8
8 13
9 13
10 13
10 11
11 12

# Unit Distance Graph 668
14 vertices
0 5
0 8
0 13
0 10
1 3
1 10
1 13
1 9
2 4
2 5
2 10
2 11
2 12
3 6
3 7
3 8
3 5
4 9
4 13
4 8
5 9
6 11
6 10
7 12
7 11
8 12

# Embedding 668 (with cost 9.60315e-15)
(0.54407, -0.251394, 0.369022) (0.526792, -0.87209, 0.380485) (0.320846, -0.362656, -0.192573) (0.0199343, -0.0260437, 0.545717) (0.344595, -0.732746, 0.736119) (-0.0999078, -1.01316, 0.43973) (0.452085, -0.752285, 0.0110964) (0.199204, -0.680845, -0.188515) (-0.174065, -0.74776, -0.118729) (-0.0110634, -0.0954963, 0.0524383) (-0.41013, -0.533697, 0.468047) (-0.173438, -0.344983, 0.676548) (0.143557, -0.464769, 0.786274) (-0.357777, -0.542873, 0.0501006) 


# Original Graph 669 in [650, 674)
14 vertices
0 1
0 2
0 3
0 4
1 4
1 5
1 6
1 2
2 6
2 7
2 8
3 8
3 9
3 10
3 4
4 10
4 5
5 11
5 12
6 7
7 12
8 13
9 11
9 10
11 13
12 13

# Unit Distance Graph 669
14 vertices
0 5
0 12
0 13
0 11
1 3
1 9
1 11
1 13
1 8
2 4
2 5
2 11
2 9
2 10
3 6
3 7
3 12
3 5
4 8
4 13
4 12
4 7
5 8
6 10
6 9
7 10

# Embedding 669 (with cost 9.70081e-15)
(-0.395795, 0.144089, -0.209052) (-0.409804, -0.3633, 0.0737872) (-0.268067, -0.281028, -0.611032) (0.126799, 0.428505, -0.217936) (-0.137, 0.178609, 0.267351) (0.281394, -0.464834, 0.204019) (-0.273106, -0.480533, -0.335094) (-0.00179801, -0.544387, -0.410142) (0.14913, -0.0036146, -0.673353) (0.416879, 0.185304, -0.0512258) (0.176181, 0.327078, 0.0468819) (0.553772, -0.13235, -0.0610546) (0.3214, -0.552163, -0.238458) (0.492921, -0.292009, -0.350483) 


# Original Graph 670 in [650, 674)
14 vertices
0 1
0 2
0 3
0 4
1 4
1 5
1 6
1 7
2 7
2 8
2 9
3 9
3 10
4 10
4 11
4 5
5 12
5 6
6 13
6 8
7 8
9 13
10 12
10 11
11 12
12 13

# Unit Distance Graph 670
14 vertices
0 5
0 6
0 13
0 12
1 3
1 10
1 12
1 13
1 9
2 4
2 5
2 12
2 11
3 6
3 5
4 9
4 13
4 6
4 8
5 9
6 10
7 10
7 11
7 12
8 11
8 10

# Embedding 670 (with cost 9.58969e-15)
(0.123652, 0.177032, 0.176191) (-0.313152, -0.18964, -0.193347) (0.111573, 0.455292, -0.285832) (-0.0851481, 0.626056, 0.338306) (-0.444982, -0.0589187, 0.366728) (-0.827451, 0.148109, -0.131325) (-0.566596, 0.406175, -0.51014) (-0.115083, 0.114391, -0.39869) (-0.206087, 0.360647, -0.508997) (-0.042354, 0.760806, -0.0406323) (-0.36595, 0.569123, 0.455877) (-0.618318, 0.449805, 0.39771) (-0.768102, 0.629138, 0.15683) (-0.603764, 0.76701, -0.174225) 


# Original Graph 671 in [650, 674)
14 vertices
0 1
0 2
0 3
0 4
1 4
1 5
1 6
2 6
2 7
2 8
3 8
3 9
3 10
4 10
4 11
4 5
5 9
5 12
6 12
6 7
7 12
8 13
9 13
9 11
10 11
12 13

# Unit Distance Graph 671
14 vertices
0 5
0 12
0 13
0 9
1 3
1 9
1 13
1 8
2 4
2 5
2 9
2 11
3 6
3 12
3 5
4 8
4 13
4 12
4 7
5 8
6 10
6 11
6 9
7 11
7 10
10 12

# Embedding 671 (with cost 9.29297e-15)
(0.124603, 0.0113292, 0.929952) (0.133501, 0.373585, 0.737531) (-0.530856, -0.0720174, 0.61274) (-0.129443, -0.57071, 0.539624) (0.463246, -0.0487715, 0.718664) (0.170981, 0.174629, -0.0555341) (-0.287523, 0.416133, 0.505693) (-0.462892, 0.203682, 0.438425) (-0.44131, -0.404141, 0.483099) (0.213068, -0.266583, -0.0265727) (0.361929, -0.33859, 0.598456) (0.402167, -0.284351, 0.322254) (-0.162137, 0.2765, 0.0093733) (-0.238989, -0.225904, 0.029107) 


# Original Graph 672 in [650, 674)
14 vertices
0 1
0 2
0 3
0 4
1 5
1 6
1 7
1 2
2 7
2 8
2 9
3 9
3 10
4 10
4 11
4 5
5 12
5 6
6 9
6 8
7 8
9 12
10 13
10 11
11 13
12 13

# Unit Distance Graph 672
14 vertices
0 5
0 6
0 9
0 12
1 3
1 10
1 13
1 12
1 9
2 4
2 5
2 12
2 13
2 11
3 6
3 5
4 9
4 6
4 8
5 9
6 10
7 10
7 11
7 13
8 11
8 10

# Embedding 672 (with cost 8.2427e-15)
(-0.384142, -0.133413, 0.478088) (0.143053, -0.546938, 0.124069) (-0.0893885, -0.255555, 0.614604) (-0.354144, 0.311473, 0.250264) (-0.150618, -0.0914769, -0.369941) (0.132473, -0.314955, -0.358663) (0.591395, -0.0108647, 0.295579) (0.191619, -0.381903, 0.457953) (0.403078, -0.188283, 0.457131) (0.438928, 0.39649, 0.273738) (-0.280165, 0.343506, -0.0432475) (-0.159087, 0.21032, -0.267497) (0.280388, 0.434854, -0.00716857) (0.0142077, 0.413991, -0.120906) 


# Original Graph 673 in [650, 674)
14 vertices
0 1
0 2
0 3
0 4
1 5
1 6
1 7
2 7
2 8
2 9
2 10
3 10
3 9
3 11
4 11
4 5
5 12
6 12
6 13
7 13
7 8
8 11
8 9
9 10
11 13
12 13

# Unit Distance Graph 673
14 vertices
0 7
0 8
0 11
0 13
1 3
1 11
1 8
1 9
2 4
2 5
2 12
2 13
2 11
3 7
3 13
3 6
4 8
4 7
5 9
5 8
6 9
6 10
7 11
9 12
10 13
10 12

# Embedding 673 (with cost 9.12748e-15)
(-0.0679292, -0.309699, 0.568097) (0.240312, -0.344872, -0.13892) (0.335642, 0.430592, 0.178398) (-0.201651, 0.0212626, 0.679991) (-0.226589, -0.38902, 0.288544) (-0.183871, -0.406889, 0.00889028) (-0.0251903, -0.283245, -0.256031) (0.398968, 0.305217, -0.0674224) (-0.0504205, 0.579002, 0.109943) (0.0492814, 0.498984, 0.362493) (0.0104674, 0.296929, 0.557681) (-0.595036, 0.204026, -0.108841) (-0.29985, -0.216991, -0.242063) (-0.455659, 0.0341929, -0.287125) 
