# Original Graph 225 in [225, 250)
14 vertices
0 1
0 2
0 3
0 4
1 4
1 5
1 6
2 7
2 8
3 9
3 10
4 10
4 11
4 5
5 11
5 12
5 6
6 12
6 7
7 12
8 13
8 9
9 11
10 11
11 13
12 13

# Unit Distance Graph
14 vertices
0 5
0 12
0 13
0 11
1 8
1 9
1 11
1 13
2 4
2 5
2 11
3 5
3 6
3 12
4 8
4 13
4 12
4 7
5 9
5 8
6 10
6 11
6 9
7 11
7 10
10 12

# Embedding (with cost 9.90106e-15)
(-0.124547, 0.359809, -0.155345) (-0.576484, -0.110514, -0.352047) (0.171789, -0.0878389, 0.0207783) (-0.227533, 0.434978, 0.167736) (-0.795383, 0.127636, -0.113941) (-0.785301, -0.376195, -0.00802834) (-0.339216, -0.493044, -0.187655) (0.0493906, -0.395638, -0.00195261) (0.0292378, -0.00332636, 0.436376) (-0.153867, 0.214951, 0.493806) (-0.530223, 0.366631, 0.286133) (-0.607498, -0.00287789, 0.641659) (-0.158869, -0.560425, 0.234516) (-0.214837, -0.342275, 0.551002) 
# Original Graph 226 in [225, 250)
14 vertices
0 1
0 2
0 3
0 4
0 5
0 6
0 7
1 7
1 8
1 9
1 2
2 9
2 3
3 9
3 10
4 10
4 5
5 11
6 11
6 12
7 12
7 8
8 9
10 13
11 13
12 13

# Unit Distance Graph
14 vertices
0 3
0 10
0 13
0 12
0 7
0 8
0 9
1 4
1 5
1 11
1 13
1 10
2 6
2 12
2 13
2 11
3 7
3 12
3 6
4 8
4 7
5 9
5 8
6 9
7 10
9 11

# Embedding (with cost 9.78115e-15)
(0.547768, 0.566216, 0.635056) (0.258495, 0.262434, -0.111213) (-0.00673927, 0.338023, 0.102009) (-0.216548, -0.0497602, 0.444281) (0.214545, 0.0219829, 0.858453) (0.507601, 0.127361, 0.847798) (0.778194, -0.12908, 0.509065) (0.663415, -0.189278, -0.00981227) (0.373685, -0.0593481, -0.125447) (-0.0862534, 0.0656643, 0.0455942) (-0.0390426, -0.240897, 0.700039) (0.604708, -0.126764, 0.742404) (0.719403, -0.335765, 0.238858) (0.406874, -0.423237, 0.601415) 
# Original Graph 227 in [225, 250)
14 vertices
0 1
0 2
0 3
0 4
1 5
1 6
1 2
2 6
2 7
2 8
2 9
2 10
2 3
3 10
4 8
4 7
5 11
5 6
6 11
6 12
6 13
7 13
8 9
9 10
11 12
12 13

# Unit Distance Graph
14 vertices
0 2
0 7
0 13
0 6
1 2
1 8
1 4
1 7
2 5
2 11
2 12
2 13
2 7
2 4
3 6
3 13
3 12
4 6
5 9
5 8
6 8
6 9
6 10
9 11
10 12
10 11

# Embedding (with cost 7.08408e-15)
(0.249275, 0.758176, -0.567014) (0.143749, 0.503677, -0.631712) (0.659504, 0.239949, 0.183422) (0.569112, 0.642884, -0.184839) (-0.12958, 0.848626, 0.266231) (-0.0325169, 0.303313, -0.535669) (-0.139239, -0.0619605, -0.146975) (-0.268374, 0.601629, 0.274135) (0.135357, 0.772065, 0.331562) (0.3926, 0.659523, 0.296431) (0.594962, 0.560056, 0.125134) (-0.192802, 0.146268, -0.331163) (-0.305158, 0.171007, -0.0708872) (-0.332478, 0.359284, 0.141822) 
# Original Graph 228 in [225, 250)
14 vertices
0 1
0 2
0 3
0 4
0 5
0 6
1 6
1 7
1 2
2 8
2 9
2 10
2 3
3 10
4 9
4 8
5 8
5 11
6 12
6 7
7 12
7 13
7 11
9 10
11 13
12 13

# Unit Distance Graph
14 vertices
0 1
0 2
0 8
0 5
0 11
0 7
1 5
1 8
1 4
2 6
2 12
2 13
2 11
2 5
3 7
3 11
3 13
4 7
4 6
6 9
6 8
7 9
7 10
9 12
10 13
10 12

# WARNING: failed to find good embedding
# Embedding (with cost 0.000948633)
(0.542584, 0.34383, 0.0384651) (-0.150846, -0.0270916, 0.655652) (0.129952, -0.502778, 0.373475) (0.471164, -0.18265, 0.150732) (0.0589525, -0.28572, -0.288763) (-0.338266, 0.0445769, -0.325128) (0.0872995, 0.494435, 0.327724) (-0.378221, 0.272597, 0.424402) (-0.210703, -0.207862, -0.323752) (0.137518, -0.429883, -0.0584486) (0.302798, -0.409092, 0.170135) (-0.433482, 0.17331, -0.091972) (-0.190149, 0.445397, 0.302874) (-0.389116, 0.319976, 0.145769) 
# Original Graph 229 in [225, 250)
14 vertices
0 1
0 2
0 3
0 4
0 5
0 6
1 6
1 7
1 2
2 8
2 9
3 10
3 8
3 11
4 11
4 7
5 7
5 12
6 13
7 13
7 12
8 11
8 10
8 9
9 10
12 13

# Unit Distance Graph
14 vertices
0 1
0 2
0 8
0 11
0 4
0 7
1 4
1 11
1 3
2 5
2 7
2 4
3 7
3 13
3 6
5 9
5 8
6 11
6 8
7 10
7 9
8 13
8 12
9 12
10 12
10 13

# Embedding (with cost 8.17026e-15)
(0.413166, -0.81871, -0.08975) (-0.30513, -0.559659, 0.555961) (-0.0947406, -0.619475, 0.748305) (0.671114, -0.59788, 0.342686) (0.364834, 0.118855, 0.254685) (0.163516, -0.425429, -0.198083) (-0.318837, -0.496707, 0.243892) (0.00294798, 0.0834489, 0.0437799) (0.523611, -0.236016, 0.715402) (0.1789, -0.554576, 0.793423) (0.555049, -0.505468, 0.634002) (0.517176, 0.00295524, 0.47065) (-0.0286507, -0.197725, -0.11739) (-0.233722, -0.276333, 0.0636185) 
# Original Graph 230 in [225, 250)
14 vertices
0 1
0 2
0 3
0 4
0 5
0 6
0 7
1 7
1 2
2 8
2 3
3 9
3 10
3 4
4 10
5 10
5 9
5 11
6 11
6 12
7 13
7 8
8 13
8 12
9 11
12 13

# Unit Distance Graph
14 vertices
0 2
0 3
0 9
0 11
0 6
0 12
0 8
1 5
1 11
1 9
2 6
2 11
2 5
3 7
3 13
3 12
3 6
4 8
4 12
4 13
5 8
5 7
7 10
7 9
8 10
10 13

# Embedding (with cost 7.86744e-15)
(-0.0903891, -0.0936211, 0.331086) (0.036432, -0.0234532, -0.21898) (0.335251, -0.4689, -0.492319) (0.499785, -0.80654, -0.0476503) (0.179856, -0.513183, 0.333853) (0.754047, -0.331997, 0.405383) (0.868186, 0.106339, 0.12823) (0.252879, 0.119601, -0.332784) (0.456346, -0.0437988, -0.504736) (0.783249, -0.555952, 0.179404) (0.45178, -0.614646, 0.316308) (0.905987, -0.141232, 0.260605) (0.761339, 0.155122, -0.130093) (0.543357, 0.156388, -0.313866) 
# Original Graph 231 in [225, 250)
14 vertices
0 1
0 2
0 3
0 4
1 5
1 6
1 7
2 7
2 6
2 8
2 9
2 10
2 3
3 10
4 11
4 8
5 12
5 6
6 12
6 13
6 7
8 13
8 11
9 11
9 10
12 13

# Unit Distance Graph
14 vertices
0 2
0 8
0 13
0 6
1 2
1 9
1 11
1 8
2 5
2 12
2 13
2 8
2 4
3 6
3 13
3 12
4 6
4 7
5 10
5 9
6 11
6 9
6 10
7 8
7 11
10 12

# Embedding (with cost 9.96633e-15)
(-0.808683, 0.315276, 0.00579539) (-0.560422, -0.117738, 0.0312492) (0.101298, 0.567902, 0.334605) (-0.46682, 0.606282, 0.115631) (-0.864341, 0.414026, 0.544044) (-0.426567, -0.281197, 0.314856) (-0.1424, -0.273252, 0.463728) (0.0106332, 0.0988599, 0.176497) (-0.581132, 0.214247, 0.974307) (-0.445717, 0.66186, 0.646936) (-0.302048, 0.709478, 0.37016) (-0.651883, 0.520715, 0.795456) (-0.390854, -0.255415, 0.617336) (-0.477843, -0.0368081, 0.881342) 
# Original Graph 232 in [225, 250)
14 vertices
0 1
0 2
0 3
0 4
0 5
0 6
0 7
0 8
1 8
1 7
1 9
1 2
2 9
2 3
3 10
4 11
4 5
5 12
6 12
6 7
7 9
7 8
10 13
10 11
11 13
12 13

# Unit Distance Graph
14 vertices
0 2
0 3
0 10
0 13
0 12
0 6
0 7
0 9
1 4
1 5
1 12
1 13
1 11
2 6
2 12
2 5
3 7
3 6
4 9
4 7
5 9
7 11
7 10
8 10
8 11
8 13

# Embedding (with cost 9.58499e-15)
(0.261819, 0.631216, 0.137532) (0.328324, -0.234264, 0.399994) (-0.0441419, -0.320196, 0.172223) (-0.167999, -0.246807, -0.0730222) (0.0449764, 0.394051, -0.32453) (0.269989, 0.539262, -0.23108) (0.781655, -0.0788113, -0.337476) (0.828835, -0.168203, -0.0610212) (0.559384, 0.037647, 0.345904) (0.485365, -0.342095, 0.189422) (-0.125265, -0.14531, -0.359633) (-0.0372074, 0.146941, -0.449164) (0.590281, -0.0247279, -0.542064) (0.183871, -0.0659761, -0.575102) 
# Original Graph 233 in [225, 250)
14 vertices
0 1
0 2
0 3
0 4
0 5
0 6
0 7
1 7
1 8
1 5
1 2
2 9
3 10
3 11
4 12
4 5
5 8
5 6
6 8
7 8
9 13
9 10
10 13
11 13
11 12
12 13

# Unit Distance Graph
14 vertices
0 1
0 2
0 9
0 13
0 12
0 4
0 5
1 4
1 12
1 11
1 3
2 5
2 4
3 5
3 8
5 10
5 9
6 9
6 10
6 13
7 11
7 12
7 13
8 11
8 13
8 10

# Embedding (with cost 8.37205e-15)
(0.283433, -0.685152, -0.0645063) (-0.271149, 0.146955, -0.058477) (0.013054, 0.276773, -0.104453) (0.546542, -0.42573, -6.0041e-05) (0.17987, -0.159408, 0.779809) (-0.0902796, -0.236687, 0.747416) (-0.199671, -0.463898, 0.39849) (-0.310377, -0.186683, -0.0178781) (-0.383817, -0.161466, 0.254099) (0.292214, 0.312436, 0.00434018) (0.566708, 0.0857052, 0.0659247) (0.60618, -0.0760893, 0.366429) (0.395961, -0.0145836, 0.668757) (0.546886, 0.197359, 0.325066) 
# Original Graph 234 in [225, 250)
14 vertices
0 1
0 2
0 3
0 4
0 5
0 6
1 6
1 7
1 8
2 9
2 3
3 10
4 10
4 7
4 6
4 11
4 5
5 11
6 11
6 7
8 12
8 13
9 13
9 12
10 12
12 13

# Unit Distance Graph
14 vertices
0 1
0 8
0 12
0 10
0 4
0 7
1 4
1 10
1 3
2 4
2 6
2 7
3 7
3 6
4 9
4 13
4 8
5 8
5 13
5 12
6 10
6 12
6 9
9 11
11 12
11 13

# Embedding (with cost 9.33545e-15)
(0.0813733, -0.646745, -0.42659) (0.445073, -0.861413, 0.479854) (-0.219583, -0.542477, -0.0966497) (-0.160373, -0.268534, -0.0511182) (0.555248, 0.0577602, 0.101723) (0.425346, -0.409371, -0.348262) (0.745868, -0.643894, 0.14339) (0.637216, -0.663812, 0.404522) (0.192237, -0.75264, 0.561588) (-0.245943, -0.531754, 0.204518) (0.0253132, 0.0297506, 0.307719) (0.693738, -0.366321, -0.0948697) (-0.120055, -0.272758, 0.478705) (-0.0783884, -0.610265, 0.491912) 
# Original Graph 235 in [225, 250)
14 vertices
0 1
0 2
0 3
0 4
0 5
1 6
1 7
1 2
2 8
3 8
3 7
3 9
3 10
3 4
4 10
5 11
5 12
6 13
6 7
7 13
7 8
9 12
9 11
10 11
11 12
12 13

# Unit Distance Graph
14 vertices
0 3
0 9
0 12
0 13
0 7
1 3
1 10
1 11
1 9
2 9
2 11
2 12
3 6
3 13
3 12
3 5
4 6
4 7
4 13
5 7
5 8
6 10
7 11
7 10
8 12
8 11

# Embedding (with cost 9.01153e-15)
(0.360864, -0.0776469, -0.381993) (0.314003, 0.426225, -0.561293) (0.241186, 0.15916, -0.624356) (-0.621838, 0.103821, -0.418963) (-0.259295, -0.150769, -0.283933) (0.20264, 0.125387, 0.14652) (0.106372, 0.779725, -0.305545) (-0.0883132, 0.803763, -0.52813) (-0.256299, 0.336803, -0.716428) (-0.413024, 0.31361, 0.116018) (-0.451335, -0.0250666, -0.102388) (-0.193668, 0.216421, 0.274322) (-0.0439099, 0.608773, 0.222147) (-0.0038754, 0.777525, -0.013691) 
# Original Graph 236 in [225, 250)
14 vertices
0 1
0 2
0 3
0 4
0 5
1 6
1 7
2 8
2 3
3 9
3 4
4 9
4 10
4 6
4 11
4 5
5 11
6 11
6 10
7 10
7 12
8 13
8 9
9 13
9 12
12 13

# Unit Distance Graph
14 vertices
0 4
0 10
0 7
0 12
0 9
1 3
1 4
1 9
2 4
2 6
2 10
3 7
3 10
3 6
4 8
4 13
4 12
4 7
5 9
5 12
5 13
6 9
6 8
8 11
9 11
11 13

# Embedding (with cost 9.84346e-15)
(0.0314992, 0.395076, 0.230577) (-0.443361, 0.523074, 0.603772) (0.172036, 0.0946037, 0.419581) (-0.0477592, -0.31709, 0.232794) (-0.682708, -0.285181, 0.0657788) (-0.51654, 0.205328, 0.0584522) (-0.807422, 0.292048, 0.460527) (-0.563308, 0.103107, 0.979549) (0.0994674, -0.0818929, 0.65474) (-0.181025, -0.43016, 0.753855) (-0.76181, 0.124566, 0.775999) (-0.755869, 0.178303, 0.206747) (-0.370961, -0.103405, 0.998394) (-0.124172, -0.188633, 0.889621) 
# Original Graph 237 in [225, 250)
14 vertices
0 1
0 2
0 3
0 4
0 5
0 6
1 6
1 7
1 8
2 8
2 9
2 10
2 3
3 10
4 11
4 5
5 9
5 12
6 13
6 7
7 13
7 12
7 8
9 11
10 11
12 13

# Unit Distance Graph
14 vertices
0 2
0 9
0 5
0 12
0 7
0 8
1 4
1 5
1 9
1 11
2 6
2 13
2 12
2 5
3 7
3 12
3 13
4 8
4 7
5 8
6 10
6 11
6 9
7 11
7 10
10 13

# Embedding (with cost 8.22712e-15)
(-0.532041, -0.203517, -0.323139) (0.0409873, 0.118657, 0.184182) (0.231574, 0.434447, -0.422609) (-0.186719, 0.182585, -0.576895) (-0.118401, -0.372569, -0.672143) (0.394177, -0.551155, -0.468971) (-0.163978, -0.270501, 0.166107) (0.314589, -0.180431, 0.20854) (0.257032, 0.380009, -0.131148) (0.408159, -0.284777, -0.653927) (0.0763087, 0.183426, -0.691921) (0.14471, -0.140346, -0.776109) (0.406099, -0.52122, -0.185456) (0.25687, -0.432752, 0.0747095) 
# Original Graph 238 in [225, 250)
14 vertices
0 1
0 2
0 3
0 4
0 5
1 6
1 7
1 8
2 9
2 3
3 7
3 10
4 10
4 11
5 11
5 12
5 10
5 6
6 10
7 13
7 8
8 13
8 9
9 13
10 12
11 12

# Unit Distance Graph
14 vertices
0 1
0 7
0 3
0 10
0 6
1 4
1 10
1 3
2 5
2 6
2 10
3 6
3 5
4 8
4 7
5 7
5 13
5 9
7 11
8 11
8 12
8 10
9 10
9 12
11 13
12 13

# Embedding (with cost 8.10555e-15)
(-0.071898, 0.170041, -0.729348) (0.108805, -0.0347998, 0.232623) (0.205203, 0.222622, -0.646122) (0.511641, -0.604108, -0.484043) (-0.181965, -0.176031, -0.71369) (-0.397915, -0.385867, -0.130379) (-0.118279, -0.219293, 0.19058) (0.582619, -0.199168, -0.0695817) (0.365365, 0.059772, 0.0893217) (0.345677, 0.225912, -0.400189) (0.177662, -0.758394, -0.45416) (-0.311103, -0.452395, -0.439901) (-0.120044, -0.658981, -0.408446) (0.467059, 0.114431, -0.169397) 
# Original Graph 239 in [225, 250)
14 vertices
0 1
0 2
0 3
0 4
0 5
1 5
1 6
1 7
2 7
2 8
3 8
3 9
3 10
4 10
4 6
4 11
5 12
5 13
6 13
6 11
7 10
7 9
7 8
8 9
11 12
12 13

# Unit Distance Graph
14 vertices
0 1
0 7
0 10
0 4
0 6
1 4
1 10
1 3
2 4
2 11
2 6
3 6
3 13
3 5
4 7
5 10
5 7
5 9
6 8
7 12
7 11
8 11
8 12
8 13
9 13
9 12

# Embedding (with cost 9.69578e-15)
(0.777905, -0.262653, 0.534344) (-0.0648585, -0.058264, 1.03231) (0.521199, 0.193298, 0.575963) (0.0799302, 0.107071, 0.0567627) (-0.109541, -0.420633, 0.101351) (0.640604, -0.493772, 0.626528) (-0.151329, -0.508835, 0.809875) (-0.0396663, 0.190184, 0.890033) (0.288637, 0.327896, 0.483824) (0.0867918, 0.267655, 0.2896) (-0.0779128, -0.128193, 0.0348477) (-0.00303688, -0.608712, 0.289681) (0.330418, -0.669734, 0.538496) (0.129951, -0.627298, 0.733667) 
# Original Graph 240 in [225, 250)
14 vertices
0 1
0 2
0 3
0 4
0 5
0 6
0 7
1 8
1 9
1 2
2 10
2 3
3 11
4 11
4 12
5 12
5 13
6 13
6 9
6 7
7 8
8 9
9 13
10 12
10 11
11 12

# Unit Distance Graph
14 vertices
0 1
0 2
0 10
0 12
0 5
0 13
0 9
1 5
1 12
1 4
2 6
2 13
2 5
3 6
3 9
3 13
4 9
4 8
6 11
6 10
7 10
7 11
7 12
8 12
8 11
9 11

# Embedding (with cost 5.96735e-15)
(0.324037, -0.504189, 0.536935) (0.123056, 0.113179, -0.223633) (0.36744, -0.00175354, -0.32659) (0.714372, -0.296117, -0.0320412) (0.917013, -0.109384, 0.342139) (0.739361, 0.405018, 0.507803) (0.169798, 0.221443, 0.627937) (0.0284427, -0.129574, 0.49072) (-0.0467521, 0.125617, 0.215917) (0.0736346, 0.41935, 0.246461) (0.761313, 0.0613649, -0.162307) (0.915114, -0.0762927, 0.0313987) (0.936311, 0.261307, 0.339105) (0.467652, 0.485436, 0.540937) 
# Original Graph 241 in [225, 250)
14 vertices
0 1
0 2
0 3
0 4
0 5
0 6
0 7
1 8
1 9
2 10
2 3
3 11
3 4
4 11
4 5
5 12
5 13
5 6
6 13
7 13
7 8
8 12
9 11
9 10
10 11
12 13

# Unit Distance Graph
14 vertices
0 1
0 9
0 11
0 4
0 5
0 12
0 8
1 5
1 4
2 5
2 13
2 12
3 7
3 8
3 12
3 13
4 8
4 7
5 10
5 9
6 9
6 10
6 11
7 11
10 13
11 13

# Embedding (with cost 9.2282e-15)
(-0.535603, -0.149242, 0.0474341) (0.152591, -0.433416, 0.714992) (-0.232399, -0.70488, 0.142072) (-0.0058274, -0.700318, -0.0982323) (0.396343, -0.354295, -0.251613) (0.436149, -0.0213606, -0.150921) (-0.068321, 0.18061, 0.0806519) (-0.0146136, 0.0457486, 0.567582) (0.212584, -0.154788, 0.710899) (0.150729, -0.674594, 0.550379) (-0.00422188, -0.789829, 0.313332) (0.251234, -0.766403, 0.0482208) (0.348145, 0.0374861, 0.476528) (0.16974, 0.194922, 0.311308) 
# Original Graph 242 in [225, 250)
14 vertices
0 1
0 2
0 3
0 4
0 5
1 5
1 6
1 7
2 7
2 8
2 9
3 9
3 10
4 10
4 6
4 11
5 12
5 6
6 13
7 10
7 9
7 8
8 9
11 13
11 12
12 13

# Unit Distance Graph
14 vertices
0 1
0 7
0 10
0 4
0 6
1 4
1 10
1 3
2 4
2 11
2 13
2 6
3 6
3 5
4 7
5 10
5 7
5 9
6 9
7 12
7 11
8 11
8 12
8 13
9 13
9 12

# Embedding (with cost 9.77605e-15)
(0.759088, -0.848761, -0.147377) (0.152853, -0.325457, 0.451482) (0.452639, -1.00487, -0.0300501) (-0.0296635, -0.777625, -0.421577) (0.0782594, -0.231251, -0.541272) (0.778046, -0.344155, -0.0219402) (0.266998, -0.0483796, 0.195021) (-0.0952208, -0.669713, 0.340576) (0.0333231, -0.932748, 0.0950391) (-0.0164653, -0.929555, -0.183369) (-0.0871686, -0.458546, -0.510119) (0.268856, -0.0893433, -0.387861) (0.610154, -0.151285, -0.142827) (0.368833, -0.0107148, -0.0980588) 
# Original Graph 243 in [225, 250)
14 vertices
0 1
0 2
0 3
0 4
0 5
0 6
1 7
1 8
2 9
2 3
3 10
3 4
4 7
4 6
4 11
4 5
5 11
5 6
6 11
6 7
8 10
8 12
9 12
9 13
10 13
12 13

# Unit Distance Graph
14 vertices
0 1
0 8
0 10
0 3
0 4
0 7
1 4
1 3
2 4
2 6
2 7
3 7
3 6
4 9
4 12
4 8
5 8
5 12
5 13
5 10
6 10
6 13
6 9
9 11
11 13
11 12

# Embedding (with cost 9.33945e-15)
(0.529759, 0.298766, -0.0412615) (0.093286, -0.551616, -0.335099) (0.442126, 0.146744, 0.182169) (-0.399282, 0.0836361, 0.259738) (-0.44749, 0.285529, -0.252943) (0.0645601, 0.341546, -0.470603) (-0.0409223, -0.124535, -0.65034) (-0.0110711, -0.381672, -0.535737) (0.0337559, -0.56937, -0.0591616) (0.311337, -0.0822007, 0.284604) (-0.279052, -0.165222, 0.320041) (-0.189183, 0.228336, -0.523509) (0.115285, -0.424775, 0.169849) (-0.00498839, -0.236015, 0.342777) 
# Original Graph 244 in [225, 250)
14 vertices
0 1
0 2
0 3
0 4
0 5
1 6
1 7
1 8
2 9
2 3
3 7
3 10
4 10
4 11
4 12
5 12
5 10
5 6
6 10
7 9
7 13
8 13
8 9
9 13
10 11
11 12

# Unit Distance Graph
14 vertices
0 1
0 7
0 3
0 10
0 6
1 4
1 10
1 3
2 5
2 6
2 10
3 6
3 5
4 8
4 13
4 7
5 7
5 9
7 12
8 11
8 10
9 10
9 11
9 12
11 13
12 13

# Embedding (with cost 9.99758e-15)
(0.248003, 0.142804, -0.660046) (0.380599, 0.19101, 0.329951) (-0.0633819, 0.0554526, -0.407391) (0.141574, -0.679276, -0.10071) (0.64704, -0.202652, -0.549844) (0.861542, 0.011103, -0.0298339) (0.712854, 0.0750549, 0.222747) (-0.0485575, -0.361885, 0.15072) (0.121673, 0.132479, 0.232254) (-0.132921, 0.0271959, -0.133684) (0.602479, -0.649764, -0.163878) (0.743459, -0.412496, -0.330226) (0.842158, -0.158147, -0.255627) (-0.0779364, -0.0703339, 0.126101) 
# Original Graph 245 in [225, 250)
14 vertices
0 1
0 2
0 3
0 4
0 5
1 5
1 3
1 6
2 7
2 8
3 8
3 5
3 9
3 4
4 9
4 10
5 10
6 11
6 12
7 12
7 13
7 11
8 11
9 10
11 13
12 13

# Unit Distance Graph
14 vertices
0 1
0 6
0 11
0 8
0 3
1 3
1 8
1 2
2 3
2 5
3 7
3 12
3 6
4 6
4 12
4 13
4 11
5 8
5 11
5 7
7 9
7 10
9 13
9 12
10 11
10 13

# Embedding (with cost 9.6441e-15)
(0.694107, -0.181251, -0.23101) (-0.1255, 0.266492, 0.126439) (0.683332, -0.320845, 0.155191) (-0.176888, -0.672257, -0.214309) (0.283077, -0.277131, -0.487045) (-0.0845854, 0.17169, -0.254337) (-0.0459684, 0.133467, 0.363331) (0.508835, -0.28991, 0.40504) (-0.0357072, -0.728064, 0.179315) (0.011788, -0.353574, -0.460345) (0.0116711, -0.0572438, -0.43084) (0.0499626, -0.520872, 0.454363) (0.160376, -0.0302155, 0.474193) (0.240274, -0.300642, 0.511762) 
# Original Graph 246 in [225, 250)
14 vertices
0 1
0 2
0 3
0 4
1 5
1 6
1 2
2 6
2 7
3 7
3 8
4 9
4 10
5 11
5 6
6 11
6 10
6 7
7 12
7 13
7 8
8 13
9 13
9 12
10 12
10 11

# Unit Distance Graph
14 vertices
0 6
0 7
0 12
0 10
1 7
1 13
1 9
1 12
2 4
2 10
2 12
2 9
3 6
3 10
3 11
4 7
4 6
5 7
5 8
5 13
6 9
6 13
6 8
7 11
7 10
8 11

# Embedding (with cost 9.00305e-15)
(0.191272, -0.374423, -0.20561) (-0.22675, -0.497793, -0.349955) (-0.0469145, -0.325876, -0.896815) (0.331692, -0.108595, -0.605886) (0.112008, 0.219792, -0.0740215) (-0.546034, -0.247921, -0.391856) (-0.667716, -0.0793782, -0.624046) (0.0911901, 0.120355, -1.06885) (0.296702, 0.151634, -0.752621) (0.111696, 0.440109, -0.273831) (-0.515577, 0.326459, -0.301153) (-0.624376, 0.0684372, -0.372234) (-0.260169, 0.501286, -0.376887) (0.221181, 0.373076, -0.552302) 
# Original Graph 247 in [225, 250)
14 vertices
0 1
0 2
0 3
0 4
0 5
1 5
1 6
2 7
2 8
3 8
3 9
3 6
3 5
3 10
3 4
4 10
5 10
5 6
6 11
7 12
7 13
8 9
9 13
11 13
11 12
12 13

# Unit Distance Graph
14 vertices
0 3
0 6
0 11
0 13
0 9
1 3
1 9
1 8
2 3
2 5
2 6
3 7
3 12
3 11
3 6
4 11
4 12
4 13
5 8
5 9
5 13
5 7
6 8
7 10
10 13
10 12

# Embedding (with cost 9.53238e-15)
(0.0513404, -0.131875, -0.508055) (-0.169014, -0.284233, 0.140321) (0.292593, -0.000187702, -0.44055) (-0.345549, 0.676571, -0.0734347) (-0.363338, 0.254624, -0.33605) (-0.390337, -0.165751, 0.270925) (-0.0733101, -0.107849, 0.483855) (0.477142, 0.112191, -0.141663) (-0.0193603, 0.659243, -0.15541) (0.128211, 0.669017, 0.0858003) (-0.500669, 0.316121, -0.0937219) (0.178119, 0.0220313, 0.471864) (0.398727, 0.121216, 0.297558) (0.4355, 0.397701, 0.248233) 
# Original Graph 248 in [225, 250)
14 vertices
0 1
0 2
0 3
0 4
0 5
0 6
1 6
1 7
1 2
2 8
2 9
3 10
3 11
4 11
4 7
5 7
5 12
5 6
6 12
6 7
7 12
8 11
8 13
9 13
9 10
10 13

# Unit Distance Graph
14 vertices
0 1
0 2
0 8
0 11
0 4
0 7
1 4
1 11
1 3
2 5
2 7
2 4
3 7
3 6
5 9
5 13
5 8
6 11
6 8
6 13
6 10
7 10
7 9
9 12
10 12
12 13

# Embedding (with cost 9.74561e-15)
(0.642536, 0.160112, -0.363704) (0.497637, -0.000305406, 0.612652) (0.49061, -0.27224, 0.52511) (0.4722, -0.177474, -0.3712) (-0.286207, 0.0684698, -0.004486) (0.318549, 0.533611, -0.0414581) (0.358471, 0.491522, 0.363314) (-0.191008, 0.357386, 0.152326) (-0.053276, -0.382831, 0.106464) (0.442386, -0.406457, 0.276249) (0.43417, -0.359397, -0.1565) (-0.229301, -0.208879, -0.0416097) (0.0962417, 0.525119, 0.165113) (0.251399, -0.458044, 0.0685932) 
# Original Graph 249 in [225, 250)
14 vertices
0 1
0 2
0 3
0 4
0 5
1 6
1 7
2 8
2 9
3 10
3 11
4 11
4 12
5 12
5 6
6 12
6 11
6 7
7 13
7 8
8 13
9 13
9 10
10 13
10 11
11 12

# Unit Distance Graph
14 vertices
0 6
0 7
0 13
0 10
0 11
1 3
1 11
1 10
2 6
2 11
2 12
3 7
3 6
4 7
4 8
4 13
5 9
5 10
5 13
6 10
6 9
7 11
8 12
8 11
9 12
12 13

# Embedding (with cost 8.98679e-15)
(-0.922195, 0.170745, -0.127948) (-0.428424, -0.446203, 0.237783) (-0.751776, 0.00748743, -0.31647) (-0.32051, 0.469092, -0.150276) (-0.419199, 0.434003, 0.306872) (-0.671455, 0.0287097, 0.421742) (-0.313421, -0.249923, 0.544683) (-0.205267, -0.505784, 0.0403481) (-0.307496, -0.374616, -0.27076) (-0.109088, -0.00959038, -0.404258) (0.066101, 0.308876, -0.192682) (-0.0209167, 0.465714, 0.189368) (-0.300065, 0.185219, 0.557811) (-0.0399043, -0.269758, -0.293842) 
