# Original Graph 200 in [200, 212)
13 vertices
0 1
0 2
0 3
1 4
1 5
1 6
2 6
2 7
3 7
3 4
4 8
5 9
5 10
5 11
6 11
6 12
6 8
7 8
8 9
9 12
9 10
10 12
10 11
11 12

# Unit Distance Graph
13 vertices
0 9
0 10
0 12
1 6
1 8
1 9
1 12
2 5
2 10
2 9
3 10
3 11
3 12
4 6
4 12
4 11
5 7
5 8
5 6
6 9
6 8
7 11
7 10
8 11

# Embedding (with cost 9.95699e-15)
(0.669868, -0.0394976, 0.150122) (0.913383, -0.190003, -0.28959) (0.363136, 0.266323, 0.193027) (0.499781, -0.276477, 0.157365) (0.685178, -0.3746, -0.0871589) (0.784917, -0.132652, -0.621172) (0.232126, 0.516806, -0.0990349) (0.193416, -0.29465, 0.16869) (-0.0452325, -0.442184, -0.157446) (-0.056297, -0.373801, -0.450649) (0.293667, 0.0226179, -0.774332) (0.278959, 0.436328, -0.508328) (0.0463009, 0.205727, -0.592191) 
# Original Graph 201 in [200, 212)
13 vertices
0 1
0 2
0 3
1 4
1 5
2 5
2 3
3 6
4 7
4 8
4 9
5 10
6 10
6 7
7 9
7 11
7 8
8 11
8 12
8 9
9 12
9 11
9 10
11 12

# Unit Distance Graph
13 vertices
0 9
0 11
0 12
1 7
1 11
1 9
2 8
2 12
2 11
3 8
3 9
3 12
4 6
4 7
4 9
4 10
5 7
5 8
5 11
6 9
6 8
7 10
7 9
8 10

# Embedding (with cost 8.55605e-15)
(0.51628, 0.0237632, -0.395295) (0.676119, 0.277966, -0.287589) (0.440626, -0.223456, -0.230525) (0.10978, -0.119174, -0.418903) (0.61251, 0.555583, -0.16977) (0.506813, -0.271855, 0.0788604) (-0.163543, -0.0499252, -0.346125) (-0.319161, 0.197804, -0.232891) (0.304725, 0.707028, 0.109667) (0.244053, -0.0123036, 0.566262) (0.355967, -0.264205, 0.342218) (-0.197561, 0.431566, 0.174028) (0.0807769, 0.482973, 0.378956) 
# Original Graph 202 in [200, 212)
13 vertices
0 1
0 2
0 3
1 3
1 4
1 5
2 6
2 7
3 7
3 4
4 7
4 8
5 8
5 9
5 10
5 6
6 11
6 8
8 12
8 9
9 12
9 10
10 11
11 12

# Unit Distance Graph
13 vertices
0 8
0 9
0 12
1 6
1 8
1 12
1 11
2 5
2 9
2 8
3 9
3 10
3 11
3 12
4 5
4 6
4 11
4 10
5 7
5 8
5 6
6 8
7 10
7 9

# Embedding (with cost 9.87536e-15)
(-0.269496, 0.459518, 0.110758) (-0.0158653, 0.408262, -0.277216) (-0.205383, 0.287249, 0.571757) (-0.445542, 0.277323, -0.0482228) (-0.481463, -0.262391, -0.0619234) (0.354386, 0.251079, -0.256102) (0.0381041, 0.148836, 0.687038) (-0.503514, 0.128006, 0.242757) (-0.211947, -0.532569, -0.000830347) (0.365188, -0.305795, 0.00364826) (0.47436, -0.0601967, 0.151429) (0.275558, -0.0572971, 0.558443) (0.222974, -0.396932, 0.265572) 
# Original Graph 203 in [200, 212)
13 vertices
0 1
0 2
0 3
1 3
1 4
1 5
2 6
2 7
3 7
4 7
4 8
4 5
5 8
5 9
5 10
5 6
6 11
8 11
8 12
8 9
9 12
9 10
10 12
10 11

# Unit Distance Graph
13 vertices
0 8
0 9
0 12
1 8
1 12
1 10
1 11
2 5
2 9
2 8
3 9
3 10
3 12
4 5
4 6
4 11
4 10
5 7
5 8
5 11
5 6
6 8
7 10
7 9

# Embedding (with cost 9.83943e-15)
(-0.362861, -0.499767, -0.0776421) (-0.32772, -0.0482844, -0.268087) (-0.392498, -0.650209, 0.160109) (-0.194777, -0.351131, -0.249861) (0.299746, -0.266803, -0.103472) (-0.471121, 0.343414, 0.0792853) (-0.484882, -0.595962, 0.421898) (0.0905725, -0.447536, -0.163405) (0.36068, -0.0632455, 0.45709) (-0.0834257, 0.206736, 0.572565) (-0.244366, -0.13309, 0.724818) (-0.340806, -0.477749, 0.634902) (0.126872, 0.0235499, 0.619711) 
# Original Graph 204 in [200, 212)
13 vertices
0 1
0 2
0 3
0 4
0 5
1 6
1 2
2 7
2 3
3 8
4 8
4 9
4 10
4 5
5 11
5 12
5 6
6 12
7 12
7 9
8 9
9 10
10 11
11 12

# Unit Distance Graph
13 vertices
0 7
0 9
0 10
0 11
0 12
1 4
1 10
1 9
2 4
2 5
2 11
2 10
3 5
3 12
3 11
4 7
4 12
4 6
5 8
5 9
5 7
6 9
6 8
8 12

# Embedding (with cost 7.97074e-15)
(0.339442, 0.228524, -0.654623) (0.111794, -0.048835, -0.612383) (0.366355, -0.268925, -0.194575) (0.540004, 0.194871, -0.264097) (0.174734, 0.674826, 0.0748973) (-0.443497, 0.268731, -0.429234) (-0.279545, -0.0043195, -0.501638) (0.118299, -0.320654, 0.151292) (0.409163, 0.456029, 0.0585055) (0.200972, 0.257621, 0.335316) (-0.13666, 0.510815, 0.178227) (-0.41849, 0.32235, -0.00907289) (-0.380172, -0.14455, -0.0689866) 
# Original Graph 205 in [200, 212)
13 vertices
0 1
0 2
0 3
1 4
1 5
2 5
2 6
2 7
3 7
3 8
4 8
4 9
4 10
5 10
5 11
5 6
6 11
7 11
7 12
8 9
9 12
10 12
10 11
11 12

# Unit Distance Graph
13 vertices
0 10
0 11
0 12
1 7
1 12
1 11
2 4
2 10
2 12
2 9
3 5
3 11
3 10
4 7
4 11
4 6
5 8
5 9
5 12
5 7
6 9
6 8
7 10
8 11

# Embedding (with cost 8.64096e-15)
(0.302782, -0.169599, 0.275843) (-0.308262, -0.00454945, 0.264176) (0.193868, -0.55577, 0.137905) (0.452427, 0.0583791, 0.0592069) (-0.244422, 0.329995, -0.0148126) (-0.450896, -0.367336, 0.111884) (-0.0443692, -0.645584, -0.10551) (0.466018, -0.320082, -0.284394) (0.266975, 0.304122, -0.0719794) (0.116006, 0.308223, -0.359542) (-0.469545, 0.0304929, -0.327045) (-0.0900316, -0.471244, -0.592896) (0.0414265, 0.00980457, -0.67258) 
# Original Graph 206 in [200, 212)
13 vertices
0 1
0 2
0 3
0 4
1 5
1 2
2 6
2 7
2 3
3 7
3 8
4 8
4 9
4 5
5 9
5 6
6 10
6 11
7 11
8 11
8 12
9 10
10 12
11 12

# Unit Distance Graph
13 vertices
0 6
0 11
0 12
0 10
1 8
1 12
1 11
2 4
2 9
2 10
2 12
2 8
3 5
3 6
3 10
3 9
4 7
4 11
4 6
5 8
5 11
5 7
6 8
7 9

# Embedding (with cost 9.69387e-15)
(-0.513759, 0.00281943, -0.281462) (-0.0878231, -0.171197, -0.482791) (-0.131259, 0.334236, -0.719002) (-0.521324, 0.440142, -0.221837) (-0.296533, -0.179086, 0.12313) (0.152113, -0.298952, -0.206854) (0.44834, 0.256051, -0.382658) (-0.133868, 0.630133, -0.44141) (-0.288321, 0.468235, 0.259454) (0.236669, -0.136589, 0.0828418) (0.38052, 0.185373, 0.12712) (0.175043, 0.687119, -0.0421155) (0.2115, 0.487095, 0.207902) 
# Original Graph 207 in [200, 212)
13 vertices
0 1
0 2
0 3
0 4
1 5
1 6
2 6
2 7
2 8
2 9
3 9
3 10
4 10
4 5
5 11
6 11
6 7
7 11
7 8
8 12
8 9
9 12
10 12
11 12

# Unit Distance Graph
13 vertices
0 7
0 8
0 12
0 11
1 8
1 9
1 12
2 4
2 5
2 11
2 12
2 10
3 6
3 7
3 11
4 8
4 7
5 9
5 8
6 10
6 12
6 9
7 10
9 11

# Embedding (with cost 9.8261e-15)
(0.0602515, -0.399353, 0.302753) (0.49812, -0.182278, 0.340082) (0.117635, 0.462965, 0.240925) (-0.221067, -0.275211, -0.0344744) (0.215253, -0.50976, 0.0305054) (0.581712, -0.362308, -0.080877) (0.587962, 0.218487, 0.284485) (0.457745, 0.45899, -0.0216646) (-0.0190625, 0.413284, -0.274595) (-0.27938, 0.130652, -0.205415) (0.00962399, -0.408572, -0.23736) (0.683664, -0.0559182, -0.399678) (0.235364, -0.041485, -0.614452) 
# Original Graph 208 in [200, 212)
13 vertices
0 1
0 2
0 3
1 3
1 4
1 5
1 6
2 6
2 7
3 7
3 8
3 4
4 9
4 10
5 10
5 6
6 11
7 11
7 8
8 9
9 12
9 10
10 12
11 12

# Unit Distance Graph
13 vertices
0 9
0 10
0 12
1 7
1 8
1 9
1 12
1 11
2 4
2 10
2 9
3 5
3 6
3 11
3 12
3 10
4 7
4 11
4 6
5 8
5 7
6 9
6 8
7 10

# Embedding (with cost 9.23145e-15)
(0.568693, -0.668392, -0.520854) (0.175558, -0.717873, -0.666847) (0.741264, -0.342645, -0.571907) (0.483347, -0.678874, -0.00250401) (-0.149635, -0.520787, -0.154097) (-0.0107277, -0.199874, -0.728073) (0.469436, -0.0917388, -0.811874) (0.774366, -0.140774, -0.111522) (0.414806, -0.236079, 0.176145) (0.0404934, -0.080028, 0.0913825) (-0.186511, -0.0314531, -0.366011) (0.459224, 0.215853, -0.448466) (0.150841, 0.21423, -0.305498) 
# Original Graph 209 in [200, 212)
13 vertices
0 1
0 2
0 3
1 4
1 5
1 6
2 7
2 8
3 8
3 9
3 4
4 5
5 9
5 10
6 10
6 7
7 11
7 12
8 12
8 9
9 11
9 10
10 11
11 12

# Unit Distance Graph
13 vertices
0 9
0 10
0 11
1 8
1 9
1 11
1 12
2 5
2 10
2 9
3 6
3 7
3 11
3 10
4 7
4 12
4 11
5 8
5 12
5 7
6 9
6 8
7 9
8 10

# Embedding (with cost 9.67083e-15)
(-0.0325926, -0.516961, -0.482648) (-0.428938, -0.307383, -0.436593) (0.235825, -0.340454, -0.740525) (0.111178, -0.420824, -0.0736952) (-0.322482, -0.264512, -0.105201) (-0.418103, 0.0549105, -0.0954935) (-0.256656, 0.0986492, -0.844958) (0.102891, 0.0626411, -0.949019) (0.544654, -0.130458, -0.292316) (0.20993, 0.317617, 0.0119853) (-0.262801, 0.451601, -0.388359) (0.213733, 0.449492, -0.555392) (0.444625, 0.15407, -0.591346) 
# Original Graph 210 in [200, 212)
13 vertices
0 1
0 2
0 3
0 4
1 4
1 5
1 6
1 2
2 6
2 7
2 3
3 7
3 8
3 4
4 8
4 5
5 9
6 10
7 11
8 12
9 12
9 10
10 11
11 12

# Unit Distance Graph
13 vertices
0 9
0 10
0 11
0 12
1 3
1 8
1 12
1 11
1 7
2 4
2 5
2 9
2 12
2 8
3 6
3 10
3 9
3 5
4 7
4 11
4 10
4 6
5 7
6 8

# Embedding (with cost 9.54089e-15)
(-0.0391222, 0.636519, 0.788942) (0.355134, 0.924226, 0.897007) (0.232632, 0.780202, 0.235861) (0.0102047, 0.136043, 0.38731) (0.180328, 0.192705, 1.04339) (0.733502, 0.413269, 1.01975) (0.6323, 0.909025, 0.511789) (0.397808, 0.349232, 0.0799628) (0.476221, -0.0542868, 0.730121) (0.903754, 0.303707, 0.803793) (0.906393, 0.571976, 0.469825) (0.686749, 0.301813, 0.188039) (0.750745, 0.0370895, 0.659349) 
# Original Graph 211 in [200, 212)
13 vertices
0 1
0 2
0 3
0 4
1 4
1 5
1 6
2 6
2 7
2 8
3 8
3 7
3 9
4 9
4 10
5 10
5 11
6 11
6 12
7 12
7 8
9 12
9 11
10 11

# Unit Distance Graph
13 vertices
0 6
0 12
0 9
0 11
1 3
1 9
1 12
1 7
2 4
2 10
2 11
2 9
3 6
3 11
3 5
4 7
4 12
4 6
5 7
5 8
6 9
7 10
8 11
8 10

# Embedding (with cost 9.99868e-15)
(0.369953, 0.828291, -0.254578) (-0.207372, 0.581189, 0.0310092) (0.461958, 0.21921, 0.323097) (0.734047, 0.488709, -0.293303) (-0.00710519, 0.599573, -0.473962) (-0.256391, 0.395419, -0.191661) (0.109914, 0.108853, 0.389461) (0.658009, 0.0811273, 0.0634738) (0.731149, 0.330424, -0.0483375) (0.190576, -0.0981436, -0.58555) (-0.189118, 0.266803, -0.434421) (-0.106486, -0.0260453, -0.462219) (0.490219, -0.13408, -0.0109047) 
