# Original Graph 400 in [400, 425)
14 vertices
0 1
0 2
0 3
0 4
1 5
1 6
1 2
2 7
2 8
2 9
3 10
3 4
4 11
5 11
5 6
6 12
6 13
6 7
7 13
7 8
8 13
8 12
8 9
9 10
10 12
10 11

# Unit Distance Graph
14 vertices
0 6
0 13
0 8
0 12
1 8
1 9
1 10
1 12
2 5
2 6
2 12
2 10
2 11
3 6
3 7
3 13
4 7
4 8
4 13
5 9
5 8
6 10
6 9
7 11
7 10
8 11

# Embedding (with cost 8.94677e-15)
(0.0859276, 0.961233, 0.0663698) (0.368148, 0.463908, 0.228328) (-0.316552, 0.683539, 0.316543) (0.0797948, 0.874319, -0.380428) (0.288448, 0.911436, -0.193039) (0.549122, 0.343987, -0.0513043) (0.346636, -0.00299549, 0.0184642) (-0.115412, 0.088308, 0.206156) (-0.387201, 0.195662, -0.369579) (-0.334128, 0.533602, -0.480157) (-0.0850688, 0.599669, -0.652674) (0.461668, 0.720935, -0.310334) (-0.189324, 0.242131, -0.571698) (0.066046, -0.0378747, 0.0291005) 
# Original Graph 401 in [400, 425)
14 vertices
0 1
0 2
0 3
0 4
1 5
1 6
2 7
2 8
3 8
3 4
4 8
4 9
4 5
5 9
5 10
6 11
6 7
7 12
8 12
8 9
9 12
9 10
10 13
10 11
11 13
12 13

# Unit Distance Graph
14 vertices
0 9
0 10
0 13
0 12
1 8
1 9
1 12
2 5
2 10
2 9
3 10
3 11
3 13
4 6
4 7
4 12
4 13
4 11
5 8
5 12
5 7
6 9
6 8
7 9
8 11
8 10

# Embedding (with cost 6.43263e-15)
(-0.444924, -0.0653505, 0.638493) (-0.408172, -0.146053, 0.182292) (-0.48625, 0.374923, 0.590596) (-0.167853, 0.0329667, 0.838798) (0.103269, -0.157205, 0.76014) (0.225794, -0.255366, 0.281193) (-0.385316, 0.152988, -0.0553752) (-0.458907, 0.47108, 0.222351) (-0.0481899, 0.557887, 0.794568) (0.488435, 0.223802, 0.425816) (0.224274, 0.144598, -0.0743142) (-0.111092, 0.215279, -0.142803) (0.0584517, 0.730323, 0.301571) (0.0859914, 0.451019, -0.0334375) 
# Original Graph 402 in [400, 425)
14 vertices
0 1
0 2
0 3
0 4
1 5
1 6
1 7
2 8
2 3
3 9
4 9
4 10
4 8
4 11
4 5
5 11
5 12
5 6
6 7
7 12
8 12
8 13
9 13
9 10
10 13
11 12

# Unit Distance Graph
14 vertices
0 4
0 11
0 12
0 8
1 4
1 8
1 13
1 10
2 4
2 5
2 11
3 5
3 12
3 11
4 8
4 12
4 7
5 9
5 13
5 8
6 9
6 10
6 13
7 10
7 9
9 12

# Embedding (with cost 9.67343e-15)
(0.845399, -0.275729, 0.352864) (0.597839, -0.437027, 0.333666) (0.738045, 0.116485, 0.411971) (0.963357, 0.0585065, 0.184152) (0.560025, -0.000246642, -0.565107) (0.185743, -0.412515, -0.232327) (0.263217, -0.429033, 0.179588) (0.113613, -0.141647, 0.318477) (0.190791, 0.471123, 0.235815) (0.907999, 0.271072, -0.127184) (0.726106, 0.28317, -0.348143) (0.140185, -0.148393, -0.344602) (-0.0264974, 0.195801, 0.22074) (0.598408, 0.482013, -0.0604973) 
# Original Graph 403 in [400, 425)
14 vertices
0 1
0 2
0 3
0 4
0 5
1 6
1 7
1 8
2 9
2 10
3 10
3 11
3 4
4 5
5 11
6 11
6 7
7 11
7 12
8 12
8 13
8 9
9 13
9 11
9 10
12 13

# Unit Distance Graph
14 vertices
0 7
0 12
0 13
0 9
0 11
1 3
1 11
1 9
1 10
2 6
2 7
2 11
3 8
3 12
3 7
4 8
4 13
4 12
5 8
5 9
5 13
6 10
6 9
7 10
8 11
9 11

# Embedding (with cost 7.8263e-15)
(0.0759597, 0.740217, 0.218158) (0.525515, 0.43329, 0.226877) (-0.21275, 0.394608, -0.0660201) (-0.470279, 0.398104, 0.311466) (-0.280583, 0.531307, 0.489987) (-0.178714, 0.340915, 0.723816) (0.166225, 0.00325885, 0.772564) (0.314364, -0.162873, 0.575358) (0.370739, -0.0228509, -0.0283649) (-0.195308, -0.150305, -0.147062) (-0.406754, 0.176946, -0.0283897) (-0.122928, -0.0162133, 0.84126) (0.296877, -0.235027, 0.208435) (0.0813005, -0.219588, -0.0624592) 
# Original Graph 404 in [400, 425)
14 vertices
0 1
0 2
0 3
0 4
0 5
1 5
1 6
1 7
2 8
2 9
2 10
3 10
3 6
4 6
4 5
6 10
7 10
7 11
7 8
8 11
9 11
9 12
9 13
10 13
11 12
12 13

# Unit Distance Graph
14 vertices
0 7
0 11
0 12
0 13
0 10
1 2
1 10
1 13
1 9
2 7
2 10
2 6
3 7
3 8
3 11
4 9
4 12
4 11
5 9
5 13
5 12
6 9
6 11
6 8
7 10
8 10

# Embedding (with cost 8.29713e-15)
(0.242483, 0.76332, -0.284868) (0.515254, 0.0149773, -0.686344) (-0.0351736, 0.711213, -0.225599) (0.537949, 0.202775, 0.188887) (0.70936, 0.304125, -0.220311) (0.626145, 0.339158, -0.495595) (0.72041, 0.0880541, -0.0236926) (0.181874, -0.155862, -0.674009) (-0.127337, 0.120187, -0.55312) (-0.273648, 0.172508, -0.0923598) (0.367785, -0.0370833, 0.301352) (-0.159574, -0.138889, -0.440976) (-0.189538, -0.129317, -0.156196) (0.0346653, -0.0953515, 0.183634) 
# Original Graph 405 in [400, 425)
14 vertices
0 1
0 2
0 3
0 4
0 5
0 6
1 6
1 2
2 7
2 4
2 8
3 9
3 10
4 11
4 7
4 5
5 7
6 7
8 12
8 9
9 12
10 12
10 13
10 11
11 13
12 13

# Unit Distance Graph
14 vertices
0 2
0 8
0 12
0 13
0 11
0 4
1 10
1 11
1 13
2 4
2 11
2 10
2 3
3 4
3 7
4 9
4 8
5 8
5 9
5 12
6 10
6 13
6 12
7 10
7 12
7 9

# Embedding (with cost 9.06812e-15)
(-0.00867975, -0.405216, 0.0321126) (0.232407, -0.0225572, 0.465171) (0.494596, 0.349648, 0.4527) (0.14114, -0.311173, -0.209407) (-0.371152, 0.525543, -0.0158531) (-0.385749, 0.298693, 0.181672) (-0.0319035, -0.110992, 0.416155) (-0.213455, 0.362272, 0.439233) (0.608986, 0.376809, 0.115331) (0.525261, 0.117432, -0.188741) (0.156892, 0.277433, -0.485778) (-0.200482, 0.537365, -0.241295) (0.510769, 0.40165, -0.249206) (0.0553346, 0.511939, -0.361243) 
# Original Graph 406 in [400, 425)
14 vertices
0 1
0 2
0 3
0 4
0 5
0 6
1 6
1 7
1 8
2 8
2 3
3 9
3 5
3 4
4 5
5 10
6 10
6 11
7 12
7 13
8 13
8 9
9 10
10 11
11 12
12 13

# Unit Distance Graph
14 vertices
0 8
0 9
0 10
0 11
0 12
0 13
1 3
1 5
1 10
1 9
2 6
2 11
2 10
3 7
3 12
3 11
3 6
4 7
4 13
4 12
5 8
5 13
5 7
6 9
6 8
8 10

# Embedding (with cost 9.87823e-15)
(0.331997, -0.0750824, 0.12061) (-0.233984, -0.0956852, -0.161903) (0.402854, -0.120513, -0.689531) (0.610578, 0.092262, -0.663292) (0.599977, 0.198908, -0.162138) (0.49229, 0.585549, -0.253806) (-0.000753404, 0.389217, 0.0702557) (-0.359664, 0.0893981, -0.421168) (-0.0107383, -0.0684741, -0.818799) (0.43527, 0.251143, -0.819024) (0.181748, 0.793988, -0.35071) (-0.185162, 0.623942, -0.373265) (-0.332726, 0.369074, -0.480114) (-0.23781, 0.0595857, -0.690059) 
# Original Graph 407 in [400, 425)
14 vertices
0 1
0 2
0 3
0 4
1 4
1 5
1 2
2 6
2 7
2 8
3 8
3 9
3 4
4 9
4 8
5 10
5 11
5 12
6 12
6 13
7 11
7 10
8 10
8 9
11 13
12 13

# Unit Distance Graph
14 vertices
0 5
0 11
0 7
0 10
1 2
1 8
1 10
1 7
2 5
2 10
2 8
2 4
3 5
3 12
3 13
3 11
4 7
4 11
4 13
4 6
5 8
6 8
6 9
8 12
9 13
9 12

# Embedding (with cost 7.772e-15)
(-0.260978, -0.362452, 0.228931) (-0.0181497, -0.810863, -0.333349) (-0.498856, 0.0525619, -0.180316) (0.0771044, -0.387601, 0.288753) (0.131745, -0.649962, 0.149535) (0.0583148, -0.60527, -0.687089) (-0.419979, -0.0513987, -0.43126) (0.277404, 0.137372, -0.449539) (0.483571, -0.0106899, -0.00471633) (0.324202, -0.288528, 0.193211) (0.495961, 0.0453064, -0.281731) (0.0933966, -0.0572444, -0.654962) (-0.134561, -0.398391, -0.688529) (-0.218712, -0.134277, -0.632289) 
# Original Graph 408 in [400, 425)
14 vertices
0 1
0 2
0 3
0 4
1 5
1 6
2 7
2 8
2 9
2 10
3 10
3 11
3 5
3 4
4 5
5 11
6 10
6 12
6 7
7 8
8 13
9 13
9 12
9 10
10 11
12 13

# Unit Distance Graph
14 vertices
0 6
0 12
0 9
0 10
1 2
1 10
1 9
2 6
2 10
2 11
2 5
3 6
3 7
3 8
3 13
3 12
4 9
4 12
4 13
5 9
5 13
5 8
6 10
7 11
7 10
8 11

# Embedding (with cost 9.32675e-15)
(0.353789, -0.642408, -0.38329) (0.408052, 0.116897, -0.784453) (0.295408, -0.505302, -0.00974056) (-0.156904, -0.463338, -0.804885) (0.219849, -0.497415, -0.772212) (0.238227, -0.124669, -0.932697) (0.36014, 0.346912, -0.528914) (0.411806, -0.0143763, -0.115682) (0.259074, -0.196614, 0.0644935) (-0.348531, 0.0254823, -0.136978) (-0.508621, -0.146251, -0.483681) (-0.340281, -0.240354, -0.734794) (0.0477411, 0.286775, -0.176037) (0.0115904, 0.0755223, 0.0204865) 
# Original Graph 409 in [400, 425)
14 vertices
0 1
0 2
0 3
0 4
1 5
1 2
2 5
2 3
3 5
3 6
4 6
4 7
4 8
4 9
4 10
5 10
6 7
7 9
7 11
7 12
8 12
8 13
9 13
9 10
11 13
11 12

# Unit Distance Graph
14 vertices
0 7
0 11
0 13
0 9
1 7
1 12
1 11
2 8
2 13
2 11
2 12
3 4
3 9
3 13
3 8
4 6
4 7
4 9
4 10
4 5
5 8
5 12
5 7
6 10
6 9
7 10

# Embedding (with cost 9.83881e-15)
(-0.294431, 0.263269, -0.31128) (-0.337805, -0.263751, -0.329524) (-0.438178, -0.194128, -0.58465) (-0.293627, -0.116001, -0.945143) (0.0965753, 0.487208, -0.249526) (-0.155258, -0.478771, -0.308393) (-0.0271052, -0.0261512, -1.09874) (0.256554, -0.0205215, -1.09606) (0.346462, 0.384578, -0.362298) (0.387621, -0.467991, -0.303267) (0.116296, -0.512517, -0.236834) (0.534098, -0.0545717, -0.772275) (0.473924, 0.20513, -0.677729) (0.546061, -0.26682, -0.423436) 
# Original Graph 410 in [400, 425)
14 vertices
0 1
0 2
0 3
0 4
1 4
1 5
1 6
1 2
2 6
2 7
2 8
3 5
3 9
4 9
5 9
5 8
6 10
6 11
6 12
7 12
7 11
7 13
8 10
10 13
11 13
11 12

# Unit Distance Graph
14 vertices
0 6
0 11
0 13
0 10
1 2
1 8
1 10
1 13
1 7
2 6
2 10
2 8
2 5
3 6
3 12
3 11
4 7
4 13
4 11
5 7
5 12
5 6
6 8
7 9
9 11
9 12

# Embedding (with cost 9.08244e-15)
(0.211979, 0.00118268, -0.583329) (-0.0722644, 0.267789, 0.110642) (0.608097, 0.150939, -0.612859) (0.115761, -0.234629, -0.416749) (-0.106949, -0.0253815, -0.154426) (0.184183, -0.533922, -0.0201857) (0.361483, 0.386931, 0.327081) (0.873056, 0.168314, -0.199963) (0.468867, -0.571856, 0.0640317) (0.0208355, -0.354418, -0.178232) (0.654716, -0.411219, 0.212855) (0.814985, 0.116388, 0.206046) (0.625021, 0.32636, 0.235897) (0.818999, -0.178562, 0.190763) 
# Original Graph 411 in [400, 425)
14 vertices
0 1
0 2
0 3
1 4
1 2
2 5
2 6
3 6
3 7
3 8
4 8
4 9
4 10
4 11
5 11
5 12
5 6
7 12
7 13
7 9
7 8
9 10
10 13
10 12
11 12
12 13

# Unit Distance Graph
14 vertices
0 10
0 12
0 13
1 7
1 13
1 12
2 7
2 9
2 10
2 13
3 4
3 11
3 12
3 10
4 7
4 12
4 5
4 6
5 9
5 7
5 8
6 10
6 9
7 11
8 12
8 11

# Embedding (with cost 9.41576e-15)
(0.177794, 0.184211, -0.545986) (-0.342596, 0.352307, -0.322096) (0.200085, 0.368544, -0.185886) (0.281327, -0.115981, -0.621675) (-0.584576, 0.20242, -0.235887) (0.28527, 0.0888667, 0.244189) (0.39355, 0.154067, -0.0335728) (0.00538766, -0.57675, -0.447635) (0.0688259, -0.307311, -0.648108) (-0.351, -0.458083, -0.299875) (-0.467914, -0.352842, -0.00318108) (-0.262099, 0.162678, 0.170182) (0.0874307, -0.250382, 0.350096) (-0.126094, -0.540925, 0.0719387) 
# Original Graph 412 in [400, 425)
14 vertices
0 1
0 2
0 3
0 4
1 4
1 2
2 5
2 3
3 5
3 6
3 7
4 7
4 8
4 9
5 9
5 10
6 11
6 12
6 8
6 7
8 13
9 10
10 13
10 11
11 12
12 13

# Unit Distance Graph
14 vertices
0 10
0 11
0 12
0 13
1 6
1 12
1 11
2 6
2 8
2 13
2 12
3 4
3 9
3 10
3 13
3 8
4 6
4 11
4 10
4 5
5 8
5 6
5 7
6 9
7 10
7 9

# Embedding (with cost 9.37726e-15)
(0.143369, 0.664388, 0.375989) (-0.134937, 0.701741, 0.421079) (0.15884, 0.684044, 0.0549106) (0.390694, 0.231452, 0.332204) (-0.544563, 0.478751, 0.58546) (-0.0746446, 0.499852, -0.296997) (0.0581186, -0.274409, 0.321786) (0.0795036, -0.0230748, 0.541326) (-0.593956, 0.203193, 0.504444) (-0.445132, 0.429145, -0.179961) (-0.343346, 0.169841, -0.344102) (-0.189491, -0.14107, -0.114358) (-0.163519, -0.258448, 0.143194) (-0.561925, -0.00394505, 0.139577) 
# Original Graph 413 in [400, 425)
14 vertices
0 1
0 2
0 3
1 4
1 5
2 6
2 3
3 6
3 4
4 6
4 7
5 7
5 8
5 9
5 6
6 9
7 10
8 11
8 12
9 12
9 10
10 12
10 13
10 11
11 13
12 13

# Unit Distance Graph
14 vertices
0 10
0 13
0 12
1 9
1 10
1 12
2 10
2 11
2 13
3 8
3 12
3 13
3 11
4 5
4 9
4 12
4 8
5 7
5 10
5 9
5 6
6 8
6 11
6 10
6 7
7 9

# Embedding (with cost 9.969e-15)
(-0.340666, 0.0594189, 0.407724) (-0.572823, -0.187561, 0.390803) (-0.0210417, 0.0992218, 0.35211) (-0.2209, 0.267669, 0.242583) (-0.416961, 0.322617, -0.124185) (-0.581558, -0.578419, 0.277116) (0.293505, -0.0986886, 0.212908) (-0.444076, 0.118905, -0.426332) (-0.508334, -0.663158, 0.016878) (0.344973, -0.310299, 0.0131976) (-0.321663, -0.124293, -0.575072) (-0.457901, -0.570891, -0.247975) (0.0858525, -0.527538, -0.280436) (-0.256971, -0.459355, -0.443081) 
# Original Graph 414 in [400, 425)
14 vertices
0 1
0 2
0 3
0 4
1 5
1 2
2 5
2 3
3 5
3 6
3 7
4 7
4 8
4 9
5 9
5 10
6 10
6 11
6 12
6 7
8 12
8 13
9 10
10 13
11 13
11 12

# Unit Distance Graph
14 vertices
0 6
0 11
0 13
0 10
1 6
1 12
1 11
2 8
2 13
2 11
2 12
3 4
3 9
3 10
3 13
3 8
4 6
4 10
4 5
5 8
5 12
5 6
5 7
6 9
7 10
7 9

# Embedding (with cost 9.8681e-15)
(0.486082, 0.231733, 0.143273) (0.139818, 0.526525, -0.0328757) (0.0786902, 0.448085, 0.242743) (-0.213056, 0.0444269, 0.428548) (0.598604, -0.158702, -0.119126) (-0.115367, 0.506831, -0.336635) (-0.34437, -0.324744, 0.169368) (-0.101897, -0.236338, 0.332333) (0.383851, -0.356781, -0.266243) (0.0699063, 0.294864, -0.497311) (-0.224799, 0.199428, -0.559297) (-0.206891, -0.393431, -0.215834) (0.0736618, -0.461403, -0.172956) (-0.140367, -0.111523, -0.556539) 
# Original Graph 415 in [400, 425)
14 vertices
0 1
0 2
0 3
0 4
1 5
1 2
2 6
2 7
2 8
3 9
3 4
4 9
4 5
5 9
5 6
6 10
6 11
6 12
7 12
7 13
8 13
8 10
8 9
10 13
11 13
11 12

# Unit Distance Graph
14 vertices
0 6
0 11
0 13
0 10
1 8
1 10
1 13
2 5
2 6
2 10
2 8
2 9
3 6
3 12
3 11
4 7
4 13
4 11
4 12
5 8
5 13
5 7
6 9
6 8
7 9
9 12

# Embedding (with cost 8.5392e-15)
(-0.222081, 0.145805, -0.743057) (-0.289377, 0.408914, -0.663611) (-0.547251, 0.464378, -0.561455) (-0.0489247, -0.235673, -0.53157) (0.17046, -0.0627341, -0.576141) (0.376086, 0.356284, -0.192994) (0.223697, 0.512255, 0.0736412) (-0.615354, 0.468581, -0.259596) (-0.329855, -0.318893, 0.0209757) (-0.074822, -0.372372, -0.284579) (-0.169154, 0.0126604, 0.246625) (-0.21242, 0.397975, 0.224577) (-0.360718, 0.534597, 0.0247295) (-0.443961, -0.0473799, 0.212688) 
# Original Graph 416 in [400, 425)
14 vertices
0 1
0 2
0 3
1 3
1 4
1 5
2 5
2 6
2 7
3 8
4 9
4 10
5 11
5 12
5 13
5 6
6 9
6 8
6 7
7 8
9 13
9 12
10 12
10 11
11 12
12 13

# Unit Distance Graph
14 vertices
0 9
0 12
0 13
1 5
1 6
1 9
1 13
2 4
2 10
2 12
2 9
3 5
3 13
3 12
4 6
4 5
5 9
5 6
5 8
6 11
6 10
7 10
7 11
7 12
8 12
8 11

# Embedding (with cost 7.99911e-15)
(-0.544551, 0.537656, -0.167519) (-0.571402, 0.368873, 0.268209) (-0.215438, 0.603655, -0.497821) (-0.694088, 0.308729, -0.0851674) (-0.392605, 0.170763, 0.386044) (0.251646, 0.584327, -0.257311) (-0.358525, -0.147248, -0.561431) (-0.474838, 0.129772, -0.557495) (-0.645686, 0.148215, -0.325136) (-0.0952453, -0.353277, -0.233561) (-0.0907473, 0.114968, 0.365682) (0.235793, 0.255353, 0.134773) (0.219311, -0.0269739, 0.145063) (0.209804, -0.117324, -0.123363) 
# Original Graph 417 in [400, 425)
14 vertices
0 1
0 2
0 3
0 4
1 4
1 5
1 6
1 2
2 6
2 5
2 3
3 7
4 8
4 9
4 5
5 9
5 10
5 6
7 10
7 11
8 11
8 12
9 13
10 13
11 12
12 13

# Unit Distance Graph
14 vertices
0 5
0 10
0 13
0 9
1 7
1 11
1 12
1 13
1 10
2 4
2 9
2 13
2 12
2 8
3 4
3 5
3 9
4 7
4 10
4 5
5 8
5 11
5 7
6 8
6 12
6 11

# Embedding (with cost 7.11255e-15)
(0.448688, 0.0036069, -0.127401) (0.196535, 0.112229, -0.420279) (0.345405, 0.49962, -0.169278) (0.368167, 0.500341, 0.286423) (0.0960185, -0.437966, 0.0730829) (-0.496417, 0.325329, -0.184601) (0.011928, 0.355176, -0.387157) (0.201186, 0.449919, 0.520967) (0.0591595, -0.286759, 0.378146) (-0.521253, 0.0816277, 0.103093) (-0.29361, 0.425629, 0.393071) (0.114956, 0.108233, 0.57638) (-0.123727, -0.0641506, 0.510485) (-0.404604, 0.129184, 0.378686) 
# Original Graph 418 in [400, 425)
14 vertices
0 1
0 2
0 3
1 4
1 5
1 6
1 7
2 7
2 3
3 5
3 4
4 5
5 8
6 9
6 10
6 11
6 7
7 12
7 8
8 9
9 13
9 10
10 13
11 13
11 12
12 13

# Unit Distance Graph
14 vertices
0 9
0 10
0 13
1 7
1 8
1 9
1 13
1 12
2 6
2 10
2 9
3 6
3 11
3 13
3 10
4 11
4 12
4 13
5 6
5 7
5 12
5 11
6 8
6 7
7 9
7 8

# Embedding (with cost 9.73109e-15)
(0.131163, 0.0367479, -0.354625) (0.459999, 0.348496, -0.423455) (-0.111008, -0.0691223, 0.0287139) (0.147233, -0.246299, -0.287886) (0.43631, -0.229422, -0.381811) (0.609576, -0.433211, -0.159377) (0.673677, 0.550454, 0.008831) (-0.125481, 0.0399539, 0.326222) (0.728796, -0.440821, 0.128567) (0.837939, -0.22693, 0.301836) (0.81212, 0.0976345, 0.375163) (0.496073, 0.383991, 0.405687) (0.102756, 0.137762, 0.486473) (0.556895, 0.123441, 0.546061) 
# Original Graph 419 in [400, 425)
14 vertices
0 1
0 2
0 3
0 4
1 5
1 6
1 7
1 2
2 7
2 8
2 9
3 6
3 4
4 5
5 6
6 9
7 10
7 11
7 12
8 12
8 13
9 10
10 13
11 13
11 12
12 13

# Unit Distance Graph
14 vertices
0 7
0 11
0 13
0 10
1 2
1 9
1 10
1 13
1 8
2 7
2 10
2 9
2 6
3 7
3 12
3 11
4 11
4 12
4 13
5 8
5 13
5 12
6 8
6 12
6 7
7 9

# Embedding (with cost 9.84575e-15)
(-0.0217281, -0.742241, 0.0450181) (-0.582741, -0.223703, -0.387204) (0.283201, -0.664553, -0.150992) (-0.265985, -0.416183, 0.372509) (-0.281132, -0.615911, 0.167138) (-0.581458, -0.359792, -0.0168143) (-0.315163, -0.143622, 0.45777) (-0.356384, 0.00400587, -0.530413) (0.397399, -0.328714, -0.218984) (-0.0819185, 0.0633844, 0.429348) (0.0649975, 0.238825, 0.218191) (0.014535, 0.151995, -0.401107) (0.27543, 0.0536573, -0.324713) (0.230846, 0.22344, -0.0155337) 
# Original Graph 420 in [400, 425)
14 vertices
0 1
0 2
0 3
0 4
1 4
1 5
1 6
2 6
2 7
2 8
2 9
3 10
3 4
4 10
4 5
5 10
6 9
6 11
6 12
7 12
7 8
8 13
9 13
9 10
11 13
11 12

# Unit Distance Graph
14 vertices
0 6
0 11
0 13
0 9
1 2
1 9
1 13
1 8
2 6
2 9
2 10
2 5
3 6
3 12
3 11
4 7
4 8
4 13
4 11
4 12
5 8
5 7
6 10
6 9
7 10
10 12

# Embedding (with cost 9.68581e-15)
(-0.504447, -0.596878, 0.448029) (0.0232255, 0.0692299, 0.533154) (-0.330268, -0.811195, 0.217093) (-0.658757, -0.217697, 0.398985) (-0.555409, 0.0476076, 0.470807) (-0.284209, 0.156482, 0.465043) (0.322143, -0.0568127, 0.289667) (-0.0928322, -0.734397, 0.0530862) (-0.165507, -0.567533, -0.214451) (-0.445829, 0.00587899, -0.34774) (-0.610646, 0.117448, -0.0258264) (0.133211, -0.198493, -0.211275) (0.278283, -0.330764, 0.0685719) (-0.15779, -0.214533, -0.4085) 
# Original Graph 421 in [400, 425)
14 vertices
0 1
0 2
0 3
1 3
1 4
1 5
2 6
2 7
3 7
3 4
4 7
4 6
4 8
5 9
5 6
6 10
6 8
8 11
8 12
8 9
9 12
9 13
10 13
10 11
11 12
12 13

# Unit Distance Graph
14 vertices
0 8
0 12
0 11
1 6
1 8
1 11
1 10
2 8
2 9
2 12
3 10
3 11
3 12
3 13
4 5
4 6
4 10
4 13
4 9
5 8
5 6
6 9
6 8
7 9
7 13
7 12

# Embedding (with cost 9.44559e-15)
(-0.481958, -0.0732657, -0.219583) (-0.285608, -0.405083, -0.293495) (-0.407819, 0.381908, -0.298877) (-0.411318, -0.104563, 0.052922) (0.00903389, 0.0866691, 0.381785) (-0.0638295, -0.435911, -0.467685) (-0.122522, 0.562157, -0.488045) (-0.365698, 0.16817, 0.123419) (0.387087, 0.10604, 0.241514) (0.215827, -0.378818, -0.478772) (0.181199, 0.445489, -0.535606) (0.457861, 0.263492, -0.277326) (0.510843, -0.0124162, -0.322749) (0.364726, 0.0714618, -0.552694) 
# Original Graph 422 in [400, 425)
14 vertices
0 1
0 2
0 3
1 4
1 5
2 6
2 3
3 4
4 7
4 5
5 8
5 9
5 10
6 10
6 7
7 8
8 11
8 12
8 13
8 9
9 13
9 12
9 10
10 11
11 12
12 13

# Unit Distance Graph
14 vertices
0 8
0 13
0 12
1 8
1 12
1 11
2 8
2 9
2 13
3 9
3 12
3 13
4 9
4 10
4 11
4 12
5 6
5 7
5 8
5 11
5 10
6 9
6 8
7 10
7 9
8 10

# Embedding (with cost 9.76924e-15)
(0.58289, -0.44528, 0.59619) (0.698327, -0.271699, 0.787355) (0.519355, -0.530971, 0.177759) (0.371219, -0.499797, 0.416682) (0.146688, -0.265075, 0.581985) (0.879342, -0.056856, 0.820155) (0.619698, -0.434729, -0.0685506) (0.0168984, 0.083153, 0.333752) (0.201773, 0.414088, 0.255255) (0.977259, 0.288614, 0.522148) (0.819113, -0.255253, -0.158115) (0.743202, 0.0224283, -0.167357) (0.679778, 0.361946, 0.0139533) (0.494896, 0.468491, 0.199605) 
# Original Graph 423 in [400, 425)
14 vertices
0 1
0 2
0 3
0 4
1 4
1 5
1 6
1 2
2 6
2 7
2 8
3 9
3 4
5 9
5 6
6 10
6 11
6 7
7 11
7 12
7 8
8 13
9 13
10 13
10 12
11 12

# Unit Distance Graph
14 vertices
0 6
0 11
0 12
0 10
1 7
1 8
1 13
1 10
1 12
2 5
2 6
2 10
2 13
2 9
3 6
3 7
3 11
4 7
4 12
4 11
5 8
5 7
6 9
6 13
6 8
7 9

# Embedding (with cost 9.68178e-15)
(0.129096, -0.307889, -0.63781) (-0.0125964, -0.42251, -0.221699) (0.51789, -0.0472519, -0.592928) (-0.323607, -0.0542948, -0.620146) (-0.118904, -0.339327, -0.500002) (-0.279609, -0.0810432, 0.00944414) (0.0671664, 0.0480907, 0.294629) (0.510808, 0.42113, -0.341358) (0.328832, 0.44412, -0.585537) (-0.445907, 0.215442, -0.547244) (-0.209147, 0.556946, -0.266796) (0.257581, 0.404933, 0.0516649) (0.124754, 0.565468, -0.15075) (-0.328727, 0.479375, -0.516089) 
# Original Graph 424 in [400, 425)
14 vertices
0 1
0 2
0 3
1 4
1 5
1 6
2 7
2 8
3 8
3 7
3 5
3 9
4 9
4 10
4 11
5 12
5 10
5 6
6 7
7 8
9 10
10 12
10 13
11 13
11 12
12 13

# Unit Distance Graph
14 vertices
0 5
0 10
0 12
1 3
1 9
1 10
1 5
2 10
2 13
2 12
3 5
3 12
3 11
3 4
4 5
4 6
4 7
5 9
6 10
6 9
7 11
7 13
7 10
8 11
8 12
8 13

# Embedding (with cost 9.79241e-15)
(-0.405043, -0.523792, -0.3635) (-0.416672, -0.406987, -0.677763) (-0.460337, -0.450917, -0.084137) (0.0135709, -0.244338, 0.210176) (-0.184625, -0.248648, -0.769977) (-0.606133, 0.437987, -0.177639) (-0.728904, 0.145332, -0.029342) (-0.589014, -0.141276, 0.138285) (-0.337435, -0.337308, 0.155763) (0.25121, -0.0530023, -0.0230667) (0.233926, 0.2411, -0.281903) (-0.129721, 0.112025, -0.713119) (-0.265358, 0.46354, -0.438752) (0.0158282, 0.316638, -0.513237) 
