# Original Graph 0 in [0, 2)
8 140 1
0 2
0 3
0 4
0 5
1 5
1 6
1 2
2 7
2 3
3 7
4 7
4 6
5 6

# Unit Distance Graph 0
8 140 1
0 2
0 7
0 4
0 6
1 4
1 7
1 3
2 5
2 6
2 4
3 6
3 5
5 7

# Embedding 0 (with cost -6.18233457621734)
(0.226082134843118, -0.799740976033809, 0.0887602087083224) (0.194214937746013, 0.0159353164829045, -0.488869989262437) (-0.3446883135173, -0.135092567129239, -0.393384601396575) (-0.204000997527797, -0.646171318931548, 0.145983421944423) (0.0475576340389063, 0.0954543041812033, 0.497115989849426) (0.584377885044884, -0.0572182865477489, -0.031761014540703) (0.351032120700648, 0.178779922755405, 0.252724629048944) (-0.335374350524192, -0.0175096551129034, 0.358724633384643) 


# Original Graph 1 in [0, 2)
8 140 1
0 2
0 3
1 3
1 4
2 5
2 3
3 5
3 6
3 7
3 4
4 7
5 6
6 7

# Unit Distance Graph 1
8 140 3
0 7
0 6
1 3
1 6
1 5
2 3
2 4
2 7
3 5
3 6
3 7
3 4
4 5

# Embedding 1 (with cost -6.07606989057548)
(0.130652144974656, -0.678656837300691, 0.29891732064977) (-0.10960333616925, -0.0428616668128674, 0.472836542092142) (-0.0245743385368561, -0.930148395246786, 0.341450677023235) (-0.677596768323983, -0.4487142038867, -0.243171288498128) (-0.35160474704757, -0.0211941033847921, 0.60001064200928) (-0.335098813976719, -1.01656415175295, 0.505321574166371) (-0.780289681201079, -0.747089940933849, 0.705736555984277) (-0.673750496707032, -0.284267561240248, 0.743207200824608) 


