# Original Graph 450 in [450, 475)
14 vertices
0 1
0 2
0 3
0 4
1 5
1 2
2 5
2 3
3 6
4 6
4 7
4 8
4 9
5 9
5 6
6 7
7 10
7 11
7 12
8 12
8 13
8 10
9 10
10 13
11 13
11 12

# Unit Distance Graph
14 vertices
0 7
0 11
0 13
0 10
1 7
1 12
1 11
2 8
2 13
2 11
2 12
3 8
3 10
3 13
4 5
4 6
4 7
4 10
4 9
5 8
5 12
5 7
6 9
6 10
6 8
7 9

# Embedding (with cost 9.69741e-15)
(0.492311, 0.867756, 0.110887) (0.769234, 0.496035, 0.0204611) (0.592453, 0.603013, -0.172802) (0.336251, 0.560322, -0.284959) (0.192578, 0.865887, 0.573961) (0.832411, 0.241347, 0.126119) (0.106276, 0.396689, -0.304905) (-0.153009, 0.109429, 0.0186764) (0.0683297, 0.574806, 0.678373) (0.786384, 0.0899824, 0.360967) (0.541891, -0.0650808, 0.467759) (-0.0766066, 0.0836125, 0.358782) (-0.0890899, 0.327009, 0.50493) (0.22444, 0.00455722, 0.538827) 
# Original Graph 451 in [450, 475)
14 vertices
0 1
0 2
0 3
1 4
1 5
1 6
2 7
2 8
2 9
3 10
3 4
4 10
4 11
4 5
5 11
6 11
6 10
6 12
6 7
7 12
8 13
8 9
9 13
9 10
10 12
12 13

# Unit Distance Graph
14 vertices
0 6
0 12
0 10
1 9
1 10
1 12
1 13
2 4
2 11
2 6
2 10
3 6
3 7
3 12
4 8
4 13
4 12
4 7
5 8
5 9
5 13
6 10
6 9
7 10
8 11
9 11

# Embedding (with cost 6.24341e-15)
(0.450169, 0.416056, 0.436843) (0.0949297, 0.565102, 0.322576) (0.540646, 0.0577719, 0.526541) (0.383617, 0.354438, -0.204482) (0.122238, 0.385377, -0.320577) (-0.0944578, 0.486603, 0.0274838) (-0.4124, -0.0517846, 0.244228) (-0.127291, -0.21802, 0.436818) (0.515518, -0.232584, 0.360198) (0.539014, -0.286953, 0.0454646) (0.314349, -0.0402039, -0.442577) (-0.330053, 0.20758, 0.0580963) (-0.0651773, -0.418822, 0.243461) (0.263433, -0.418436, 0.257306) 
# Original Graph 452 in [450, 475)
14 vertices
0 1
0 2
0 3
0 4
1 5
1 6
1 2
2 6
2 7
2 3
3 7
3 4
4 7
4 6
4 8
5 8
5 9
5 10
6 11
6 12
8 12
9 13
9 10
10 11
11 13
12 13

# Unit Distance Graph
14 vertices
0 6
0 12
0 13
0 11
1 4
1 8
1 12
1 6
2 5
2 9
2 13
2 12
2 8
3 9
3 10
3 11
3 13
4 6
4 11
4 10
4 5
5 7
5 6
6 8
7 10
7 9

# WARNING: failed to find good embedding
# Embedding (with cost 7.02413e-05)
(-0.610648, -0.052268, 0.254704) (-0.5913, -0.263801, 0.0679438) (-0.0361074, 0.443519, -0.142239) (-0.257878, 0.302002, 0.543921) (0.0898804, 0.0963466, 0.704293) (-0.399029, -0.4696, 0.041889) (0.165305, 0.293884, -0.272787) (-0.0811426, 0.424933, 0.360475) (0.228081, -0.138093, 0.62723) (0.0600603, -0.526447, 0.0845904) (-0.150463, -0.461651, -0.0928392) (0.229556, 0.0186094, -0.282552) (0.345667, -0.290246, 0.41981) (0.310577, -0.436565, 0.180312) 
# Original Graph 453 in [450, 475)
14 vertices
0 1
0 2
0 3
1 4
1 5
2 6
2 3
3 4
4 7
5 8
5 9
5 10
5 6
6 10
6 7
7 8
8 11
9 11
9 12
9 13
9 10
10 13
10 11
11 13
11 12
12 13

# Unit Distance Graph
14 vertices
0 11
0 12
0 13
1 10
1 11
1 13
2 9
2 12
2 11
3 9
3 13
3 12
4 9
4 10
4 13
5 6
5 7
5 8
5 11
5 10
6 9
6 11
6 8
7 10
7 9
8 10

# Embedding (with cost 9.8882e-15)
(0.1392, -0.0776628, -0.102138) (0.333401, 0.082643, -0.230975) (-0.187263, -0.0695698, 0.246177) (0.0855989, -0.253531, 0.112816) (0.395725, -0.342107, 0.219763) (0.391931, 0.359213, -0.24067) (-0.298339, 0.10678, 0.437419) (0.517885, -0.298794, 0.501733) (0.668202, -0.078259, 0.615071) (0.503224, 0.651691, 0.19131) (-0.222119, 0.372181, 0.54849) (0.660759, 0.190918, 0.707701) (0.578905, 0.449565, 0.624973) (0.318697, 0.557919, 0.648739) 
# Original Graph 454 in [450, 475)
14 vertices
0 1
0 2
0 3
0 4
1 4
1 5
1 6
2 7
2 8
2 9
2 5
3 5
3 4
5 9
5 6
6 7
7 10
8 11
8 9
9 12
9 10
10 13
10 11
11 13
11 12
12 13

# Unit Distance Graph
14 vertices
0 9
0 10
0 13
0 12
1 8
1 9
1 12
1 11
2 5
2 6
2 7
2 10
2 9
3 10
3 11
3 13
4 11
4 12
4 13
5 8
5 11
5 10
5 7
6 9
6 8
7 9

# Embedding (with cost 9.48019e-15)
(-0.0494371, 0.21703, -0.233041) (0.40812, -0.0214123, 0.187841) (-0.274959, 0.0900531, -0.360331) (0.0447211, 0.319408, 0.294753) (0.211524, 0.231292, 0.0797935) (-0.0832913, 0.234002, 0.610515) (0.409932, -0.334958, 0.231521) (0.277015, -0.573889, 0.144154) (-0.502043, -0.235867, -0.166576) (-0.501659, -0.130703, 0.588286) (0.0190843, -0.676691, 0.210319) (-0.451131, -0.517438, 0.0627639) (-0.489505, -0.391394, 0.427384) (-0.26646, -0.62999, 0.252201) 
# Original Graph 455 in [450, 475)
14 vertices
0 1
0 2
0 3
1 4
1 5
1 2
2 5
2 6
2 7
3 7
3 8
4 9
4 10
4 11
4 5
5 11
5 12
5 8
5 6
6 7
8 13
9 13
9 10
10 11
11 12
12 13

# Unit Distance Graph
14 vertices
0 5
0 12
0 11
1 5
1 8
1 13
1 12
2 9
2 10
2 11
2 12
2 13
3 4
3 5
3 11
4 8
4 5
4 6
4 7
5 9
5 13
5 8
6 10
6 9
7 11
7 10

# Embedding (with cost 9.49424e-15)
(-0.424202, -0.861872, 0.0808164) (-0.516452, -0.327915, 0.251493) (-0.119764, -0.790984, 0.134867) (-0.46619, -1.00912, -0.327535) (-0.653784, -0.0915857, 0.023082) (0.218373, -0.286785, -0.425515) (0.0851487, -0.74105, -0.156291) (-0.20457, -0.965727, -0.161538) (-0.566597, -0.887891, -0.575497) (-0.778381, -0.350263, -0.475043) (-0.649829, -0.0882142, -0.339629) (-0.357829, -0.0240152, -0.461023) (-0.254369, -0.276822, -0.712198) (-0.678289, -0.647548, -0.682125) 
# Original Graph 456 in [450, 475)
14 vertices
0 1
0 2
0 3
1 4
1 5
1 2
2 6
2 7
2 3
3 7
3 8
4 9
4 10
4 11
4 5
5 12
5 13
5 8
5 6
6 7
8 9
9 13
9 10
10 11
11 12
12 13

# Unit Distance Graph
14 vertices
0 5
0 13
0 12
1 5
1 8
1 9
1 13
2 9
2 10
2 11
2 12
2 13
3 4
3 5
3 12
3 11
4 8
4 5
4 6
4 7
5 9
5 8
6 10
6 9
7 11
7 10

# Embedding (with cost 8.84862e-15)
(-0.625547, -0.156754, 0.297634) (-0.594051, 0.218125, 0.199105) (-0.699416, -0.391025, 0.107377) (-0.269085, -0.606738, 0.299859) (-0.336689, 0.381267, 0.16102) (-0.24925, -0.229417, -0.626012) (-0.454372, -0.412062, -0.436291) (-0.488356, -0.60199, 0.0600059) (0.0711603, -0.524759, 0.27405) (0.285369, -0.257521, 0.218614) (0.108653, 0.197896, 0.121342) (0.0455746, 0.205133, -0.191929) (0.0495428, 0.00828697, -0.421405) (0.204252, -0.171383, -0.260237) 
# Original Graph 457 in [450, 475)
14 vertices
0 1
0 2
0 3
1 4
1 5
1 6
2 7
2 8
2 3
3 9
3 4
4 9
4 6
4 5
5 6
6 10
6 7
7 11
8 12
8 13
9 13
9 11
9 10
10 11
11 12
12 13

# Unit Distance Graph
14 vertices
0 9
0 10
0 11
1 9
1 11
1 12
1 13
2 4
2 6
2 10
2 9
3 6
3 7
3 11
3 10
4 8
4 12
4 11
4 7
5 8
5 13
5 12
6 9
6 13
6 8
7 9

# Embedding (with cost 9.11004e-15)
(-0.385708, 0.0842954, 0.565076) (-0.154168, 0.24879, 0.678523) (-0.521276, -0.059913, 0.246883) (-0.0745634, -0.33869, 0.637248) (0.344402, -0.209329, 0.724665) (0.174811, 0.343592, 0.599708) (0.314601, 0.488816, 0.232544) (0.0765568, 0.393407, -0.0269784) (-0.28282, -0.260751, -0.0524755) (0.371723, -0.507891, 0.290099) (0.392259, 0.219793, -0.0484442) (0.220909, 0.0628348, -0.229629) (-0.0415484, -0.219591, -0.197797) (0.0754965, -0.455591, 0.0068818) 
# Original Graph 458 in [450, 475)
14 vertices
0 1
0 2
0 3
0 4
0 5
1 5
1 6
2 6
2 7
2 4
2 3
3 4
4 8
4 9
4 10
5 10
5 11
6 7
7 12
7 8
8 9
9 13
9 10
11 13
11 12
12 13

# Unit Distance Graph
14 vertices
0 7
0 8
0 9
0 13
0 12
1 4
1 9
1 8
2 5
2 11
2 13
2 9
2 10
3 11
3 12
3 13
4 6
4 7
4 12
4 11
4 5
5 8
5 7
6 10
6 9
7 10

# Embedding (with cost 9.41369e-15)
(0.34919, -0.553751, 0.642665) (0.0477629, -0.353862, 0.880262) (0.722711, -0.243881, 0.819061) (0.658447, -0.351337, 0.565441) (0.625216, 0.0155612, 0.1522) (-0.230791, -0.335297, 0.531873) (0.348556, 0.0600982, 1.11214) (0.282388, 0.368829, 1.02264) (0.423637, 0.394357, 0.333556) (0.223022, 0.308164, 0.15156) (-0.0665522, -0.113326, 0.219046) (-0.185307, 0.162939, 0.719061) (0.0373699, 0.365916, 0.881369) (-0.0356573, 0.36796, 0.594275) 
# Original Graph 459 in [450, 475)
14 vertices
0 1
0 2
0 3
0 4
1 4
1 5
1 6
1 2
2 6
2 7
2 5
3 5
3 4
5 8
5 6
6 9
7 10
7 8
8 11
9 11
9 12
9 10
10 12
10 13
11 13
12 13

# Unit Distance Graph
14 vertices
0 9
0 12
0 13
0 11
1 7
1 8
1 11
1 13
1 10
2 5
2 6
2 9
2 11
2 8
3 9
3 10
3 12
4 10
4 13
4 12
5 7
5 10
5 9
5 6
6 8
6 7

# Embedding (with cost 8.92359e-15)
(-0.187901, -0.663389, -0.670914) (-0.0396968, -0.220654, -0.612714) (-0.660514, -0.780591, -0.624804) (0.0777264, -0.711745, -0.207669) (0.0167383, -0.494992, -0.571376) (0.0432494, -0.734968, 0.0841636) (-0.275905, 0.103152, -0.35821) (-0.868068, -0.702031, -0.326222) (-0.205727, -0.679674, 0.26006) (-0.559024, 0.0475789, -0.0735932) (-0.891886, -0.472981, -0.154342) (-0.395393, -0.469991, 0.288015) (-0.731471, -0.163379, 0.00326799) (-0.641348, -0.372343, 0.171509) 
# Original Graph 460 in [450, 475)
14 vertices
0 1
0 2
0 3
0 4
1 5
1 2
2 6
2 7
2 8
2 9
2 3
3 9
3 10
4 10
4 5
5 10
5 6
6 11
7 11
7 12
7 8
8 12
9 12
9 13
11 13
12 13

# Unit Distance Graph
14 vertices
0 7
0 12
0 13
0 11
1 9
1 13
1 12
2 3
2 10
2 5
2 6
2 11
2 13
2 9
3 7
3 11
3 6
4 7
4 8
4 12
5 9
5 12
5 8
6 9
7 10
8 10

# Embedding (with cost 6.17469e-15)
(0.263442, 0.0120656, 0.351054) (0.579762, 0.0260324, 0.411914) (0.280682, -0.436025, 0.110681) (0.00285298, -0.171411, 1.03415) (0.494072, 0.141511, 0.772489) (0.848846, 0.02797, 0.790311) (0.973662, -0.245181, 0.80592) (0.660716, -0.840997, 0.68937) (0.405003, -0.800174, 0.447995) (0.0435736, -0.488942, 1.08072) (0.260244, 0.0211107, 0.999843) (0.921795, -0.53103, 0.872224) (0.369587, -0.847621, 0.850726) (0.316957, -0.667311, 1.08289) 
# Original Graph 461 in [450, 475)
14 vertices
0 1
0 2
0 3
0 4
1 4
1 5
1 6
2 6
2 7
3 7
3 6
3 8
4 8
4 9
4 10
4 5
5 11
5 12
6 7
8 12
9 12
9 11
9 13
10 13
10 11
11 13

# Unit Distance Graph
14 vertices
0 5
0 12
0 9
0 11
1 4
1 9
1 12
1 8
2 9
2 13
2 11
3 4
3 5
3 11
3 10
4 6
4 8
4 12
4 5
5 8
6 10
6 13
6 9
7 10
7 11
7 13

# Embedding (with cost 9.15286e-15)
(0.196519, 0.024973, -0.489995) (-0.183795, -0.425655, -0.131922) (0.253307, -0.20823, -0.299521) (0.462191, -0.0277557, 0.183636) (-0.0607749, 0.502229, -0.483913) (-0.536875, -0.0709607, 0.183007) (0.0980178, -0.41185, -0.110759) (0.345651, -0.254942, -0.0361382) (0.404219, 0.220045, 0.355225) (-0.121312, 0.441831, 0.361599) (-0.260667, 0.511378, -0.248579) (-0.508938, 0.210569, 0.194026) (0.153102, 0.29734, 0.471219) (-0.342633, 0.438733, 0.176183) 
# Original Graph 462 in [450, 475)
14 vertices
0 1
0 2
0 3
1 4
1 5
1 6
2 7
2 3
3 4
4 5
5 7
5 8
5 6
6 9
6 7
7 10
8 10
8 11
8 12
8 9
9 12
9 11
9 13
10 13
11 13
11 12

# Unit Distance Graph
14 vertices
0 8
0 12
0 11
1 8
1 11
1 13
1 10
2 8
2 9
2 12
3 9
3 11
3 12
4 9
4 13
4 11
5 6
5 7
5 10
5 13
5 9
6 8
6 10
6 7
7 9
7 8

# Embedding (with cost 7.86945e-15)
(-0.426721, 0.731292, -0.0298416) (-0.524314, 0.433041, -0.0795158) (-0.114944, 1.0072, -0.0581357) (-0.261338, 0.888674, 0.153006) (-0.195435, 0.5912, 0.474111) (0.00195287, 0.395061, 0.581676) (-0.343849, 0.15765, -0.3261) (0.138337, 1.0223, -0.185116) (0.325336, 0.242363, 0.412152) (-0.049342, 0.0553042, -0.357438) (0.373251, 0.847819, -0.22897) (0.456325, 0.306244, -0.228747) (0.378522, 0.138558, -0.0140437) (0.440334, 0.58086, -0.297699) 
# Original Graph 463 in [450, 475)
14 vertices
0 1
0 2
0 3
1 4
1 5
2 6
2 7
3 7
3 4
4 7
5 8
5 9
5 10
6 10
6 7
7 8
8 10
8 11
8 12
8 9
9 12
10 13
10 11
11 13
11 12
12 13

# Unit Distance Graph
14 vertices
0 8
0 12
0 11
1 8
1 11
1 10
2 8
2 9
2 12
3 11
3 12
3 13
4 10
4 11
4 13
5 6
5 7
5 8
5 10
6 9
6 8
7 10
7 13
7 12
7 9
8 10

# Embedding (with cost 9.97874e-15)
(0.165652, -0.00595738, -0.103721) (-0.289247, -0.0694992, -0.336933) (0.393786, 0.182962, -0.140166) (-0.0105733, 0.0935854, 0.128382) (-0.19353, -0.00955455, -0.0617418) (-0.426557, 0.0638602, -0.556964) (0.485551, 0.401821, -0.324925) (-0.0180713, 0.370991, 0.302577) (-0.324821, 0.851768, 0.0503671) (-0.480009, 0.38107, -0.584279) (0.418992, 0.597647, -0.567827) (-0.0675488, 0.897318, -0.463875) (-0.320883, 0.724963, -0.582301) (0.160608, 0.751966, -0.604579) 
# Original Graph 464 in [450, 475)
14 vertices
0 1
0 2
0 3
0 4
0 5
1 5
1 6
1 2
2 6
2 4
2 3
3 4
4 7
5 8
5 9
5 6
6 10
6 11
7 11
7 8
8 12
9 13
9 10
10 13
11 12
12 13

# Unit Distance Graph
14 vertices
0 6
0 11
0 12
0 13
0 10
1 7
1 8
1 12
1 11
2 5
2 9
2 13
2 12
2 8
3 9
3 10
3 13
4 5
4 6
4 10
4 9
5 7
5 11
5 6
6 8
6 7

# Embedding (with cost 8.83855e-15)
(0.0246471, -0.420728, 0.206681) (-0.196701, 0.0911828, 0.416121) (-0.348004, -0.184058, 0.149014) (-0.182072, -0.373415, 0.0162238) (-0.0973284, -0.321393, -0.337767) (0.622445, 0.0295943, 0.261177) (-0.22633, 0.545246, 0.144203) (0.0333967, -0.149123, -0.52691) (0.534371, 0.0408222, -0.264318) (0.483177, 0.369181, 0.0936517) (0.193987, 0.552514, 0.0513634) (0.0611037, 0.246186, -0.537561) (0.316644, 0.306389, -0.414639) (0.365166, 0.444528, -0.161258) 
# Original Graph 465 in [450, 475)
14 vertices
0 1
0 2
0 3
1 4
1 5
1 6
2 6
2 7
3 7
3 6
3 8
4 9
4 10
4 5
5 11
5 12
5 8
5 6
6 7
8 9
9 12
10 13
10 11
11 13
11 12
12 13

# Unit Distance Graph
14 vertices
0 5
0 12
0 11
1 5
1 8
1 9
1 12
2 11
2 12
2 13
3 4
3 5
3 11
3 10
4 8
4 5
4 6
5 9
5 8
6 10
6 13
6 12
6 9
7 10
7 11
7 13

# Embedding (with cost 9.25853e-15)
(-0.231489, -0.384406, -0.700292) (0.0473647, -0.326288, -0.707531) (-0.40174, -0.60271, -0.604516) (-0.676988, -0.410048, -0.203296) (0.257993, -0.177703, -0.4713) (0.0701015, -1.04765, -0.0153418) (-0.321957, -0.985873, -0.368738) (-0.590121, -0.624318, -0.393191) (-0.571104, -0.285881, 0.0772382) (-0.343219, -0.162487, 0.198346) (0.306133, -0.227254, -0.195533) (0.240096, -0.570578, 0.161652) (-0.0855136, -0.264, 0.281642) (0.186657, -0.293013, 0.142395) 
# Original Graph 466 in [450, 475)
14 vertices
0 1
0 2
0 3
0 4
1 4
1 5
1 6
2 7
2 3
3 7
3 8
3 5
4 5
6 9
6 7
7 10
7 11
7 8
8 12
8 13
8 9
9 13
10 13
10 12
10 11
11 12

# Unit Distance Graph
14 vertices
0 8
0 13
0 10
0 12
1 7
1 8
1 12
1 11
2 8
2 9
2 13
3 6
3 7
3 10
3 13
3 9
4 10
4 11
4 12
5 7
5 11
5 10
6 8
6 7
7 9
7 8

# Embedding (with cost 9.62213e-15)
(0.583404, 0.053177, -0.622068) (0.477827, -0.266905, -0.230391) (0.569779, -0.0419554, -1.00645) (-0.116077, 0.217537, -0.614008) (0.438841, -0.00297208, -0.345759) (0.123297, 0.133869, -0.401574) (0.419971, -0.550477, -0.26357) (0.478248, -0.299678, -1.22985) (-0.382058, -0.182193, -0.733799) (0.182849, -0.703401, -0.363974) (0.026572, -0.732572, -0.891395) (0.14849, -0.549325, -1.13138) (-0.169609, -0.517142, -0.950257) (0.0204019, -0.773031, -0.601835) 
# Original Graph 467 in [450, 475)
14 vertices
0 1
0 2
0 3
0 4
1 4
1 3
1 5
2 6
2 7
3 7
3 4
5 8
5 6
6 9
6 10
6 11
6 7
7 11
8 11
8 9
9 11
9 12
10 12
10 13
11 13
12 13

# Unit Distance Graph
14 vertices
0 9
0 12
0 13
0 11
1 6
1 11
1 13
1 10
2 8
2 9
2 11
3 6
3 10
3 12
3 9
4 10
4 13
4 12
5 6
5 7
5 11
6 8
6 11
6 7
7 9
7 8

# Embedding (with cost 9.98025e-15)
(-0.038178, 0.509502, 0.00600244) (-0.31615, 0.422632, 0.40672) (-0.0332781, 0.322315, -0.287346) (0.329809, 0.220551, 0.348773) (-0.0508834, 0.490016, 0.300497) (-0.509959, 0.214109, 0.447669) (-0.188704, -0.0639008, -0.457596) (0.447249, -0.0424889, 0.313835) (-0.538477, -0.0741805, 0.479182) (-0.515573, -0.312617, 0.316188) (-0.246425, -0.298641, -0.282412) (0.303614, -0.360801, 0.360617) (-0.382616, -0.426591, 0.0773708) (-0.0503475, -0.487081, 0.0877035) 
# Original Graph 468 in [450, 475)
14 vertices
0 1
0 2
0 3
0 4
0 5
1 5
1 4
1 6
1 7
2 7
2 3
3 7
3 8
3 4
4 5
6 8
6 9
7 10
7 11
8 12
8 9
9 10
10 13
11 13
11 12
12 13

# Unit Distance Graph
14 vertices
0 8
0 9
0 10
0 13
0 12
1 3
1 8
1 12
1 11
1 7
2 6
2 9
2 8
3 7
3 10
3 9
3 6
4 7
4 11
4 13
4 10
5 11
5 12
5 13
6 7
7 8

# Embedding (with cost 9.24358e-15)
(0.0232585, -0.765272, 0.365392) (-0.334258, -0.382394, 0.719771) (-0.108475, -0.573288, -0.152767) (0.565077, -0.269479, 0.297342) (0.202836, -0.596927, 0.576106) (-0.106032, -0.589856, 0.647759) (-0.336248, -0.0809302, 0.687295) (-0.251653, -0.33661, -0.275759) (0.394244, 0.161267, 0.302977) (-0.313994, 0.168425, 0.485687) (-0.335559, 0.151155, 0.18816) (-0.130563, -0.0771761, -0.210471) (0.194395, 0.178546, 0.0826908) (-0.0825297, 0.148966, -0.0257318) 
# Original Graph 469 in [450, 475)
14 vertices
0 1
0 2
0 3
0 4
1 4
1 5
1 2
2 3
3 6
4 6
4 7
4 8
4 9
4 10
4 11
4 12
4 5
5 12
6 7
7 8
8 13
9 13
9 10
10 11
11 13
11 12

# Unit Distance Graph
14 vertices
0 9
0 10
0 11
0 13
1 4
1 9
1 13
1 8
2 4
2 10
2 9
3 4
3 11
3 10
4 6
4 7
4 8
4 13
4 11
4 12
4 5
5 8
5 7
6 12
6 11
7 12

# WARNING: failed to find good embedding
# Embedding (with cost 0.0135369)
(-0.58761, 0.587344, -0.183717) (-0.825149, 0.463411, -0.093076) (-0.558195, 0.406819, 0.0320261) (-0.304453, 0.482129, -0.067688) (-0.507794, 0.0451608, -0.929336) (-0.974834, 0.224837, -0.0670534) (-0.0761685, 0.315161, -0.0705218) (0.0133294, 0.0469143, -0.0763273) (-0.0838684, -0.218372, -0.0630637) (-0.436073, -0.178661, -0.771983) (-0.579589, -0.33919, -0.588588) (-0.790466, -0.387604, -0.0735987) (-0.970321, -0.132493, -0.0607104) (-0.315368, -0.380017, -0.046369) 
# Original Graph 470 in [450, 475)
14 vertices
0 1
0 2
0 3
1 4
1 5
1 6
1 2
2 6
2 3
3 7
4 8
4 5
5 8
5 9
5 10
5 11
5 7
5 6
7 11
8 12
8 13
8 9
9 10
10 13
11 12
12 13

# Unit Distance Graph
14 vertices
0 5
0 10
0 9
1 5
1 11
1 12
1 13
1 10
2 8
2 9
2 10
2 13
3 5
3 9
3 8
4 5
4 7
4 11
5 8
5 12
5 11
5 7
6 8
6 13
6 12
7 8

# WARNING: failed to find good embedding
# Embedding (with cost 2.8359e-05)
(0.650847, 0.464191, -0.257873) (0.749158, 0.357233, -0.00860188) (0.461414, 0.618083, -0.400814) (0.331787, 0.463153, -0.598787) (0.720775, 0.0975315, 0.0997943) (-0.219048, 0.41179, 0.233865) (0.334319, 0.694674, -0.160022) (0.136909, 0.280227, -0.691313) (0.496566, -0.266031, 0.0652359) (-0.176079, 0.134533, 0.198055) (-0.160817, -0.0597945, -0.00689371) (0.0551269, 0.0140486, -0.641709) (0.082332, -0.217952, -0.482224) (-0.0263653, -0.235863, -0.221717) 
# Original Graph 471 in [450, 475)
14 vertices
0 1
0 2
0 3
0 4
1 5
1 2
2 5
2 6
2 7
2 3
3 4
4 8
5 6
6 8
6 9
6 10
6 7
7 10
7 11
7 12
7 13
8 13
9 11
9 10
11 12
12 13

# Unit Distance Graph
14 vertices
0 7
0 11
0 9
0 10
1 7
1 12
1 11
2 6
2 9
2 11
2 12
2 13
2 8
3 6
3 10
3 9
4 6
4 7
4 10
5 7
5 13
5 12
6 8
6 13
6 7
7 8

# WARNING: failed to find good embedding
# Embedding (with cost 3.34743e-05)
(0.32298, 0.497527, 0.645716) (0.153188, 0.0327049, 0.635196) (0.677762, 0.103305, 0.388736) (0.53892, 0.365651, 0.519309) (0.167015, 0.701331, 0.526809) (-0.0748142, -0.136686, 0.48056) (-0.281181, -0.159725, 0.288513) (0.426611, 0.217512, -0.308778) (-0.0326676, 0.806475, 0.356306) (-0.165134, 0.136276, -0.15005) (-0.208582, -0.0799358, 0.0270503) (-0.00182317, 0.374891, -0.291562) (0.0245991, 0.624267, -0.160744) (0.00532351, 0.775022, 0.0777963) 
# Original Graph 472 in [450, 475)
14 vertices
0 1
0 2
0 3
1 3
1 4
2 5
2 3
3 6
4 7
4 8
5 9
5 10
5 6
6 10
6 9
6 11
6 12
6 13
6 7
7 8
8 13
9 13
9 11
9 10
11 12
12 13

# Unit Distance Graph
14 vertices
0 6
0 12
0 11
1 6
1 11
1 9
2 6
2 13
2 12
3 9
3 11
3 12
3 13
4 6
4 9
4 10
5 6
5 7
5 8
5 13
6 9
6 13
6 8
7 10
7 9
8 10

# WARNING: failed to find good embedding
# Embedding (with cost 0.0330784)
(-0.281026, -0.0892525, -0.251307) (0.00740814, -0.367836, 0.036498) (-0.346329, 0.171849, -0.338265) (-0.480838, -0.0349967, -0.0586119) (-0.256814, -0.269189, 0.0578449) (-0.171787, 0.365788, -0.447455) (-0.0167391, 0.529089, 0.526313) (0.00579883, 0.247159, 0.529037) (0.277502, -0.332206, 0.112523) (0.360006, 0.421072, -0.389358) (0.087845, 0.477836, -0.441383) (0.203003, 0.539554, 0.348538) (0.368835, 0.310804, 0.361684) (0.505377, -0.177185, 0.0489494) 
# Original Graph 473 in [450, 475)
14 vertices
0 1
0 2
0 3
1 3
1 4
2 5
2 6
2 3
3 6
4 7
4 8
5 9
5 10
6 10
6 9
6 11
6 12
6 8
6 7
7 8
8 13
9 13
9 11
9 10
11 12
12 13

# Unit Distance Graph
14 vertices
0 6
0 12
0 11
1 6
1 11
1 9
2 6
2 8
2 13
2 12
3 9
3 11
3 12
3 13
4 6
4 9
4 10
5 6
5 7
5 8
6 9
6 13
6 8
7 10
7 9
8 10

# Embedding (with cost 9.97858e-15)
(0.155679, -0.303483, 0.0857827) (0.355414, -0.187612, 0.377278) (0.0916975, -0.26891, -0.187551) (0.0505099, -0.160968, 0.306302) (0.569338, -0.00842379, 0.423407) (0.196334, -0.12831, -0.409548) (-0.11228, 0.659192, 0.12393) (0.544096, 0.27292, 0.437846) (0.788563, 0.260654, 0.296123) (0.441251, 0.172303, -0.55175) (0.169057, 0.144209, -0.480185) (0.401192, 0.619056, -0.211951) (0.634843, 0.561486, -0.0633135) (0.83698, 0.372397, -0.00512542) 
# Original Graph 474 in [450, 475)
14 vertices
0 1
0 2
0 3
1 4
1 5
1 2
2 5
2 3
3 6
3 7
4 8
4 9
4 5
5 9
5 10
5 11
5 12
5 6
6 7
7 12
8 13
8 10
8 9
10 11
11 13
12 13

# Unit Distance Graph
14 vertices
0 5
0 11
0 10
1 5
1 12
1 13
1 11
2 8
2 10
2 11
2 13
3 5
3 10
3 8
3 9
4 5
4 6
4 7
4 12
5 8
5 13
5 12
5 7
6 9
6 8
7 9

# Embedding (with cost 9.93433e-15)
(0.427403, 0.543518, 0.494895) (0.077244, 0.148565, 0.549217) (0.530316, 0.299896, 0.394609) (0.486499, 0.763301, 0.326957) (-0.168433, 0.115465, 0.413029) (0.44081, 0.0551846, -0.377659) (0.560697, 0.67673, 0.021428) (0.3585, 0.915331, 0.125703) (-0.399773, 0.399026, 0.0409021) (-0.275611, 0.142301, 0.143798) (-0.265095, 0.375611, -0.206714) (-0.0806728, 0.519116, -0.366072) (0.137279, 0.948907, -0.0473124) (-0.113201, 0.851781, -0.135778) 
