# Original Graph 50 in [50, 75)
14 vertices
0 1
0 2
0 3
0 4
0 5
0 6
1 7
1 2
2 7
2 8
3 9
3 10
4 10
4 11
4 5
5 11
5 12
5 6
6 9
6 7
7 8
8 9
10 12
10 13
11 13
12 13

# Unit Distance Graph
14 vertices
0 3
0 10
0 12
0 5
0 6
0 9
1 10
1 13
1 12
2 5
2 12
2 13
2 11
3 6
3 5
4 6
4 7
4 8
4 9
5 9
5 8
6 10
7 11
7 13
7 10
8 11

# Embedding (with cost 9.21675e-15)
(0.382855, 0.644219, -0.0140584) (0.579445, 0.695961, 0.249732) (0.630028, 0.652763, 0.56611) (0.150573, 0.0908208, 0.785814) (0.165439, 0.192687, -0.0693543) (0.847974, -0.22691, 0.143412) (1.04878, -0.00329549, 0.356436) (0.883163, 0.485346, 0.562487) (0.560449, 0.46177, 0.809031) (0.39731, 0.243573, 0.90206) (0.0776096, -0.107116, 0.571023) (0.28426, -0.134089, 0.0549287) (0.504373, -0.300368, 0.290881) (0.222743, -0.233381, 0.345054) 
# Original Graph 51 in [50, 75)
14 vertices
0 1
0 2
0 3
0 4
0 5
1 6
1 7
1 2
2 7
2 8
2 9
2 10
2 3
3 11
3 4
4 12
4 5
5 12
6 10
6 13
7 13
7 8
8 9
9 13
10 11
11 12

# Unit Distance Graph
14 vertices
0 2
0 10
0 6
0 13
0 9
1 2
1 3
1 11
1 10
2 6
2 10
2 11
2 12
2 5
3 7
3 13
3 6
4 7
4 8
4 9
4 13
5 9
5 8
7 12
7 11
8 12

# WARNING: failed to find good embedding
# Embedding (with cost 0.0085744)
(-0.111702, -0.275115, -0.0680967) (0.218646, -0.216763, -0.593676) (0.825161, -0.447731, 0.165434) (0.087676, -0.182677, 0.398203) (-0.0944969, -0.148984, 0.18448) (-0.0684949, 0.00394543, -0.052029) (0.567931, 0.435125, -0.227837) (0.726972, -0.323801, -0.35797) (0.84821, -0.355249, -0.104371) (0.89005, -0.177708, 0.111797) (0.517092, 0.495331, 0.0438071) (0.298808, 0.393318, 0.191948) (0.0772588, 0.215972, 0.177305) (0.740658, 0.211725, -0.243895) 
# Original Graph 52 in [50, 75)
14 vertices
0 1
0 2
0 3
0 4
0 5
1 6
1 4
1 7
2 8
2 9
2 3
3 10
3 7
3 4
4 11
5 11
5 6
6 11
7 8
8 12
9 12
9 13
9 10
10 13
10 12
12 13

# Unit Distance Graph
14 vertices
0 3
0 7
0 8
0 12
0 10
1 2
1 3
1 10
1 9
2 7
2 3
2 4
3 8
3 7
4 9
4 12
4 8
5 10
5 12
5 13
6 9
6 10
6 13
9 11
11 13
11 12

# Embedding (with cost 5.43612e-15)
(0.259143, 0.325865, -0.233197) (-0.572607, 0.288147, -0.450727) (0.400059, 0.339649, -0.677154) (-0.0495885, -0.55047, -0.602956) (-0.197399, -0.321519, -0.22339) (-0.135531, 0.217234, -0.109245) (-0.402855, 0.21601, -0.21369) (-0.59512, 0.274531, -0.750498) (-0.413629, 0.304363, -0.972734) (0.30573, 0.191456, -0.918889) (0.0180389, -0.389048, -0.889526) (-0.25406, -0.0570333, -0.12839) (-0.198119, 0.150379, -1.10504) (0.0849232, 0.0253023, -1.06557) 
# Original Graph 53 in [50, 75)
14 vertices
0 1
0 2
0 3
0 4
0 5
0 6
0 7
1 7
1 8
1 3
1 2
2 3
3 8
4 8
4 9
5 9
5 10
6 10
6 11
6 7
7 8
9 12
10 13
11 13
11 12
12 13

# Unit Distance Graph
14 vertices
0 4
0 9
0 12
0 11
0 6
0 7
0 8
1 5
1 10
1 13
1 12
1 9
2 11
2 12
2 13
3 6
3 11
3 13
3 10
4 7
4 6
5 8
5 7
6 8
7 9
8 10

# Embedding (with cost 9.99135e-15)
(-0.513614, -0.535738, -0.219045) (-0.0462286, -0.0992848, 0.169889) (-0.103145, -0.371918, 0.0442956) (0.153831, -0.295273, -0.0456428) (0.282925, -0.088023, -0.625342) (-0.54451, -0.291609, -0.675526) (-0.464662, 0.46246, -0.253749) (-0.320359, 0.42366, -0.0136003) (0.370523, -0.0820799, -0.330836) (0.09036, -0.00828851, -0.816551) (-0.5632, -0.00944524, -0.681387) (-0.376915, 0.408924, -0.517253) (-0.11451, 0.184405, -0.786593) (-0.387679, 0.209725, -0.717762) 
# Original Graph 54 in [50, 75)
14 vertices
0 1
0 2
0 3
0 4
0 5
1 6
1 7
2 7
2 8
2 9
3 9
3 10
4 11
4 5
5 12
6 12
6 10
6 7
7 13
7 8
8 13
8 9
9 13
9 10
10 11
11 12

# Unit Distance Graph
14 vertices
0 6
0 7
0 13
0 9
0 10
1 3
1 10
1 9
2 6
2 10
2 11
2 12
3 7
3 6
4 7
4 8
4 13
5 8
5 9
5 13
6 9
7 11
7 10
8 12
8 11
9 12

# Embedding (with cost 9.64783e-15)
(0.784744, 0.203341, 0.778662) (0.754782, -0.290425, 0.210863) (0.953666, 0.328347, 0.468232) (0.284038, 0.591108, 0.246916) (0.229224, 0.120733, 0.650023) (0.488359, 0.00882476, 0.756046) (0.37342, -0.392237, 0.0886623) (0.757841, -0.20244, -0.134913) (0.815922, 0.332595, -0.131578) (0.374882, 0.599031, -0.0431911) (-0.00499457, 0.359258, 0.185364) (-0.0260164, 0.150147, 0.376214) (0.204206, -0.316903, 0.320036) (0.735002, 0.0698405, -0.211138) 
# Original Graph 55 in [50, 75)
14 vertices
0 1
0 2
0 3
0 4
1 5
1 6
2 6
2 7
2 8
3 8
3 9
4 10
4 11
5 12
5 9
5 6
6 8
6 13
7 13
7 8
8 13
8 9
9 10
10 12
10 11
11 12

# Unit Distance Graph
14 vertices
0 5
0 6
0 8
0 9
1 3
1 9
1 8
2 5
2 9
2 10
2 12
3 6
3 5
4 6
4 13
4 8
5 8
6 10
6 9
7 10
7 11
7 12
8 12
8 11
10 13
11 13

# Embedding (with cost 9.33768e-15)
(-0.203348, -0.256398, 0.0728921) (0.416482, 0.15653, 0.343275) (-0.324565, 0.112268, 0.275304) (-0.19144, 0.372995, -0.420645) (0.0496436, -0.280206, -0.133691) (0.649753, 0.264096, 0.109012) (0.353454, 0.503832, 0.407589) (-0.231826, 0.517845, 0.196327) (-0.177385, 0.685008, -0.263383) (0.10668, 0.452929, -0.560146) (0.33048, 0.037161, -0.476544) (0.320966, -0.181937, -0.256139) (0.581293, 0.0447862, -0.142867) (0.105628, 0.615317, 0.307788) 
# Original Graph 56 in [50, 75)
14 vertices
0 1
0 2
0 3
0 4
0 5
0 6
1 6
1 7
1 2
2 8
2 9
3 9
3 10
4 10
4 11
4 12
4 5
5 12
6 11
6 10
7 9
7 13
8 13
8 9
9 13
11 12

# Unit Distance Graph
14 vertices
0 1
0 7
0 9
0 3
0 10
0 6
1 4
1 10
1 3
2 4
2 11
2 6
2 10
3 6
4 8
4 13
4 7
5 7
5 13
5 9
6 9
8 12
8 11
9 11
9 12
12 13

# Embedding (with cost 7.69117e-15)
(0.329425, -0.429428, -0.876105) (-0.297442, 0.167421, -0.375296) (0.483705, -0.00980187, -0.744302) (0.508831, -0.207452, 0.0823001) (0.135038, -0.691524, -0.101117) (0.187063, -0.599128, -0.69026) (-0.407812, -0.0813941, -0.297008) (-0.0167952, 0.283067, -0.265792) (0.485821, 0.197292, -0.396) (0.545882, 0.0647471, -0.0341208) (0.290855, -0.469978, 0.122328) (-0.307523, -0.398815, -0.272468) (-0.0581938, -0.641755, -0.40283) (0.26574, 0.29016, -0.23973) 
# Original Graph 57 in [50, 75)
14 vertices
0 1
0 2
0 3
0 4
0 5
0 6
1 6
1 2
2 6
2 7
3 7
3 8
4 8
4 9
4 10
5 10
5 11
6 11
7 11
7 8
8 12
9 12
9 13
10 13
10 11
12 13

# Unit Distance Graph
14 vertices
0 7
0 8
0 12
0 13
0 10
0 11
1 9
1 13
1 12
2 4
2 10
2 13
2 9
3 5
3 11
3 10
4 7
4 11
4 6
5 8
5 7
6 9
6 12
6 8
7 10
8 11

# Embedding (with cost 9.811e-15)
(0.0275118, 0.674389, -0.0403349) (0.247932, 0.205153, -0.246823) (0.159721, 0.107598, -0.546263) (-0.280364, 0.311325, -0.723705) (-0.538038, 0.612684, -0.0383044) (-0.235392, -0.0558492, 0.20536) (0.161748, -0.100472, -0.0796334) (-0.193013, 0.0483485, -0.788294) (-0.555647, 0.207006, -0.704774) (-0.742899, 0.316068, -0.169676) (-0.530805, -0.13659, 0.134579) (-0.151437, -0.305018, 0.0531474) (-0.731689, 0.163246, -0.443258) (-0.717727, 0.0085958, -0.0769194) 
# Original Graph 58 in [50, 75)
14 vertices
0 1
0 2
0 3
0 4
0 5
1 6
1 7
2 7
2 8
2 9
2 3
3 9
4 8
4 10
5 10
5 11
6 11
6 12
6 13
6 7
7 8
8 10
8 9
10 13
11 12
12 13

# Unit Distance Graph
14 vertices
0 6
0 7
0 8
0 10
0 13
1 4
1 10
1 8
2 5
2 11
2 12
2 13
2 10
3 6
3 13
3 12
4 7
4 6
5 8
5 7
6 8
6 9
7 10
8 11
9 12
9 11

# Embedding (with cost 9.92144e-15)
(0.166527, 0.65358, -0.0850229) (0.0683414, 0.224731, -0.694074) (-0.506781, 0.249569, -0.349259) (-0.318542, 0.46697, -0.134139) (-0.066886, -0.0299831, 0.263441) (0.456764, 0.366927, -0.108827) (0.253908, -0.148133, -0.67631) (-0.243981, -0.000553027, -0.720313) (-0.35003, -0.177723, 0.120172) (-0.47922, 0.141388, -0.0609229) (0.153235, -0.320742, 0.139744) (0.48781, 0.151383, -0.31539) (0.400484, -0.164042, -0.425386) (0.272834, -0.339423, -0.136445) 
# Original Graph 59 in [50, 75)
14 vertices
0 1
0 2
0 3
0 4
0 5
0 6
0 7
1 8
1 9
1 2
2 10
3 11
3 4
4 11
4 12
5 12
5 6
6 9
6 13
6 7
7 8
8 13
9 13
10 12
10 11
11 12

# Unit Distance Graph
14 vertices
0 1
0 2
0 10
0 12
0 5
0 6
0 9
1 5
1 12
1 4
2 6
2 5
3 6
3 13
3 9
4 9
4 13
4 8
6 11
6 10
7 10
7 11
7 12
8 12
8 11
11 13

# Embedding (with cost 9.85229e-15)
(-0.657782, 0.0863045, 0.0720467) (-0.164652, -0.137143, -0.768723) (0.017232, 0.0646682, -0.665441) (-0.184068, 0.202071, 0.129596) (0.0752603, 0.086065, 0.176062) (0.0804616, -0.588003, 0.0895569) (-0.170759, -0.762122, -0.135273) (-0.699914, -0.195536, -0.156156) (-0.537786, -0.334894, -0.492495) (-0.185807, -0.459392, -0.620381) (0.213152, 0.116768, -0.418408) (0.235702, 0.150135, -0.0844934) (0.252229, -0.325438, 0.120521) (-0.297651, -0.627814, -0.416656) 
# Original Graph 60 in [50, 75)
14 vertices
0 1
0 2
0 3
0 4
1 5
1 3
1 6
1 7
2 7
2 8
3 9
3 6
3 10
4 11
4 12
5 12
5 11
5 13
5 10
6 9
7 8
8 9
10 13
10 11
11 13
11 12

# Unit Distance Graph
14 vertices
0 1
0 3
0 10
0 5
1 4
1 11
1 10
1 3
2 5
2 10
2 13
3 5
3 12
3 4
4 6
5 9
5 8
6 12
6 11
7 10
7 11
7 13
8 13
8 11
9 11
9 12

# Embedding (with cost 8.29448e-15)
(0.127166, 0.200044, 0.440846) (-0.613647, 0.209388, -0.2308) (0.0151899, 0.496479, 0.365625) (-0.811748, 0.3795, 0.734507) (0.0426524, -0.0682125, 0.470776) (-0.638896, -0.0596227, -0.147135) (-0.731967, 0.555924, 0.368705) (-0.250696, 0.524454, 0.0396807) (-0.28294, 0.662406, 0.446135) (-0.541319, 0.641293, 0.559402) (-0.821148, 0.0968867, 0.740944) (-0.309571, -0.331464, 0.55343) (-0.137966, -0.248179, 0.344587) (-0.58662, -0.287757, 0.516617) 
# Original Graph 61 in [50, 75)
14 vertices
0 1
0 2
0 3
0 4
0 5
1 6
1 2
2 7
3 7
3 8
3 9
3 10
3 11
4 11
4 5
5 12
6 13
6 9
6 8
7 8
8 9
10 13
10 11
11 13
11 12
12 13

# Unit Distance Graph
14 vertices
0 3
0 10
0 13
0 6
0 9
1 3
1 11
1 10
2 10
2 11
2 13
3 6
3 13
3 12
3 5
4 6
4 8
4 9
5 9
5 8
6 11
7 11
7 12
7 13
8 12
8 11

# Embedding (with cost 9.3169e-15)
(-0.535081, 0.299982, 0.241596) (-0.42306, -0.0202606, -0.00156991) (-0.538445, 0.202943, -0.171994) (0.0692995, 0.742438, -0.420943) (-0.273469, 0.460201, 0.402603) (-0.082187, 0.254326, 0.438591) (0.238991, -0.203012, -0.142862) (-0.39945, 0.28817, -0.413451) (-0.117811, 0.241489, -0.560691) (0.0859701, 0.436147, -0.530256) (0.383882, 0.568613, -0.0470974) (0.206161, 0.711498, 0.260365) (0.183894, 0.168521, 0.389913) (0.390705, -0.0496989, 0.0979196) 
# Original Graph 62 in [50, 75)
14 vertices
0 1
0 2
0 3
0 4
0 5
1 6
1 7
2 7
2 8
2 3
3 8
3 9
3 10
3 11
4 11
4 10
4 12
4 5
5 12
6 13
6 9
6 7
8 9
10 13
10 11
12 13

# Unit Distance Graph
14 vertices
0 3
0 10
0 13
0 6
0 9
1 3
1 11
1 10
2 4
2 12
2 13
2 10
3 6
3 13
3 12
3 5
4 8
4 9
4 6
4 7
5 9
5 8
6 11
7 10
7 11
8 12

# Embedding (with cost 9.63626e-15)
(-0.0994127, 0.0172199, 0.395729) (-0.350577, -0.0964185, -0.0294767) (-0.125131, -0.656866, 0.040935) (0.453235, -0.691139, -0.0433708) (0.379436, 0.18872, 0.21528) (0.0954107, 0.193675, 0.255069) (-0.128952, -0.0960629, -0.597395) (-0.342043, -0.360077, -0.206963) (0.172848, -0.733848, -0.110587) (0.14076, -0.595983, -0.3568) (0.611361, -0.0736719, -0.301796) (0.628333, -0.293252, 0.0252091) (0.191871, 0.262718, -0.191175) (0.125495, 0.0891831, -0.575991) 
# Original Graph 63 in [50, 75)
14 vertices
0 1
0 2
0 3
0 4
0 5
0 6
1 7
1 8
1 2
2 9
2 10
3 10
3 11
4 11
4 9
5 9
5 12
6 12
6 7
7 13
7 8
8 13
8 12
9 10
10 11
12 13

# Unit Distance Graph
14 vertices
0 1
0 2
0 9
0 5
0 12
0 8
1 5
1 9
1 4
2 6
2 12
2 5
3 8
3 12
3 13
4 8
4 7
6 10
6 9
7 9
7 10
7 11
8 11
10 13
10 12
11 13

# Embedding (with cost 7.10191e-15)
(-0.0659203, -0.46118, -0.63043) (0.0815571, 0.354531, -0.0710857) (0.363759, 0.256866, -0.0829026) (0.374389, -0.307882, -0.549817) (0.491537, 0.0272106, -0.922425) (0.213011, 0.396943, -1.0615) (-0.282928, -0.257294, -0.646316) (-0.359036, 0.232144, -0.438145) (-0.19323, 0.493854, -0.362659) (0.47189, 0.301259, -0.990217) (0.6255, 0.0663155, -0.381675) (0.564625, -0.107706, -0.615205) (-0.0839738, 0.487258, -0.946879) (-0.25583, 0.463569, -0.637502) 
# Original Graph 64 in [50, 75)
14 vertices
0 1
0 2
0 3
0 4
0 5
0 6
1 7
1 8
1 9
2 10
2 3
3 10
3 4
4 11
5 11
5 12
5 13
5 6
6 7
7 13
7 8
8 12
9 11
9 10
10 11
12 13

# Unit Distance Graph
14 vertices
0 1
0 9
0 11
0 5
0 12
0 8
1 5
1 11
1 4
2 5
2 13
2 12
3 7
3 8
3 12
3 13
4 8
4 7
5 10
5 9
6 9
6 10
6 11
7 11
7 10
10 13

# Embedding (with cost 9.98447e-15)
(-0.0332722, -0.7136, -0.522756) (-0.631938, 0.00624073, -0.171431) (-0.275881, -0.298379, -0.757986) (-0.0519203, -0.47065, -0.745144) (0.170254, -0.308572, -0.678759) (0.360831, 0.101901, -0.098915) (-0.0458249, -0.705673, -0.240303) (-0.275077, -0.311757, 0.216602) (-0.449139, -0.00255228, 0.044224) (-0.583056, 0.116414, -0.428865) (-0.453446, 0.095003, -0.679351) (0.321631, 0.212022, -0.391343) (0.138394, 0.0700435, 0.074265) (-0.0220171, -0.129543, 0.194405) 
# Original Graph 65 in [50, 75)
14 vertices
0 1
0 2
0 3
0 4
0 5
0 6
0 7
1 7
1 8
2 8
2 9
2 10
3 10
3 11
3 4
4 5
5 6
6 11
7 11
7 12
8 12
8 13
8 9
9 13
10 11
12 13

# Unit Distance Graph
14 vertices
0 2
0 10
0 11
0 7
0 12
0 13
0 9
1 3
1 11
1 10
2 7
2 11
2 6
3 8
3 12
3 7
4 8
4 13
4 12
5 8
5 9
5 13
6 9
6 8
7 10
8 11

# Embedding (with cost 7.50165e-15)
(0.73365, 0.0636937, 0.246487) (0.352922, -0.331625, -0.00500075) (-0.252037, 0.217182, 0.176751) (0.0968178, 0.468291, 0.537721) (0.397703, 0.372061, 0.552399) (0.555318, 0.148143, 0.658579) (0.388426, -0.106135, 0.873367) (0.10078, -0.503503, 0.773519) (0.0270595, -0.355307, -0.0251469) (-0.247132, -0.067715, 0.102271) (-0.196384, 0.385217, 0.42442) (0.123826, -0.26791, 0.966316) (-0.0491004, -0.518442, 0.466534) (-0.161587, -0.379795, 0.203244) 
# Original Graph 66 in [50, 75)
14 vertices
0 1
0 2
0 3
0 4
0 5
1 5
1 6
1 3
1 7
2 8
2 9
3 10
3 6
3 11
4 11
4 5
5 11
6 11
7 12
7 13
7 8
8 9
9 13
9 10
10 12
12 13

# Unit Distance Graph
14 vertices
0 1
0 7
0 12
0 10
0 3
1 3
1 10
1 9
1 2
2 3
2 6
3 8
3 7
4 7
4 13
4 12
5 9
5 10
5 12
5 13
6 9
6 8
7 11
8 11
9 11
11 13

# Embedding (with cost 9.41072e-15)
(-0.56082, -0.763572, -0.0827072) (0.295298, -0.429908, -0.477332) (-0.593836, -0.48897, -0.0235137) (0.244985, -0.646139, 0.497713) (-0.211375, -1.02289, -0.0277617) (-0.0481682, -0.991835, -0.256671) (0.335367, -0.818363, 0.144065) (0.193793, -0.181999, -0.386569) (-0.423561, -0.219349, -0.1113) (-0.423168, -0.167123, 0.166679) (0.147504, -0.380932, 0.510473) (0.124585, -1.00367, 0.179177) (0.153801, -0.115645, 0.180936) (-0.0718863, -0.0344138, 0.031047) 
# Original Graph 67 in [50, 75)
14 vertices
0 1
0 2
0 3
0 4
0 5
1 6
1 7
1 8
2 9
2 3
3 9
3 10
4 10
4 7
4 11
4 12
5 12
5 6
6 12
6 11
7 11
8 10
8 13
8 9
9 13
10 13

# Unit Distance Graph
14 vertices
0 1
0 8
0 10
0 4
0 7
1 4
1 10
1 3
2 4
2 11
2 7
3 7
3 11
3 6
4 9
4 8
5 8
5 13
5 10
6 10
6 13
6 9
8 12
9 12
9 11
12 13

# Embedding (with cost 7.20437e-15)
(0.928867, -0.223466, 0.0633544) (-0.057, -0.39068, 0.0530737) (0.844286, -0.296901, -0.256449) (0.746923, -0.121176, -0.477092) (0.296087, 0.528484, -0.121475) (0.750229, -0.0998764, 0.279831) (0.271514, -0.0518212, 0.399935) (-0.0597141, -0.0810462, 0.112591) (0.0370604, -0.410281, -0.348691) (0.502163, -0.364564, -0.521473) (0.334579, 0.32627, -0.523683) (0.0969393, 0.154528, 0.231081) (0.506703, 0.139068, 0.342433) (0.272492, -0.104844, -0.598658) 
# Original Graph 68 in [50, 75)
14 vertices
0 1
0 2
0 3
0 4
0 5
0 6
0 7
1 7
1 8
1 2
2 8
2 9
2 3
3 10
4 11
4 5
5 12
6 13
6 7
7 9
7 8
8 9
10 13
10 11
11 12
12 13

# Unit Distance Graph
14 vertices
0 2
0 3
0 10
0 13
0 6
0 7
0 9
1 10
1 11
1 12
1 13
2 6
2 13
2 12
2 5
3 7
3 6
4 7
4 8
4 9
5 9
5 8
7 11
7 10
8 12
8 11

# Embedding (with cost 9.99336e-15)
(-0.0699212, -0.315283, -0.779242) (-0.158043, 0.248681, -0.423193) (-0.168462, -0.0744053, 0.186299) (-0.0215814, -0.313817, 0.219588) (0.111479, -0.488291, -0.632166) (0.382057, -0.453536, -0.557468) (0.654524, 0.193795, -0.314463) (0.453556, 0.392598, -0.305029) (0.014653, 0.383212, -0.151431) (-0.0243362, 0.210481, 0.070167) (0.23007, -0.462216, 0.163317) (0.304155, -0.571774, -0.0867006) (0.602479, -0.39778, -0.362408) (0.741844, -0.138588, -0.222631) 
# Original Graph 69 in [50, 75)
14 vertices
0 1
0 2
0 3
0 4
0 5
0 6
1 7
1 8
2 9
2 3
3 9
3 10
4 10
4 5
5 10
5 11
5 12
5 6
6 12
6 7
7 11
7 8
8 13
9 13
10 13
11 12

# Unit Distance Graph
14 vertices
0 5
0 11
0 7
0 8
0 13
0 10
1 4
1 5
1 10
2 5
2 12
2 11
3 6
3 7
3 11
3 12
4 8
4 7
5 9
5 13
5 8
6 10
6 13
6 9
7 10
9 12

# Embedding (with cost 9.20789e-15)
(0.651514, -0.495646, -0.231894) (0.160812, -0.245832, 0.226963) (0.341997, -0.72157, -0.238764) (0.0150915, -0.767703, -0.404964) (0.0294426, -0.233323, -0.764291) (-0.00685766, 0.0954141, -0.697935) (0.388131, 0.13723, -0.200177) (-0.0873823, 0.026228, 0.194346) (-0.224197, -0.28325, 0.201718) (-0.113756, -0.725378, -0.1368) (-0.25623, -0.480371, -0.651141) (-0.0764147, 0.171755, -0.0747444) (0.0653928, 0.230417, -0.369955) (-0.317921, -0.539156, 0.00956794) 
# Original Graph 70 in [50, 75)
14 vertices
0 1
0 2
0 3
0 4
0 5
0 6
1 7
1 8
1 2
2 8
3 9
3 4
4 9
4 10
4 5
5 11
5 12
6 12
6 13
7 13
7 9
8 9
10 12
10 11
11 12
12 13

# Unit Distance Graph
14 vertices
0 4
0 10
0 12
0 13
0 7
0 9
1 4
1 5
1 11
1 10
2 10
2 11
2 12
3 6
3 13
3 12
4 7
4 13
4 6
5 8
5 9
5 7
6 9
8 12
8 11
9 12

# Embedding (with cost 9.50148e-15)
(-0.068039, 0.498923, 0.0116674) (0.11962, 0.201829, 0.585189) (0.112226, 0.405946, 0.369242) (0.656438, 0.0912232, 0.00183697) (0.66, -0.160994, -0.173987) (0.0398057, -0.117154, -0.359205) (-0.291365, -0.200036, 0.131595) (0.0731925, -0.276189, 0.627503) (0.409537, 0.166387, 0.525613) (0.652408, -0.0551504, 0.428751) (0.338327, -0.39255, -0.188685) (0.0365741, -0.413812, -0.19845) (-0.15144, -0.497406, 0.0309585) (-0.095385, -0.407495, 0.433162) 
# Original Graph 71 in [50, 75)
14 vertices
0 1
0 2
0 3
0 4
0 5
0 6
1 7
1 2
2 7
2 8
3 9
3 10
4 11
4 12
5 12
5 7
5 13
5 6
6 13
6 7
7 13
8 11
8 9
9 10
10 11
11 12

# Unit Distance Graph
14 vertices
0 2
0 8
0 11
0 12
0 5
0 7
1 4
1 12
1 11
2 5
2 12
2 4
3 5
3 13
3 7
4 7
5 9
5 8
6 8
6 9
6 10
6 11
7 11
7 10
9 13
10 13

# Embedding (with cost 8.42735e-15)
(-0.189126, -0.759782, 0.109516) (0.180753, -0.372866, -0.34384) (0.540818, -0.177071, -0.247737) (0.0689159, -0.715147, 0.255174) (0.0125751, -0.0717434, 0.594798) (-0.245755, 0.233152, 0.213804) (-0.317834, -0.1023, -0.189224) (0.128456, 0.0452482, -0.391551) (0.641956, -0.204894, 0.0720765) (0.506063, -0.423088, 0.277989) (0.364997, -0.326937, 0.50596) (0.306407, -0.0356344, 0.589158) (-0.0826887, 0.174152, 0.450748) (-0.165053, 0.144593, -0.198815) 
# Original Graph 72 in [50, 75)
14 vertices
0 1
0 2
0 3
0 4
0 5
0 6
1 7
1 8
1 2
2 9
2 10
2 3
3 11
3 12
4 12
4 8
5 13
5 6
6 13
6 7
7 13
8 13
9 12
9 10
10 11
11 12

# Unit Distance Graph
14 vertices
0 1
0 2
0 9
0 12
0 4
0 8
1 4
1 12
1 3
2 5
2 13
2 8
2 4
3 8
3 13
3 7
5 10
5 9
6 9
6 10
6 11
6 12
7 12
7 11
10 13
11 13

# Embedding (with cost 9.91336e-15)
(0.201615, -0.0873893, 0.775253) (0.422245, -0.475412, -0.1196) (0.725859, -0.325058, -0.0424775) (0.597351, 0.213255, 0.584016) (0.130229, 0.478192, -0.0463446) (-0.0271311, -0.126308, 0.584822) (-0.119774, -0.26385, 0.320471) (0.058188, -0.414722, 0.0228138) (-0.108455, 0.220118, -0.124356) (0.623868, 0.294904, -0.046669) (0.776287, 0.0633159, 0.0204101) (0.698992, 0.308811, 0.279466) (0.423063, 0.516238, 0.00935734) (-0.219992, -0.0155116, 0.0552297) 
# Original Graph 73 in [50, 75)
14 vertices
0 1
0 2
0 3
0 4
0 5
0 6
0 7
0 8
1 8
1 9
1 2
2 10
2 3
3 11
4 11
4 6
4 5
5 6
6 12
7 12
7 8
8 13
9 13
9 10
10 13
11 12

# Unit Distance Graph
14 vertices
0 2
0 3
0 11
0 12
0 7
0 8
0 13
0 10
1 4
1 6
1 12
1 11
2 7
2 12
2 6
3 8
3 7
4 9
4 13
4 8
5 9
5 10
5 13
6 10
6 9
8 11

# Embedding (with cost 9.96345e-15)
(0.0509687, 0.5954, -0.476728) (0.687559, 0.306961, -0.604191) (0.496821, -0.296976, -0.406868) (0.289607, -0.34101, -0.219457) (-0.0544063, 0.127536, 0.0417922) (-0.0526318, 0.397607, -0.0422233) (0.0970518, 0.391367, 0.198415) (0.731608, 0.431053, 0.237219) (0.903463, 0.413322, 0.0132737) (0.827403, 0.123148, -0.429793) (0.726233, -0.134925, -0.373554) (0.162597, -0.25806, 0.0323355) (0.495313, 0.323938, 0.377009) (0.919151, 0.202072, -0.17415) 
# Original Graph 74 in [50, 75)
14 vertices
0 1
0 2
0 3
0 4
0 5
0 6
1 6
1 7
1 2
2 8
2 9
2 3
3 10
3 11
4 11
4 7
5 12
5 13
6 13
6 12
7 12
8 11
8 10
8 9
9 10
12 13

# Unit Distance Graph
14 vertices
0 1
0 2
0 8
0 11
0 4
0 7
1 4
1 11
1 3
2 5
2 12
2 7
2 4
3 7
3 12
3 6
5 9
5 8
6 11
6 8
6 10
8 13
9 13
9 12
10 12
10 13

# Embedding (with cost 6.92096e-15)
(-0.535725, 0.456293, 0.382701) (0.204366, -0.215339, 0.41701) (0.325218, 0.0230284, 0.649271) (-0.155728, 0.705747, 0.565109) (0.283267, 0.585753, -0.176308) (-0.467942, 0.296305, 0.105011) (-0.114582, -0.165354, 0.0757325) (0.189426, 0.32708, -0.293657) (0.450183, 0.617322, 0.337379) (0.397866, 0.364525, 0.600717) (0.252082, 0.628796, 0.560379) (0.379431, 0.704031, 0.0647145) (-0.0578039, 0.156477, -0.264778) (-0.273649, 0.0659962, -0.0774782) 
