# Original Graph 250 in [250, 275)
14 vertices
0 1
0 2
0 3
0 4
0 5
0 6
0 7
1 7
1 6
1 8
1 9
1 2
2 9
2 10
3 11
3 4
4 5
5 12
6 12
6 8
6 7
8 9
10 13
10 11
11 13
12 13

# Unit Distance Graph
14 vertices
0 2
0 10
0 13
0 12
0 6
0 8
0 9
1 3
1 4
1 5
1 12
1 13
1 11
2 6
2 12
2 5
3 8
3 6
4 9
4 8
5 9
6 11
6 10
7 10
7 11
7 13

# Embedding (with cost 9.86296e-15)
(0.62103, -0.291064, -0.377913) (0.246252, 0.383971, -0.856428) (-0.277616, -0.014826, -0.718689) (0.144765, -0.353303, -0.1885) (0.415333, -0.26638, -0.11585) (0.330314, 0.0276903, 0.0741619) (0.286389, 0.636364, -0.210901) (0.520526, 0.362252, -0.585258) (0.132801, 0.545353, -0.626992) (-0.117564, 0.238862, -0.794637) (-0.357392, -0.0938688, -0.439606) (-0.172782, -0.25198, -0.208372) (0.0780119, 0.378164, 0.129301) (-0.27706, 0.0325834, -0.080109) 
# Original Graph 251 in [250, 275)
14 vertices
0 1
0 2
0 3
0 4
0 5
0 6
1 7
1 8
2 9
2 3
3 4
4 10
4 5
5 10
5 11
5 7
5 6
6 7
7 11
7 12
8 12
8 13
9 13
9 10
10 13
11 12

# Unit Distance Graph
14 vertices
0 5
0 11
0 12
0 8
0 13
0 10
1 4
1 5
1 10
2 5
2 7
2 11
3 7
3 12
3 11
4 8
4 12
4 7
5 9
5 13
5 8
6 9
6 10
6 13
7 10
7 9

# Embedding (with cost 9.57464e-15)
(0.00636652, 0.581362, 0.214134) (-0.638355, 0.284825, -0.0803192) (0.112466, 0.234223, -0.327952) (0.225717, 0.330288, -0.0867066) (0.317224, 0.0529684, 0.101645) (-0.099837, -0.390737, 0.423282) (-0.265678, 0.379965, 0.407901) (-0.667902, 0.0621673, 0.273232) (-0.562826, 0.00338273, -0.370639) (-0.0229381, 0.010946, -0.489263) (0.141064, -0.336777, -0.158529) (-0.427438, -0.314494, 0.310337) (-0.659273, -0.129469, -0.0131165) (-0.309289, -0.0507565, -0.49353) 
# Original Graph 252 in [250, 275)
14 vertices
0 1
0 2
0 3
0 4
0 5
0 6
1 7
1 8
1 2
2 3
3 9
4 9
4 8
4 10
4 5
5 11
6 11
6 12
7 12
7 8
8 9
10 13
10 11
11 13
11 12
12 13

# Unit Distance Graph
14 vertices
0 4
0 10
0 13
0 12
0 7
0 8
1 4
1 5
1 11
1 10
2 10
2 11
2 13
3 11
3 12
3 13
4 7
4 12
4 6
5 8
5 7
6 8
6 9
8 11
9 12
9 11

# Embedding (with cost 8.8281e-15)
(0.102667, 0.110961, -0.887829) (-0.18412, 0.120753, -0.222275) (-0.239321, 0.0715331, -0.529711) (-0.266347, -0.211207, -0.623892) (0.0603154, -0.808912, -0.497907) (0.472668, -0.359957, -0.803264) (0.566551, 0.0440411, -0.62517) (0.205786, -0.0193471, 0.0982678) (-0.141292, -0.312451, -0.0153574) (-0.185499, -0.60173, -0.493257) (0.388507, -0.687704, -0.358273) (0.725528, -0.189418, -0.49856) (0.485995, -0.0659863, 0.0186753) (0.592946, -0.302628, -0.120645) 
# Original Graph 253 in [250, 275)
14 vertices
0 1
0 2
0 3
0 4
0 5
0 6
1 7
1 8
1 2
2 8
2 9
2 10
3 10
3 11
3 12
4 12
4 13
4 5
5 6
6 11
6 7
7 9
7 8
9 10
11 13
12 13

# Unit Distance Graph
14 vertices
0 3
0 11
0 6
0 7
0 9
0 10
1 3
1 12
1 13
1 11
2 4
2 5
2 6
2 11
2 13
3 7
3 6
4 9
4 7
4 8
5 10
5 9
6 10
7 12
8 13
8 12

# Embedding (with cost 8.82459e-15)
(-0.0969843, -0.869628, -0.24926) (-0.330222, -0.631448, -0.504703) (-0.649652, -0.362805, -0.260343) (-0.432341, -0.161438, 0.372031) (0.203498, -0.504169, 0.241803) (0.32456, -0.407303, -0.0391426) (0.25237, 0.0646246, -0.320838) (-0.0541076, 0.0925899, -0.518143) (-0.464201, -0.382409, -0.492603) (-0.590337, -0.0104887, -0.113311) (-0.611506, -0.111366, 0.151121) (0.2336, 0.0503292, -0.0385651) (0.0110361, -0.330267, 0.385709) (0.212304, -0.214148, 0.224356) 
# Original Graph 254 in [250, 275)
14 vertices
0 1
0 2
0 3
0 4
1 5
1 6
2 7
2 8
3 8
3 9
3 6
3 5
3 10
3 4
4 10
4 5
5 10
5 6
6 11
7 12
7 13
8 9
9 13
9 11
11 12
12 13

# Unit Distance Graph
14 vertices
0 3
0 6
0 11
0 9
1 3
1 9
1 8
2 3
2 5
2 6
3 7
3 12
3 11
3 6
4 9
4 11
4 12
4 13
5 8
5 9
5 13
5 7
6 8
7 10
10 13
10 12

# Embedding (with cost 8.90598e-15)
(-0.292229, -0.0558637, -0.594847) (0.181211, 0.013836, -0.379451) (-0.507127, 0.0307963, -0.348443) (-0.166743, -0.834106, 0.0204511) (0.069846, -0.397117, -0.541525) (0.441564, -0.249008, -0.201149) (0.34691, 0.0105135, 0.171374) (-0.481574, 0.111062, -0.0663705) (-0.44418, -0.597611, 0.105336) (-0.384189, -0.372811, 0.349127) (0.244339, -0.526294, -0.324879) (0.0546714, 0.0900931, 0.331628) (-0.240459, 0.137703, 0.244401) (-0.425805, -0.0768138, 0.265777) 
# Original Graph 255 in [250, 275)
14 vertices
0 1
0 2
0 3
0 4
0 5
1 6
1 7
1 8
2 9
2 10
3 10
3 11
4 11
4 7
4 12
4 13
5 13
5 6
6 7
7 12
8 11
8 10
8 9
9 10
10 11
12 13

# Unit Distance Graph
14 vertices
0 1
0 8
0 11
0 4
0 7
1 4
1 11
1 3
2 4
2 12
2 7
3 7
3 6
4 9
4 8
5 8
5 10
5 11
6 11
6 10
7 10
8 13
9 13
9 12
10 12
10 13

# Embedding (with cost 8.46114e-15)
(0.189697, -0.256286, 0.550783) (-0.514732, -0.31754, -0.156343) (-0.146055, -0.221527, 0.640848) (-0.275108, 0.351215, 0.547466) (-0.0521705, 0.552413, 0.0145878) (0.290132, -0.252761, 0.256192) (-0.038121, -0.316225, -0.15848) (-0.215936, -0.0899751, -0.347995) (-0.694304, -0.210892, 0.0855077) (-0.581881, -0.168527, 0.461413) (-0.591925, 0.110029, 0.556787) (-0.277106, 0.570571, 0.237092) (0.0109654, 0.245201, -0.229502) (0.218425, 0.182543, -0.0246546) 
# Original Graph 256 in [250, 275)
14 vertices
0 1
0 2
0 3
0 4
0 5
1 5
1 6
2 7
2 3
3 8
3 9
4 9
4 10
5 10
5 9
5 11
6 11
6 12
6 13
7 13
7 12
8 12
8 9
9 11
9 10
12 13

# Unit Distance Graph
14 vertices
0 6
0 12
0 8
0 9
0 11
1 3
1 9
1 8
2 5
2 11
2 9
3 6
3 11
3 5
4 6
4 13
4 12
5 8
5 12
5 7
6 9
7 9
7 10
9 13
10 12
10 13

# Embedding (with cost 9.26093e-15)
(-0.378805, 0.324037, 0.610327) (-0.289665, 0.783551, 0.0405851) (0.103543, 0.303314, 0.590072) (0.107579, -0.0815169, 0.346943) (-0.485383, 0.0418617, 0.2084) (-0.519618, 0.504949, -0.165582) (0.0785867, 0.786078, -0.149482) (0.295425, 0.415283, 0.406838) (0.331502, 0.00188348, -0.0155167) (-0.193697, -0.172061, -0.237978) (-0.484823, 0.0280245, -0.0843283) (-0.163761, 0.608687, -0.323873) (0.447223, 0.365258, 0.048207) (0.273153, 0.669579, 0.0334886) 
# Original Graph 257 in [250, 275)
14 vertices
0 1
0 2
0 3
0 4
0 5
1 6
1 7
1 2
2 3
3 7
3 8
4 8
4 9
5 10
5 11
6 11
6 7
7 11
7 8
8 12
8 9
9 10
10 12
10 13
11 13
12 13

# Unit Distance Graph
14 vertices
0 7
0 8
0 12
0 13
0 11
1 8
1 9
1 10
1 12
2 10
2 13
2 12
3 5
3 11
3 13
3 10
4 6
4 7
4 11
5 8
5 7
6 9
6 8
7 10
7 9
8 11

# Embedding (with cost 9.6031e-15)
(-0.81029, 0.0472165, -0.530425) (-0.763284, -0.335074, -0.684816) (-0.953918, -0.296009, -0.451891) (-0.936877, -0.558277, 0.0189364) (-0.637372, -0.00433608, 0.072044) (-0.341187, 0.130532, -0.394217) (-0.320503, -0.657957, -0.615251) (-0.42711, -0.865762, -0.390271) (-0.692517, -0.49856, 0.299188) (-0.342108, -0.0448973, 0.17449) (-0.108789, 0.00167906, -0.00788671) (-0.0680856, -0.620433, -0.472325) (-0.0947878, -0.328007, 0.0588656) (0.0162225, -0.448097, -0.262953) 
# Original Graph 258 in [250, 275)
14 vertices
0 1
0 2
0 3
0 4
0 5
0 6
1 7
1 8
1 2
2 8
2 9
3 9
3 10
3 4
4 10
5 10
5 11
6 11
6 12
6 7
7 13
8 13
8 12
9 11
9 10
12 13

# Unit Distance Graph
14 vertices
0 2
0 9
0 11
0 6
0 12
0 8
1 5
1 11
1 9
1 10
2 6
2 11
2 5
3 6
3 7
3 13
3 12
4 8
4 12
4 13
5 8
6 9
7 10
7 9
8 10
10 13

# Embedding (with cost 7.82123e-15)
(0.0371737, -0.271424, -0.142611) (-0.0818979, 0.0449984, -0.422422) (-0.848788, 0.186972, -0.0722918) (-0.341323, -0.257692, 0.356075) (-0.0959728, -0.298509, 0.181678) (-0.0746046, 0.239212, 0.55851) (-0.0131703, 0.671566, 0.186382) (-0.0623478, 0.473023, -0.267005) (-0.70569, 0.395441, -0.201308) (-0.810071, 0.0722611, 0.262429) (-0.243304, -0.0612154, 0.558734) (-0.0689075, 0.522459, 0.456135) (-0.242162, 0.676166, 0.012453) (-0.408007, 0.572959, -0.19671) 
# Original Graph 259 in [250, 275)
14 vertices
0 1
0 2
0 3
0 4
0 5
0 6
1 6
1 7
1 8
2 8
2 9
2 3
3 9
4 9
4 8
4 10
5 10
5 11
5 12
6 12
7 12
7 13
7 11
8 10
11 13
12 13

# Unit Distance Graph
14 vertices
0 1
0 8
0 10
0 5
0 11
0 7
1 5
1 10
1 4
2 5
2 12
2 13
2 11
3 7
3 11
3 13
4 7
4 12
4 6
5 8
6 10
6 8
7 9
8 12
9 13
9 12

# Embedding (with cost 9.14213e-15)
(0.383802, 0.0992658, 0.467521) (-0.305766, 0.146371, -0.255167) (-0.283408, 0.0312602, 0.510741) (0.0190759, 0.00243208, 0.608669) (-0.239151, -0.512746, 0.493917) (0.0994636, -0.733607, -0.00732047) (0.441437, 0.103733, 0.0979979) (-0.130058, -0.0378339, -0.379328) (-0.553697, 0.0108813, 0.130945) (-0.196368, -0.222444, 0.601245) (-0.108394, -0.726294, 0.191488) (0.0669462, -0.551387, -0.222591) (0.363428, -0.167412, -0.225557) (0.130481, -0.288693, -0.341507) 
# Original Graph 260 in [250, 275)
14 vertices
0 1
0 2
0 3
0 4
0 5
0 6
0 7
1 7
1 8
1 2
2 9
2 3
3 9
4 9
4 8
5 8
5 10
6 10
6 11
6 12
6 7
7 12
10 13
11 13
11 12
12 13

# Unit Distance Graph
14 vertices
0 1
0 8
0 5
0 10
0 13
0 12
0 7
1 6
1 10
1 5
2 6
2 11
2 13
2 10
3 11
3 12
3 13
4 6
4 7
4 12
5 7
6 9
6 8
7 8
9 12
9 11

# WARNING: failed to find good embedding
# Embedding (with cost 0.0628225)
(0.0212576, 0.000587609, -0.469025) (-0.449917, -0.334681, 0.354989) (-0.348211, 0.134111, 0.0871109) (-0.207571, 0.210691, -0.146033) (-0.483518, 0.267972, -0.12211) (-0.976228, -0.0336709, -0.441937) (-0.290316, -0.579734, -0.593783) (-0.43087, -0.716506, 0.0550725) (-0.928485, 0.10365, -0.199319) (-0.423714, -0.0652558, 0.272993) (-0.942358, -0.304298, -0.51686) (-0.571824, -0.593243, -0.569894) (-0.815411, -0.543444, -0.435042) (-0.665087, -0.68238, -0.239851) 
# Original Graph 261 in [250, 275)
14 vertices
0 1
0 2
0 3
0 4
0 5
1 5
1 6
1 3
1 7
2 8
2 9
3 10
3 6
3 11
4 11
4 6
5 6
6 11
7 12
7 13
7 8
8 13
9 12
9 10
10 12
12 13

# Unit Distance Graph
14 vertices
0 1
0 7
0 12
0 10
0 3
1 3
1 10
1 9
1 2
2 3
2 6
3 8
3 7
4 7
4 13
4 12
5 9
5 10
5 12
6 9
6 12
6 13
6 8
7 11
8 11
11 13

# Embedding (with cost 9.63756e-15)
(-0.208147, 0.377618, 0.138104) (0.375543, -0.4128, -0.0477578) (0.0682536, 0.5183, 0.148774) (0.0974714, 0.190242, -0.795432) (-0.338927, 0.0125402, -0.292611) (-0.112002, -0.305785, -0.0862584) (-0.200549, -0.288278, -0.377702) (0.601886, -0.187354, -0.0189092) (0.404026, 0.30933, 0.148943) (0.351379, 0.544553, -0.335664) (0.336157, 0.344088, -0.700114) (-0.198493, 0.00212836, -0.58767) (0.610852, 0.293908, -0.429554) (0.610666, 0.180152, -0.0276985) 
# Original Graph 262 in [250, 275)
14 vertices
0 1
0 2
0 3
0 4
0 5
0 6
0 7
1 8
1 9
1 2
2 9
2 10
3 10
3 11
3 4
4 11
4 5
5 12
6 12
6 13
6 7
7 8
8 13
9 13
10 11
11 12

# Unit Distance Graph
14 vertices
0 2
0 10
0 11
0 12
0 6
0 13
0 9
1 4
1 5
1 12
1 11
2 6
2 12
2 5
3 6
3 7
3 8
3 13
4 9
4 13
4 8
5 9
6 10
7 11
7 10
8 11

# Embedding (with cost 9.08809e-15)
(-0.43944, -0.295762, -0.30025) (-0.238365, 0.495122, -0.222887) (0.20074, 0.446114, -0.499722) (0.342379, -0.129535, -0.527407) (0.124345, -0.433271, -0.30368) (0.15013, -0.382567, 0.0577062) (0.134054, 0.0791658, 0.428127) (-0.342521, 0.154676, 0.143515) (-0.239112, 0.418349, 0.0740002) (0.0692082, 0.563996, -0.254496) (0.396068, 0.20391, -0.528842) (0.543477, -0.128354, -0.223777) (0.336345, -0.127706, 0.307955) (0.0265901, 0.376042, 0.275505) 
# Original Graph 263 in [250, 275)
14 vertices
0 1
0 2
0 3
0 4
0 5
1 6
1 7
2 8
2 9
3 9
3 10
3 4
4 10
4 11
4 12
4 5
5 12
6 12
6 11
7 11
7 13
8 13
8 10
9 10
10 13
11 12

# Unit Distance Graph
14 vertices
0 4
0 11
0 7
0 13
0 10
1 3
1 4
1 10
2 4
2 12
2 11
3 7
3 11
3 6
4 8
4 13
4 7
5 8
5 10
5 13
6 10
6 9
8 12
9 11
9 12
10 12

# Embedding (with cost 8.32378e-15)
(-0.357816, 0.270131, 0.231178) (-0.544414, -0.15766, -0.453232) (0.016381, 0.338095, -0.167751) (0.179257, 0.164673, 0.157014) (0.117879, -0.605486, 0.147452) (-0.36256, -0.366685, 0.223967) (-0.500548, -0.398919, -0.31227) (-0.28455, -0.175792, -0.660889) (0.0871756, 0.155382, -0.500729) (0.282735, 0.187265, -0.105255) (0.435668, -0.0483745, -0.287414) (-0.312311, -0.602255, -0.255516) (-0.359078, -0.568338, 0.0256616) (-0.0361168, -0.0406034, -0.663223) 
# Original Graph 264 in [250, 275)
14 vertices
0 1
0 2
0 3
0 4
0 5
0 6
1 7
1 8
2 9
2 3
3 10
4 10
4 11
4 5
5 11
5 12
5 6
6 12
6 13
6 7
7 13
8 13
8 9
9 11
10 11
12 13

# Unit Distance Graph
14 vertices
0 5
0 12
0 13
0 8
0 9
0 11
1 4
1 5
1 11
2 5
2 6
2 12
3 6
3 13
3 12
4 8
4 13
4 7
5 9
5 8
6 10
6 11
6 9
7 11
7 10
10 13

# Embedding (with cost 9.6442e-15)
(-0.130112, 0.858051, -0.304209) (0.0826891, 0.465304, 0.180772) (-0.550679, 0.400563, 0.0678423) (-0.573219, 0.507064, -0.231579) (-0.381388, 0.152823, -0.648075) (-0.0438292, -0.07614, -0.650391) (0.41224, 0.34107, -0.195308) (0.306475, 0.296676, 0.0633681) (-0.174617, 0.0844702, 0.327924) (-0.446701, 0.0882213, 0.249987) (-0.551664, 0.259295, -0.448687) (-0.456525, -0.0730816, -0.46683) (0.236116, -0.0721429, -0.329025) (0.227786, 0.0346229, 0.136104) 
# Original Graph 265 in [250, 275)
14 vertices
0 1
0 2
0 3
0 4
1 5
1 6
2 7
2 8
2 3
3 8
3 9
4 10
4 11
5 12
5 6
6 13
6 8
6 7
7 8
8 10
8 9
9 10
10 13
10 11
11 12
12 13

# Unit Distance Graph
14 vertices
0 6
0 8
0 10
0 13
1 8
1 9
1 10
2 10
2 11
2 12
2 13
3 5
3 6
3 13
3 12
4 6
4 7
4 8
5 9
5 8
6 10
6 9
7 11
7 10
8 12
8 11

# Embedding (with cost 8.99749e-15)
(-0.501844, -0.278677, -0.156937) (-0.862771, 0.179677, -0.394846) (-0.34059, -0.116953, -0.762714) (-0.189683, -0.255723, -0.396977) (-0.450149, 0.0530195, 0.0962125) (-0.857987, 0.488156, -0.393307) (-0.765004, 0.481844, -0.750532) (-0.515724, 0.195063, -0.891474) (0.0752341, 0.320992, -0.711354) (0.125122, 0.318292, -0.325177) (0.0187145, 0.574903, -0.136426) (-0.51662, 0.369198, 0.0932478) (-0.693578, 0.562118, -0.119082) (-0.359155, 0.710113, -0.200916) 
# Original Graph 266 in [250, 275)
14 vertices
0 1
0 2
0 3
0 4
1 5
1 6
1 7
2 8
2 9
3 9
3 10
4 11
4 12
5 12
5 13
5 6
6 9
6 8
6 7
7 8
8 9
9 13
10 13
10 11
11 13
12 13

# Unit Distance Graph
14 vertices
0 5
0 6
0 9
0 13
1 3
1 10
1 13
1 9
2 5
2 13
2 12
3 6
3 5
4 6
4 8
4 9
5 9
6 11
6 10
7 10
7 11
7 13
8 12
8 13
8 11
9 12

# Embedding (with cost 9.80863e-15)
(0.0104528, 0.391143, 0.735404) (0.621104, 0.505362, 0.440459) (0.372412, -0.148775, 0.593131) (-0.0825158, -0.159865, 0.190676) (-0.161183, 0.527062, 0.318295) (0.551985, 0.561104, -0.0879164) (0.795608, 0.313467, 0.120996) (0.742538, 0.201237, 0.375138) (0.610738, -0.0947207, 0.450673) (0.245042, -0.36626, 0.126053) (-0.172354, 0.103376, -0.0165213) (-0.20274, 0.362906, 0.091742) (0.0336702, 0.606632, 0.0322262) (-0.0413658, 0.20491, -0.245734) 
# Original Graph 267 in [250, 275)
14 vertices
0 1
0 2
0 3
0 4
0 5
1 6
1 7
2 8
2 3
3 9
3 10
4 10
4 9
4 11
4 12
4 5
5 12
6 12
6 7
7 11
7 13
8 13
8 9
9 13
9 10
11 12

# Unit Distance Graph
14 vertices
0 4
0 11
0 7
0 13
0 9
1 4
1 9
1 10
2 4
2 12
2 11
3 6
3 7
3 11
3 12
4 8
4 13
4 7
5 8
5 9
5 13
6 10
6 9
7 10
8 12
9 12

# Embedding (with cost 9.86541e-15)
(0.291904, 0.361725, 0.744502) (-0.107054, 0.321176, 0.904708) (-0.0102177, 0.317253, 0.228753) (0.0987862, 0.0954848, 0.0777004) (0.0963897, -0.607408, 0.594316) (0.229668, -0.143929, 0.90473) (-0.341664, 0.070359, 0.975126) (-0.654336, 0.0384622, 0.733105) (-0.388653, 0.163464, 0.181413) (-0.19412, -0.0963409, 0.000219579) (0.0816517, -0.311275, 0.153445) (-0.31807, -0.426943, 0.821542) (-0.0414669, -0.376992, 0.947812) (-0.602837, 0.0800055, 0.397986) 
# Original Graph 268 in [250, 275)
14 vertices
0 1
0 2
0 3
0 4
1 5
1 6
2 7
2 8
3 8
3 9
3 10
4 10
4 9
4 11
5 11
5 9
5 12
6 12
6 13
7 13
7 8
8 12
8 9
9 11
9 10
12 13

# Unit Distance Graph
14 vertices
0 5
0 12
0 8
0 9
1 3
1 9
1 8
2 5
2 9
2 11
3 6
3 12
3 5
4 7
4 8
4 12
4 13
5 8
6 10
6 9
7 11
7 9
8 11
9 13
10 13
10 12

# Embedding (with cost 9.13431e-15)
(0.36793, 0.571607, 0.209284) (0.184848, 0.653337, 0.618227) (0.0986384, 0.0545353, 0.348459) (-0.345677, 0.194834, -0.094737) (-0.0247166, 0.794239, -0.00938904) (-0.477647, 0.79509, 0.694108) (-0.0774723, 0.46764, 0.829191) (-0.145259, -0.0314416, 0.54172) (-0.36783, -0.103055, 0.268344) (-0.605573, 0.676531, 0.00610256) (-0.35007, 0.613154, -0.12187) (-0.444204, 0.893305, 0.306189) (-0.378039, 0.466935, 0.866987) (-0.182038, 0.179211, 0.763262) 
# Original Graph 269 in [250, 275)
14 vertices
0 1
0 2
0 3
0 4
0 5
1 6
1 2
2 7
2 8
3 8
3 9
4 9
4 10
4 11
5 11
5 12
6 12
6 13
6 7
7 9
7 8
8 9
9 10
10 13
11 13
12 13

# Unit Distance Graph
14 vertices
0 6
0 7
0 9
0 10
0 13
1 4
1 10
1 9
2 4
2 11
2 13
2 10
3 6
3 13
3 12
4 7
4 6
5 7
5 8
5 9
6 9
7 11
8 12
8 13
8 11
9 12

# Embedding (with cost 9.79736e-15)
(0.69013, -0.196114, 0.192347) (0.0327745, -0.526302, 0.168553) (0.192784, -0.597001, 0.476353) (0.237746, -0.0419902, 0.841399) (0.406553, 0.375603, 0.385015) (0.462563, 0.0168823, -0.0472767) (-0.293516, -0.236183, 0.0167475) (-0.218364, -0.383896, 0.565679) (0.0612818, -0.317749, 0.805364) (0.0491913, 0.212785, 0.841962) (-0.021755, 0.370989, 0.606611) (0.300564, 0.306608, 0.0617754) (0.0435153, 0.0135897, -0.137981) (-0.216604, 0.165279, -0.0249762) 
# Original Graph 270 in [250, 275)
14 vertices
0 1
0 2
0 3
0 4
0 5
1 6
1 7
2 8
2 9
3 9
3 10
3 4
4 10
4 5
5 11
6 11
6 10
6 12
7 12
7 8
8 13
8 9
9 13
9 10
10 11
12 13

# Unit Distance Graph
14 vertices
0 6
0 12
0 13
0 9
0 10
1 3
1 10
1 9
2 6
2 10
2 11
3 7
3 12
3 6
4 7
4 8
4 13
4 12
5 8
5 9
5 13
6 9
7 10
8 11
8 10
9 11

# Embedding (with cost 9.18618e-15)
(0.0339795, -0.311888, -0.12597) (-0.229823, -0.038849, 0.0492178) (-0.125626, -0.503301, 0.448236) (0.616471, -0.326534, 0.497573) (0.542992, -0.126271, 0.0780093) (0.364568, 0.114126, 0.0147229) (0.0308835, 0.483876, 0.479629) (-0.350606, -0.0734032, 0.523752) (-0.230147, -0.349026, 0.671841) (0.233424, -0.423656, 0.847544) (0.62316, 0.153906, 0.53426) (0.318794, 0.368852, 0.243688) (-0.165352, 0.275957, 0.658061) (-0.077624, -0.186336, 0.85982) 
# Original Graph 271 in [250, 275)
14 vertices
0 1
0 2
0 3
0 4
0 5
1 6
1 7
1 8
2 8
2 9
3 9
3 10
4 10
4 5
5 11
6 11
6 12
6 7
7 13
7 8
8 13
8 9
9 13
9 12
10 12
11 12

# Unit Distance Graph
14 vertices
0 6
0 7
0 13
0 9
0 12
1 3
1 10
1 12
1 9
2 6
2 12
2 11
3 7
3 6
4 7
4 8
4 13
5 8
5 9
5 13
6 9
7 10
8 11
8 12
8 10
9 11

# Embedding (with cost 9.93573e-15)
(-0.123696, -0.0648351, 0.412656) (0.667419, -0.153906, 0.456607) (0.107368, -0.625719, 0.382073) (-0.191771, -0.300903, -0.0334796) (-0.0826135, 0.043522, 0.0565247) (0.174844, 0.15381, -0.0192255) (0.762891, -0.00346574, -0.0458176) (0.767525, -0.46392, 0.197119) (0.491378, -0.729796, 0.325808) (0.220188, -0.840391, -0.116737) (-0.0678957, -0.105305, -0.219374) (0.441269, 0.132983, -0.177285) (0.316547, -0.163681, -0.479766) (0.444639, -0.806186, 0.0557332) 
# Original Graph 272 in [250, 275)
14 vertices
0 1
0 2
0 3
0 4
0 5
1 6
1 2
2 6
2 7
3 7
3 8
4 8
4 9
4 10
5 10
5 11
5 6
6 11
7 11
7 12
8 12
9 12
9 13
10 13
10 11
12 13

# Unit Distance Graph
14 vertices
0 7
0 12
0 13
0 10
0 11
1 9
1 13
1 12
2 4
2 10
2 13
2 9
3 5
3 11
3 10
4 7
4 11
4 6
5 8
5 12
5 7
6 9
6 12
6 8
7 10
8 11

# Embedding (with cost 9.49911e-15)
(-0.0739019, -0.563573, -0.151359) (-0.37286, -0.31491, -0.274781) (-0.337185, -0.0560649, -0.418681) (0.263801, -0.168071, -0.217293) (0.266104, -0.25593, 0.353391) (-0.541933, -0.0614813, 0.365314) (-0.594973, -0.045722, -0.109597) (-0.00938811, 0.4178, -0.332314) (0.394645, 0.0110297, 0.0224398) (0.277999, 0.115103, 0.350896) (-0.295706, 0.0933656, 0.56922) (-0.567689, 0.254586, 0.143242) (0.316579, 0.336511, 0.0419593) (0.0381816, 0.213354, 0.468174) 
# Original Graph 273 in [250, 275)
14 vertices
0 1
0 2
0 3
0 4
1 5
1 6
1 7
2 7
2 8
2 9
3 10
3 4
4 11
5 11
5 6
6 12
6 13
6 7
7 13
7 8
8 13
8 12
8 9
9 10
10 12
11 12

# Unit Distance Graph
14 vertices
0 6
0 13
0 8
0 12
1 8
1 9
1 10
1 12
2 5
2 6
2 12
2 11
3 6
3 7
3 13
4 7
4 8
4 13
5 9
5 8
6 10
6 9
7 11
7 12
7 10
8 11

# Embedding (with cost 8.50547e-15)
(0.44689, 0.0804748, -0.287216) (0.187484, -0.483529, -0.400908) (0.117816, 0.321333, -0.665687) (0.229593, 0.279355, -0.0883121) (0.211326, 0.0358692, 0.0611351) (-0.0349417, -0.441653, -0.0375807) (-0.385069, -0.47307, -0.325055) (-0.200437, -0.28781, -0.790735) (-0.478547, 0.223711, -0.638001) (-0.0901442, 0.476737, -0.429387) (-0.0512337, 0.449567, -0.131939) (-0.0709221, -0.156702, 0.192136) (-0.474826, 0.0731166, 0.100579) (-0.438335, -0.192215, -0.664067) 
# Original Graph 274 in [250, 275)
14 vertices
0 1
0 2
0 3
0 4
0 5
0 6
1 7
1 2
2 7
2 8
2 3
3 9
3 10
3 11
3 4
4 11
5 11
5 10
6 9
6 12
7 13
7 8
8 13
8 12
9 10
12 13

# Unit Distance Graph
14 vertices
0 2
0 3
0 9
0 6
0 12
0 8
1 3
1 10
1 9
2 6
2 9
2 10
2 5
3 7
3 13
3 12
3 6
4 8
4 12
4 13
5 8
5 7
7 11
7 10
8 11
11 13

# WARNING: failed to find good embedding
# Embedding (with cost 0.0321514)
(-0.523743, -0.0158055, -0.0140422) (-0.119352, 0.0802902, 0.540051) (0.301123, -0.0205131, 0.553696) (0.432171, -0.199214, -0.249172) (-0.127039, -0.213253, -0.221751) (-0.332228, -0.0185693, -0.222163) (0.126274, 0.721631, -0.113013) (0.126229, 0.188486, 0.629402) (0.273446, 0.583955, 0.259502) (0.270389, 0.535418, -0.269715) (0.179582, 0.291526, -0.38049) (0.152723, -0.242866, -0.251017) (0.202453, 0.410037, 0.470955) (0.0279198, 0.667409, 0.146576) 
