

# Original Graph 350 in [350, 375)
14 vertices
0 1
0 2
0 3
0 4
1 4
1 5
1 6
2 7
2 8
3 8
3 9
3 6
3 5
3 10
3 4
4 10
5 10
5 6
6 11
7 12
7 13
8 13
9 13
9 11
11 12
12 13

# Unit Distance Graph 350
14 vertices
0 3
0 6
0 11
0 9
1 3
1 9
1 13
1 8
2 3
2 5
2 6
3 7
3 12
3 11
3 6
4 9
4 11
4 12
4 13
5 8
5 13
5 7
6 8
7 10
10 13
10 12

# Embedding 350 (with cost 9.40379e-15)
(0.334243, -0.306369, -0.276327) (0.10703, -0.80017, -0.135354) (0.412843, -0.0999209, -0.0189832) (-0.583493, -0.105556, 0.0663626) (-0.0751752, -0.518885, -0.338842) (-0.226974, -0.860575, 0.0907378) (-0.0416417, -0.834144, 0.485359) (0.394778, -0.0990054, 0.27359) (-0.0827146, 0.123044, 0.19882) (-0.139055, -0.159904, 0.592314) (-0.381084, -0.562889, -0.154021) (0.0734126, -0.585553, 0.647807) (0.24343, -0.317181, 0.587336) (0.153052, -0.0336759, 0.505246) 


# Original Graph 351 in [350, 375)
14 vertices
0 1
0 2
0 3
0 4
0 5
1 5
1 6
1 7
2 8
2 3
3 9
3 4
4 10
4 11
4 6
4 12
5 12
6 12
6 11
7 11
7 13
8 13
8 9
9 13
9 10
10 13

# Unit Distance Graph 351
14 vertices
0 4
0 11
0 7
0 13
0 10
1 3
1 4
1 10
1 9
2 4
2 6
2 11
3 7
3 11
3 6
4 8
4 13
4 7
5 9
5 10
5 13
6 9
6 8
8 12
9 12
12 13

# Embedding 351 (with cost 9.57613e-15)
(0.196211, -0.607608, 0.130591) (0.699868, -0.313582, 0.262055) (-0.0501643, -0.348255, 0.271207) (-0.223749, -0.0889687, -0.0485589) (0.293689, 0.131295, -0.536132) (0.518922, -0.510268, -0.0304006) (0.761176, 0.0148507, -0.186921) (0.590605, 0.268173, 0.40891) (-0.0548426, -0.00893772, 0.390615) (-0.15236, 0.20215, 0.174147) (0.0310913, 0.362508, -0.0472025) (0.71955, 0.236719, 0.0155808) (0.608494, -0.20423, -0.331774) (0.282333, 0.338742, 0.442048) 


# Original Graph 352 in [350, 375)
14 vertices
0 1
0 2
0 3
0 4
0 5
1 5
1 6
1 7
2 8
2 9
2 3
3 9
3 4
4 10
4 11
4 12
4 5
5 12
6 12
6 11
7 11
7 13
8 13
8 9
9 10
10 13

# Unit Distance Graph 352
14 vertices
0 4
0 11
0 7
0 13
0 10
1 3
1 4
1 10
1 9
2 4
2 12
2 6
2 11
3 7
3 11
3 6
4 8
4 13
4 7
5 8
5 9
5 10
5 13
6 9
8 12
9 12

# Embedding 352 (with cost 9.2802e-15)
(-0.266901, -0.625512, 0.0113696) (-0.222029, 0.0703198, 0.210652) (0.144315, -0.651109, -0.207899) (-0.0436013, -0.658059, -0.450883) (-0.382153, -0.0156285, -0.772696) (-0.511232, -0.0987645, 0.00159396) (-0.30167, 0.235116, -0.0825907) (0.289359, 0.202036, -0.0643917) (0.439411, -0.265354, -0.260181) (0.300791, -0.477153, -0.44275) (0.233323, -0.0859209, -0.665843) (-0.0841949, 0.321376, -0.253246) (-0.480532, 0.126062, -0.282539) (0.454529, 0.0248383, -0.226503) 


# Original Graph 353 in [350, 375)
14 vertices
0 1
0 2
0 3
0 4
0 5
1 6
1 7
1 8
2 8
2 9
2 10
3 10
3 11
4 11
4 7
4 12
5 12
5 13
5 6
6 7
7 13
8 11
8 9
9 10
10 11
12 13

# Unit Distance Graph 353
14 vertices
0 1
0 8
0 11
0 4
0 7
1 4
1 11
1 3
2 4
2 12
2 13
2 7
3 7
3 6
4 8
5 8
5 9
5 10
5 11
6 11
6 10
7 10
8 12
9 13
9 12
10 13

# Embedding 353 (with cost 7.8362e-15)
(0.0938443, 0.551335, -0.273297) (-0.769796, 0.0967409, -0.491173) (0.0245218, -0.0304708, -0.590759) (0.0901738, -0.223219, -0.0935829) (-0.2861, -0.12775, 0.354784) (-0.188969, 0.640214, -0.0710921) (-0.647998, 0.441593, -0.208152) (-0.821882, 0.186702, -0.104511) (-0.577446, -0.113124, -0.601722) (-0.196943, -0.213075, -0.59247) (0.0129333, -0.288202, -0.382988) (-0.120959, -0.336013, 0.134714) (-0.324992, 0.159217, 0.32677) (-0.505056, 0.379239, 0.151996) 


# Original Graph 354 in [350, 375)
14 vertices
0 1
0 2
0 3
0 4
0 5
1 6
1 7
1 2
2 7
2 3
3 7
3 4
4 6
4 8
4 9
5 9
5 10
5 11
6 11
6 7
8 12
8 13
9 13
10 13
10 12
11 12

# Unit Distance Graph 354
14 vertices
0 4
0 8
0 12
0 11
0 6
1 4
1 9
1 13
1 8
2 8
2 13
2 10
2 12
3 5
3 11
3 12
3 10
4 6
4 11
4 5
5 6
5 7
6 9
7 10
7 13
7 9

# Embedding 354 (with cost 8.26102e-15)
(0.267045, -0.851866, -0.168654) (0.355449, -0.277369, -0.715082) (0.586214, -0.537427, -0.403487) (0.675304, -0.23477, -0.101426) (0.347103, 0.0639778, 0.224819) (-0.201663, -0.714802, -0.0790866) (0.129534, -0.0462963, -0.744977) (0.579539, -0.274806, -0.52195) (0.017288, 0.0573349, 0.164475) (-0.16672, -0.451978, 0.119694) (-0.324273, -0.262935, -0.0941852) (-0.160316, -0.0720415, -0.626078) (-0.272551, -0.0284799, -0.344357) (-0.174489, -0.16033, 0.12484) 


# Original Graph 355 in [350, 375)
14 vertices
0 1
0 2
0 3
0 4
1 5
1 6
1 2
2 6
3 7
3 8
4 9
4 10
4 11
5 11
5 10
5 8
5 6
6 7
7 8
8 12
8 9
9 13
10 13
10 12
10 11
12 13

# Unit Distance Graph 355
14 vertices
0 5
0 8
0 12
0 10
1 8
1 9
1 13
1 12
2 10
2 12
2 13
3 5
3 10
3 11
4 5
4 6
4 7
4 8
5 9
5 8
6 10
6 13
6 9
7 11
7 10
8 11

# Embedding 355 (with cost 8.16007e-15)
(-0.0311009, -0.18421, -0.646555) (0.170317, -0.332032, 0.0057905) (0.130731, -0.109121, -0.246055) (-0.35792, 0.109435, -0.308864) (-0.282813, -0.469675, -0.743751) (-0.0818265, -0.700764, 0.208196) (-0.0479599, 0.01067, 0.101301) (-0.413129, 0.134758, 0.0421745) (-0.777991, -0.0148187, -0.00354545) (-0.635346, -0.4281, -0.578742) (-0.519366, -0.851525, -0.0841604) (-0.218335, -0.84285, -0.0374417) (-0.827592, -0.324549, -0.058416) (-0.750106, -0.579839, -0.296556) 


# Original Graph 356 in [350, 375)
14 vertices
0 1
0 2
0 3
0 4
1 4
1 5
1 6
2 7
2 8
3 9
3 10
4 10
4 11
5 11
5 10
5 12
5 6
6 12
7 12
7 8
8 13
8 9
9 10
10 13
10 11
12 13

# Unit Distance Graph 356
14 vertices
0 5
0 12
0 13
0 10
1 8
1 9
1 10
1 13
2 5
2 10
2 11
3 5
3 6
3 12
4 7
4 8
4 13
4 12
5 9
5 8
6 10
6 9
7 11
7 10
8 11
10 12

# Embedding 356 (with cost 7.75419e-15)
(-0.140906, -0.611845, -0.1025) (0.260542, -0.330535, -0.127019) (-0.406445, -0.333426, -0.398426) (-0.503722, -0.25786, 0.196387) (0.134578, -0.320868, 0.279356) (0.298794, 0.284849, -0.0514754) (0.209834, 0.164898, -0.362285) (-0.325699, 0.0363737, -0.53337) (-0.661756, 0.0491625, -0.19911) (-0.643753, 0.00712673, 0.1342) (-0.366966, 0.187456, 0.454289) (0.190669, 0.017712, 0.322793) (-0.0322844, 0.307628, -0.480348) (-0.497665, 0.320891, -0.154711) 


# Original Graph 357 in [350, 375)
14 vertices
0 1
0 2
0 3
0 4
0 5
0 6
1 6
1 7
2 8
2 3
3 9
4 9
4 10
4 11
4 6
4 5
5 6
6 11
6 7
7 11
7 12
8 12
8 13
9 10
10 13
12 13

# Unit Distance Graph 357
14 vertices
0 4
0 11
0 7
0 12
0 13
0 10
1 4
1 10
1 9
2 4
2 6
2 11
3 6
3 7
3 11
4 8
4 12
4 7
5 8
5 13
5 12
6 9
6 10
6 13
6 8
7 9

# Embedding 357 (with cost 8.58149e-15)
(0.769742, 0.00871655, 0.609756) (0.348886, -0.529104, 0.813619) (0.627092, -0.273592, 0.143204) (0.641267, 0.0241117, 0.206221) (-0.19133, 0.22197, 0.434073) (0.235478, 0.0858028, 0.863627) (0.0856037, -0.269909, 0.983904) (0.0927647, -0.726453, 0.574729) (0.407621, -0.487383, 0.062487) (0.210108, 0.133006, 0.0771748) (-0.0281327, -0.0658879, 0.0115671) (-0.206214, -0.193851, 0.690235) (0.160702, -0.694158, 0.242281) (0.0864486, -0.376699, -0.0103771) 


# Original Graph 358 in [350, 375)
14 vertices
0 1
0 2
0 3
0 4
0 5
1 6
1 2
2 7
2 3
3 7
3 8
3 9
3 10
3 4
4 10
4 5
5 11
6 12
6 7
7 8
8 12
9 13
9 10
10 11
11 13
12 13

# Unit Distance Graph 358
14 vertices
0 3
0 9
0 13
0 12
0 8
1 3
1 10
1 9
2 9
2 10
2 11
2 13
3 6
3 12
3 13
3 11
3 5
4 6
4 7
4 8
4 12
5 8
5 7
6 10
7 11
7 10

# Embedding 358 (with cost 9.98633e-15)
(0.249394, 0.310512, 0.255278) (0.370715, -2.63327e-05, 0.17954) (0.37312, -0.0772221, -0.130561) (-0.289646, 0.111315, -0.563108) (-0.267819, 0.439696, 0.0547368) (-0.160789, 0.283047, 0.413572) (0.159652, -0.461812, 0.122207) (0.206507, -0.396026, -0.222001) (-0.100945, -0.517149, -0.183174) (-0.60726, -0.161703, 0.047535) (-0.588108, 0.182537, -0.0380107) (-0.463141, -0.0123987, 0.413925) (-0.252156, -0.55172, 0.184541) (-0.485123, -0.367027, 0.293033) 


# Original Graph 359 in [350, 375)
14 vertices
0 1
0 2
0 3
0 4
0 5
0 6
1 6
1 7
1 8
2 8
2 9
2 3
3 10
4 10
4 11
5 11
5 9
5 12
6 12
6 13
7 13
7 8
8 13
9 10
10 11
12 13

# Unit Distance Graph 359
14 vertices
0 2
0 9
0 5
0 12
0 13
0 8
1 5
1 9
1 10
1 11
2 6
2 12
2 5
3 6
3 13
3 12
4 7
4 8
4 13
5 8
6 10
6 9
7 11
7 10
8 11
10 13

# Embedding 359 (with cost 8.70442e-15)
(-0.0517081, 0.263206, 0.103589) (-0.568942, 0.247224, -0.203793) (-0.397682, -0.512351, -0.424439) (0.000219087, -0.423933, -0.237875) (0.26766, 0.0321401, -0.174806) (0.177004, 0.176646, -0.866049) (-0.375387, 0.487251, -0.407175) (-0.664869, 0.0786968, -0.532886) (-0.618484, -0.302626, -0.495243) (0.0712743, -0.371088, -0.659659) (0.25371, -0.28989, -0.390211) (0.331728, 0.00168441, -0.562267) (-0.111294, 0.323477, -0.892813) (-0.483905, 0.248235, -0.798066) 


# Original Graph 360 in [350, 375)
14 vertices
0 1
0 2
0 3
0 4
0 5
1 6
1 7
1 8
1 2
2 9
3 10
3 4
4 8
5 11
5 12
5 13
6 13
6 12
6 7
7 12
8 11
8 10
8 9
9 10
11 12
12 13

# Unit Distance Graph 360
14 vertices
0 1
0 8
0 11
0 12
0 7
1 5
1 11
1 8
1 4
2 5
2 12
2 11
3 6
3 7
3 12
4 7
4 6
5 9
5 8
6 8
6 10
8 13
9 13
9 12
10 12
10 13

# Embedding 360 (with cost 8.28294e-15)
(-0.143327, -0.122013, -1.0608) (0.228349, -0.285256, -0.146904) (0.294813, -0.0277723, -0.24522) (-0.0339176, 0.30576, -0.777946) (-0.176171, 0.139251, -0.95694) (-0.347352, -0.292757, -0.96453) (-0.114128, -0.498674, -0.189344) (-0.355928, -0.371023, -0.115923) (-0.445747, 0.439308, -0.290437) (0.174116, 0.282799, -0.334604) (0.0153993, 0.440103, -0.508595) (-0.700356, 0.0701092, -0.252837) (-0.687758, -0.212759, -0.226919) (-0.371632, -0.454114, -0.733501) 


# Original Graph 361 in [350, 375)
14 vertices
0 1
0 2
0 3
0 4
1 5
1 6
1 7
2 8
2 9
3 10
3 11
4 11
4 8
4 12
4 5
5 12
6 12
6 13
7 13
7 12
7 8
8 9
9 11
9 10
10 11
12 13

# Unit Distance Graph 361
14 vertices
0 4
0 12
0 7
0 8
1 4
1 8
1 9
1 11
2 4
2 5
2 12
3 7
3 12
3 13
4 8
4 7
5 9
5 8
6 9
6 10
6 11
7 11
9 12
10 13
10 12
11 13

# Embedding 361 (with cost 8.44698e-15)
(0.357228, -0.56478, 0.116274) (0.557561, -0.264471, 0.130708) (-0.200793, -0.281228, 0.315742) (0.0346755, -0.605158, 0.00577064) (-0.037901, -0.0473878, -0.642791) (0.214704, 0.0554277, -0.529258) (0.471242, 0.146475, -0.0673996) (0.00624106, 0.358916, 0.26988) (-0.352425, 0.117498, 0.292028) (-0.437229, -0.182148, 0.19084) (-0.356719, -0.408041, 0.0162219) (-0.340364, -0.393632, -0.290062) (0.23416, 0.298449, -0.373308) (0.274737, 0.362815, -0.0677151) 


# Original Graph 362 in [350, 375)
14 vertices
0 1
0 2
0 3
0 4
0 5
0 6
1 6
1 7
1 2
2 8
2 9
3 9
3 5
3 10
4 10
4 5
5 10
5 11
6 11
6 12
7 12
7 13
8 13
8 12
9 11
12 13

# Unit Distance Graph 362
14 vertices
0 2
0 9
0 11
0 6
0 12
0 8
1 3
1 5
1 11
1 9
2 6
2 11
2 5
3 7
3 12
3 6
4 8
4 12
4 13
5 8
5 13
5 7
6 9
7 10
10 13
10 12

# Embedding 362 (with cost 8.23536e-15)
(-0.518778, 0.600828, 0.227506) (-0.69257, 0.601334, 0.62618) (-0.0381079, 0.128533, 0.966353) (0.0414336, -0.0444913, 0.416065) (-0.373213, 0.223524, 0.0753671) (-0.456942, -0.237422, 0.135297) (-0.917541, -0.218145, 0.640145) (-0.742899, 0.383178, 0.865423) (-0.305527, 0.0979398, 1.06514) (0.064239, -0.0455777, 0.719697) (-0.166011, -0.0467227, 0.170883) (-0.687147, -0.370979, 0.392562) (-0.815798, -0.0448347, 0.930997) (-0.612434, 0.15089, 1.04361) 


# Original Graph 363 in [350, 375)
14 vertices
0 1
0 2
0 3
0 4
0 5
1 6
1 7
2 8
2 3
3 9
3 10
4 10
4 11
4 12
4 5
5 12
5 13
5 6
6 13
7 13
7 12
7 8
8 11
9 11
9 10
10 11

# Unit Distance Graph 363
14 vertices
0 4
0 12
0 7
0 8
0 11
1 4
1 11
1 10
2 4
2 5
2 12
3 5
3 13
3 7
3 12
4 8
4 7
5 9
5 11
5 8
6 9
6 10
6 11
7 10
9 13
10 13

# Embedding 363 (with cost 8.2304e-15)
(0.140805, 0.356588, 0.0245901) (-0.147307, 0.261804, 0.135518) (0.140436, 0.010764, -0.263885) (0.459969, -0.030228, -0.126836) (0.431968, -0.412062, 0.594152) (-0.0975195, -0.122498, 0.698206) (-0.268915, 0.0877251, 0.379908) (-0.415329, -0.473442, 0.066592) (-0.163668, -0.57068, -0.193286) (0.48045, -0.398245, -0.0698535) (0.572272, -0.427833, 0.216801) (0.239205, -0.631469, -0.0939841) (-0.0964135, -0.421536, 0.606184) (-0.3829, -0.186391, 0.388126) 


# Original Graph 364 in [350, 375)
14 vertices
0 1
0 2
0 3
0 4
0 5
1 6
1 7
1 8
2 8
2 9
3 9
3 10
3 7
3 11
4 11
4 12
4 5
5 13
6 13
6 12
6 11
7 10
8 10
9 10
11 12
12 13

# Unit Distance Graph 364
14 vertices
0 1
0 7
0 3
0 11
0 6
1 4
1 11
1 3
2 6
2 11
2 12
3 6
3 13
3 5
4 8
4 10
4 7
5 7
5 10
6 9
8 12
8 11
9 12
9 13
10 13
10 12

# Embedding 364 (with cost 9.95094e-15)
(-0.226126, 0.577093, -0.348041) (-0.118876, -0.324469, -0.767187) (-0.172412, 0.325447, -0.162157) (0.679901, 0.158134, -0.407952) (0.168947, 0.633091, -0.751779) (-0.186993, 0.598714, -0.641158) (-0.0361835, -0.104533, -1.05466) (0.138989, -0.338447, -0.516795) (-0.0805264, -0.210166, -0.275669) (0.319755, 0.048902, -0.132831) (0.213829, -0.225353, -0.240839) (0.66224, 0.297493, -0.712224) (0.192007, 0.297515, -1.09297) (-0.117604, 0.369814, -0.97291) 


# Original Graph 365 in [350, 375)
14 vertices
0 1
0 2
0 3
0 4
0 5
1 6
1 4
1 7
1 2
2 7
2 3
3 8
4 8
4 7
4 9
5 10
5 11
6 11
6 12
6 13
7 8
9 13
9 10
10 12
11 12
12 13

# Unit Distance Graph 365
14 vertices
0 1
0 4
0 9
0 13
0 6
1 5
1 10
1 9
1 4
2 9
2 10
2 12
2 13
3 6
3 13
3 12
4 6
4 11
4 5
5 7
6 8
7 11
7 12
7 10
8 12
8 11

# Embedding 365 (with cost 9.76133e-15)
(0.198201, -0.810247, 0.474917) (0.00265935, 0.170334, 0.489869) (0.376015, -0.232121, 0.223824) (0.27962, -0.569922, 0.0772643) (-0.335541, -0.395544, -0.262063) (-0.0747434, -0.819994, 0.605016) (-0.269979, 0.0604615, 0.625496) (0.138349, -0.118255, -0.0748033) (0.00959501, -0.406974, -0.213159) (-0.557082, -0.442686, -0.0677109) (-0.473029, -0.708478, 0.452316) (-0.303854, -0.513176, 0.730488) (-0.529008, -0.363796, 0.628293) (-0.611904, -0.231895, 0.378799) 


# Original Graph 366 in [350, 375)
14 vertices
0 1
0 2
0 3
0 4
1 4
1 5
1 6
2 7
2 8
3 9
3 5
3 4
5 10
6 10
6 9
6 11
6 7
7 12
7 8
8 12
8 9
9 13
9 10
11 13
11 12
12 13

# Unit Distance Graph 366
14 vertices
0 6
0 11
0 13
0 9
1 8
1 9
1 13
1 12
2 6
2 9
2 10
3 6
3 7
3 12
3 11
4 11
4 12
4 13
5 7
5 8
5 12
6 9
6 8
7 10
7 9
8 10

# Embedding 366 (with cost 9.57989e-15)
(0.0842017, -0.394703, -0.450508) (-0.373055, -0.105089, -0.693166) (0.29232, -0.23074, -0.303454) (-0.481405, -0.340411, 0.00823121) (-0.247042, -0.401138, -0.460406) (-0.564238, -0.101681, -0.455747) (-0.354655, 0.501436, -0.516391) (0.359032, 0.167232, -0.181413) (0.298358, -0.0103778, 0.0418405) (-0.487458, -0.0615804, 0.299315) (-0.635589, 0.141432, -0.281729) (-0.107106, 0.558884, -0.217972) (0.203136, 0.38693, -0.0405401) (-0.114412, 0.390538, 0.135965) 


# Original Graph 367 in [350, 375)
14 vertices
0 1
0 2
0 3
0 4
1 5
1 6
1 2
2 6
2 7
3 7
3 8
3 4
4 9
5 10
5 6
6 11
6 7
7 11
7 12
7 8
8 13
9 13
9 10
10 12
10 11
12 13

# Unit Distance Graph 367
14 vertices
0 7
0 12
0 10
0 11
1 7
1 8
1 13
1 12
2 9
2 10
2 12
2 13
3 5
3 6
3 11
3 10
4 6
4 7
4 11
5 8
5 7
6 9
6 13
6 8
7 10
7 9

# Embedding 367 (with cost 7.68195e-15)
(0.363059, 0.244966, 0.363406) (0.1166, -0.201356, 0.306031) (-0.12286, -0.048635, 0.302312) (0.238322, 0.559426, 0.102005) (0.564726, 0.328603, 0.0832096) (0.163061, -0.410659, -0.128799) (-0.165067, -0.349083, -0.00703203) (-0.34609, 0.429151, -0.31717) (0.0762843, 0.563619, -0.336766) (0.622228, 0.179535, -0.324412) (0.405498, -0.193751, -0.534216) (-0.118178, -0.25427, -0.357131) (0.197879, 0.167677, -0.619824) (0.330927, 0.379717, -0.479092) 


# Original Graph 368 in [350, 375)
14 vertices
0 1
0 2
0 3
0 4
1 5
1 6
1 7
2 8
2 9
3 10
3 11
4 11
4 5
5 11
5 6
6 11
6 12
6 7
7 12
8 12
8 13
9 13
9 10
10 11
11 13
12 13

# Unit Distance Graph 368
14 vertices
0 6
0 12
0 13
0 11
1 9
1 10
1 11
1 13
2 5
2 6
2 11
3 6
3 7
3 12
4 8
4 13
4 12
5 9
5 13
5 8
6 10
6 9
7 11
7 10
8 11
11 12

# Embedding 368 (with cost 9.2448e-15)
(0.349485, 0.0910935, 0.49971) (0.743896, -0.450613, 0.233017) (0.168085, 0.133187, 0.14177) (0.534587, 0.374661, 0.35105) (1.03224, 0.117293, 0.294262) (1.12423, -0.159706, 0.142022) (0.979999, -0.396087, -0.104532) (0.67733, -0.465867, -0.171574) (0.236868, -0.0176913, -0.296635) (0.334685, 0.364355, -0.177318) (0.577287, 0.511255, 0.0161032) (1.09833, 0.435116, -0.0667514) (0.45098, -0.22798, -0.44257) (0.420332, 0.152736, -0.495871) 


# Original Graph 369 in [350, 375)
14 vertices
0 1
0 2
0 3
0 4
1 5
1 6
1 7
2 8
2 9
3 9
3 10
4 10
4 11
5 12
5 13
5 6
6 9
6 7
7 9
7 8
8 9
9 13
10 13
11 13
11 12
12 13

# Unit Distance Graph 369
14 vertices
0 5
0 6
0 9
0 13
1 3
1 10
1 13
1 9
2 5
2 13
2 12
3 6
3 5
4 6
4 7
4 9
5 9
6 10
7 11
7 13
7 10
8 11
8 12
8 13
9 12
9 11

# Embedding 369 (with cost 9.93412e-15)
(-0.272316, 0.501227, -0.244193) (-0.54128, -0.119721, 0.153813) (-0.258691, 0.0576487, -0.537625) (0.183933, 0.207113, -0.452194) (0.102582, 0.452567, -3.11765e-05) (-0.0849234, -0.239124, 0.40138) (-0.348068, -0.434468, 0.100389) (-0.413732, -0.373632, -0.225453) (-0.281333, -0.230126, -0.500632) (0.0993642, -0.366898, -0.573152) (0.35539, 0.250662, -0.0886737) (0.244988, 0.242722, 0.206051) (0.183197, -0.00927844, 0.356945) (0.456761, -0.057208, 0.151531) 


# Original Graph 370 in [350, 375)
14 vertices
0 1
0 2
0 3
0 4
0 5
1 6
1 7
1 2
2 7
2 8
3 8
3 9
4 9
4 10
5 10
5 11
5 12
6 12
6 11
6 7
7 9
8 9
9 13
10 13
11 13
11 12

# Unit Distance Graph 370
14 vertices
0 6
0 7
0 9
0 13
0 11
1 4
1 10
1 13
1 9
2 5
2 11
2 13
2 10
3 6
3 11
3 12
4 7
4 6
5 8
5 9
5 7
6 9
7 10
8 12
8 11
9 12

# Embedding 370 (with cost 9.77258e-15)
(-0.328591, 0.792706, 0.435827) (0.41356, 0.854623, 0.373399) (0.288205, 0.721116, 0.664165) (-0.0195363, 0.2728, 0.679645) (-0.225975, 0.0937917, 0.263256) (-0.247077, 0.596718, -0.171298) (0.530809, 0.662686, -0.0586689) (0.640264, 0.592715, 0.289799) (0.189426, 0.459967, 0.717952) (0.122806, -0.0995815, 0.443806) (-0.222497, 0.182819, -0.00622218) (0.243664, 0.389108, -0.278059) (0.0465273, 0.605709, -0.260996) (0.0816869, -0.0239658, 0.0299709) 


# Original Graph 371 in [350, 375)
14 vertices
0 1
0 2
0 3
0 4
0 5
1 6
1 7
1 8
2 9
2 10
3 10
3 4
4 11
4 5
5 11
5 12
6 12
6 11
6 7
7 13
8 13
8 9
9 10
10 13
10 11
11 12

# Unit Distance Graph 371
14 vertices
0 6
0 7
0 13
0 10
0 11
1 3
1 4
1 11
1 10
2 6
2 11
2 12
3 7
3 6
4 8
4 13
4 7
5 8
5 9
5 10
5 13
6 10
8 11
9 12
9 11
10 12

# Embedding 371 (with cost 9.36724e-15)
(0.062852, -0.352407, -0.346038) (0.42682, 0.173297, -0.0302356) (-0.283034, -0.0643468, -0.082901) (-0.221877, -0.564147, 0.157827) (0.0324742, -0.71144, 0.218224) (0.298453, -0.653529, 0.307816) (0.559483, -0.014532, 0.45346) (0.342702, 0.215841, 0.427769) (-0.00336664, 0.284774, 0.139023) (-0.279306, 0.140558, 0.119083) (-0.440178, 0.00755324, 0.439703) (0.228305, -0.562146, 0.617619) (0.45772, -0.43079, 0.48013) (-0.0955947, 0.257326, 0.43057) 


# Original Graph 372 in [350, 375)
14 vertices
0 1
0 2
0 3
0 4
0 5
1 6
1 7
2 8
2 9
3 9
3 10
3 11
4 11
4 5
5 11
5 12
5 6
6 12
7 12
7 13
7 8
8 13
9 10
10 13
10 11
11 12

# Unit Distance Graph 372
14 vertices
0 7
0 13
0 10
0 11
0 12
1 3
1 11
1 10
2 5
2 12
2 11
3 7
3 12
3 6
4 7
4 8
4 13
5 9
5 10
5 13
5 8
6 10
6 9
7 11
8 11
9 12

# Embedding 372 (with cost 8.29056e-15)
(-0.46129, -0.421122, 0.313353) (-0.712899, 0.001324, 0.236264) (-0.623841, -0.499609, -0.149325) (-0.0199161, -0.322997, -0.407623) (0.00567868, 0.0601253, 0.159728) (-0.175378, 0.324527, 0.196626) (-0.499089, 0.33925, 0.168417) (-0.845498, 0.236542, -0.334615) (-0.786406, -0.209057, -0.388125) (-0.315774, -0.419919, -0.456129) (-0.28919, -0.200632, -0.646734) (0.145899, 0.129106, -0.259858) (-0.506336, 0.491821, -0.0922406) (-0.622973, -0.0665162, -0.607578) 


# Original Graph 373 in [350, 375)
14 vertices
0 1
0 2
0 3
0 4
1 4
1 5
1 6
2 7
2 8
3 9
3 10
4 10
4 11
4 5
5 11
6 11
6 7
7 11
7 12
8 13
8 9
9 13
9 10
10 12
10 11
12 13

# Unit Distance Graph 373
14 vertices
0 7
0 12
0 10
0 11
1 9
1 10
1 12
1 13
2 4
2 11
2 10
3 6
3 7
3 11
4 8
4 13
4 12
4 7
5 8
5 9
5 13
6 10
6 9
7 10
8 11
9 11

# Embedding 373 (with cost 9.98448e-15)
(0.343398, -0.442577, -0.419689) (-0.15485, -0.429198, 0.0230769) (-0.030063, 0.126738, -0.544072) (0.549943, -0.100562, -0.394395) (0.250847, -0.506064, 0.17749) (0.00347405, -0.392651, 0.254589) (-0.375864, -0.0462555, -0.0203218) (-0.371458, 0.203692, -0.152635) (0.223351, 0.239398, -0.488491) (0.532812, 0.180765, -0.370707) (0.531913, 0.253238, 0.273351) (-0.00355051, -0.0621392, 0.437571) (0.273558, 0.473159, -0.0240228) (0.352402, 0.378116, -0.278484) 


# Original Graph 374 in [350, 375)
14 vertices
0 1
0 2
0 3
0 4
1 5
1 6
1 7
2 7
2 8
2 9
3 9
3 10
4 11
4 12
5 12
5 13
5 6
6 9
6 8
6 7
8 9
9 13
10 13
10 11
11 13
11 12

# Unit Distance Graph 374
14 vertices
0 5
0 6
0 9
0 13
1 3
1 10
1 13
1 9
2 5
2 13
2 11
2 12
3 6
3 5
4 6
4 8
4 9
5 9
6 11
6 10
7 10
7 11
7 13
8 12
8 11
9 12

# Embedding 374 (with cost 9.02319e-15)
(0.0522419, -0.00684101, -0.463691) (0.302407, -0.578296, -0.217661) (0.575656, -0.0617973, 0.0323625) (-0.0155334, 0.246432, 0.250032) (-0.218722, -0.0937039, -0.343748) (-0.139826, -0.74365, 0.184554) (0.38567, -0.668584, 0.207817) (0.530261, -0.437683, 0.00450338) (0.504101, -0.117642, 0.346869) (0.267516, 0.111302, 0.50569) (-0.296942, 0.0599156, 0.265522) (-0.419818, -0.128257, -0.0355704) (-0.352112, -0.420071, -0.0719818) (-0.327776, -0.175055, 0.445864) 
