

# Original Graph 150 in [150, 175)
14 vertices
0 1
0 2
0 3
0 4
0 5
0 6
1 7
1 8
1 4
1 3
1 2
2 3
3 4
4 8
4 9
4 5
5 6
6 10
7 11
7 8
9 12
9 13
10 13
10 11
11 12
12 13

# Unit Distance Graph 150
14 vertices
0 4
0 9
0 12
0 11
0 7
0 8
1 4
1 5
1 6
1 10
1 13
1 9
2 9
2 13
2 12
3 10
3 11
3 12
3 13
4 7
4 11
4 10
4 6
5 8
5 7
6 8

# Embedding 150 (with cost 8.83184e-15)
(-0.598385, -0.208965, -0.363645) (0.273254, -0.344626, -0.37448) (-0.322356, -0.413908, -0.296857) (-0.213064, -0.40938, -0.0331491) (-0.0781492, 0.205518, 0.383054) (-0.604881, 0.113032, -0.2351) (-0.535388, 0.228788, -0.505985) (0.356231, 0.0533397, -0.504727) (0.380323, -0.0580272, -0.224542) (-0.0480542, 0.414131, 0.192132) (-0.326652, 0.434058, -0.55823) (0.230376, 0.314336, -0.561917) (0.128711, 0.477306, -0.344562) (-0.122115, 0.564307, -0.242103) 


# Original Graph 151 in [150, 175)
14 vertices
0 1
0 2
0 3
0 4
0 5
1 6
1 7
1 8
1 9
2 9
2 3
3 9
3 8
4 8
4 5
5 10
6 10
6 11
6 7
7 8
8 12
10 12
10 13
11 13
11 12
12 13

# Unit Distance Graph 151
14 vertices
0 6
0 7
0 8
0 12
0 11
1 4
1 5
1 10
1 12
1 8
2 11
2 12
2 13
3 6
3 11
3 13
3 10
4 7
4 6
5 8
5 7
6 8
8 10
9 10
9 13
9 12

# Embedding 151 (with cost 9.23695e-15)
(-0.835938, -0.597203, -0.296474) (-0.451407, 0.226116, -0.289062) (-0.864888, -0.360991, -0.481141) (-0.722169, -0.391572, -0.736126) (-0.596865, -0.762288, -0.332653) (-0.498908, -0.746591, -0.0619411) (-0.146644, 0.0934596, -0.0777067) (-0.163424, 0.137186, -0.388112) (-0.0606637, -0.452271, -0.911245) (-0.74644, -0.0399069, -0.472907) (-0.181343, -0.672498, 0.0567099) (0.0626197, -0.18258, -0.152662) (0.111169, -0.535225, -0.611347) (0.0519032, -0.526027, -0.11747) 


# Original Graph 152 in [150, 175)
14 vertices
0 1
0 2
0 3
0 4
0 5
0 6
1 6
1 7
1 8
2 9
2 3
3 9
3 4
4 10
4 11
4 7
4 5
5 6
7 11
8 11
8 12
9 12
9 13
9 10
10 13
12 13

# Unit Distance Graph 152
14 vertices
0 4
0 11
0 8
0 12
0 13
0 10
1 3
1 4
1 10
1 9
2 4
2 7
2 11
3 8
3 11
3 7
4 9
4 12
4 8
5 9
5 13
5 12
6 9
6 10
6 13
7 9

# Embedding 152 (with cost 9.69232e-15)
(-0.0419454, 0.349786, 0.00586694) (-0.69276, 0.432367, 0.465998) (-0.256325, -0.221978, -0.0955859) (0.00468349, -0.0919301, -0.0225553) (0.00885965, -0.157032, 0.866422) (-0.0236273, 0.378723, 0.421053) (-0.344371, 0.522432, 0.301612) (-0.562747, 0.289722, 0.707078) (-0.87821, 0.00960268, 0.43591) (-0.453547, -0.43187, 0.0234249) (-0.159804, -0.388943, 0.669485) (-0.471077, 0.0259955, 0.849078) (-0.80416, -0.232301, 0.289071) (-0.563796, -0.453166, 0.293859) 


# Original Graph 153 in [150, 175)
14 vertices
0 1
0 2
0 3
0 4
0 5
0 6
1 6
1 7
1 8
1 9
2 10
2 11
2 12
3 12
3 4
4 12
4 5
5 11
5 7
5 6
7 13
7 8
8 13
9 13
9 10
10 11

# Unit Distance Graph 153
14 vertices
0 5
0 7
0 13
0 9
0 10
0 11
1 2
1 12
1 4
1 5
1 11
2 7
2 5
2 6
3 7
3 8
3 13
4 9
4 13
4 8
5 10
5 9
6 11
6 10
7 12
8 12

# Embedding 153 (with cost 6.49636e-15)
(0.590321, 0.241963, 0.266916) (-0.0187945, 0.250431, 0.0657621) (0.193092, -0.121067, 0.969694) (0.654581, -0.040687, 0.57936) (0.656018, -0.321322, 0.532374) (0.274999, -0.700873, 0.159067) (0.31554, 0.122987, 0.00769424) (-0.104454, -0.450838, 0.0737494) (-0.230153, -0.112364, 0.118808) (-0.296056, -0.0343979, 0.638345) (-0.112785, -0.123012, 0.87719) (0.0606804, -0.400543, 0.820691) (0.448379, -0.153588, 0.852221) (-0.319128, -0.15715, 0.383584) 


# Original Graph 154 in [150, 175)
14 vertices
0 1
0 2
0 3
0 4
0 5
1 5
1 4
1 6
1 7
2 8
2 3
3 9
4 9
4 10
4 11
4 6
4 5
6 11
6 7
7 11
7 12
8 13
8 9
10 13
10 12
12 13

# Unit Distance Graph 154
14 vertices
0 4
0 11
0 7
0 12
0 10
1 4
1 10
1 13
1 8
1 9
2 4
2 6
2 11
3 6
3 7
3 11
4 8
4 13
4 12
4 7
5 10
5 12
5 13
6 9
6 8
7 9

# Embedding 154 (with cost 9.85487e-15)
(-0.217064, 0.546761, 0.111222) (0.095865, 0.571909, -0.448543) (-0.0654405, 0.170161, 0.322906) (-0.296606, 0.300133, 0.224569) (-0.547044, -0.193596, -0.474426) (-0.207853, 0.591372, -0.187701) (0.188138, 0.197353, -0.644027) (0.435446, -0.0439922, -0.363375) (0.0646067, -0.0806031, 0.308591) (-0.472927, -0.0797632, 0.0532532) (0.00583971, -0.385432, -0.173963) (0.0500963, -0.0495103, -0.645803) (0.393585, -0.205821, -0.13521) (0.261279, -0.239149, 0.112548) 


# Original Graph 155 in [150, 175)
14 vertices
0 1
0 2
0 3
0 4
0 5
1 5
1 6
1 7
1 8
2 9
2 3
3 9
3 6
4 6
4 5
6 10
6 11
6 7
7 11
8 11
8 12
8 13
9 13
10 13
10 12
12 13

# Unit Distance Graph 155
14 vertices
0 6
0 11
0 8
0 12
0 10
1 3
1 6
1 10
1 13
1 9
2 6
2 7
2 11
3 8
3 11
3 7
4 8
4 13
4 12
5 10
5 12
5 13
6 9
6 13
6 8
7 9

# Embedding 155 (with cost 8.5191e-15)
(0.582859, -0.146393, 0.167484) (0.321997, 0.333477, -0.231625) (0.421045, -0.218058, 0.414637) (0.236092, -0.449621, 0.384312) (0.356163, -0.299502, -0.198226) (0.50285, -0.0084579, -0.146308) (-0.239471, -0.492344, -0.284281) (-0.137987, 0.135062, -0.335557) (-0.258057, 0.394689, 0.17705) (0.0538446, -0.143052, 0.605641) (-0.415731, -0.175492, 0.211893) (-0.298577, 0.234096, -0.112338) (-0.356272, 0.150657, 0.340099) (-0.196232, 0.0293896, 0.567731) 


# Original Graph 156 in [150, 175)
14 vertices
0 1
0 2
0 3
0 4
0 5
0 6
1 7
1 8
2 9
2 3
3 4
4 5
5 10
6 10
6 9
6 11
6 7
7 11
7 12
7 13
7 8
8 13
8 9
9 10
11 12
12 13

# Unit Distance Graph 156
14 vertices
0 6
0 11
0 12
0 13
0 8
0 9
1 6
1 9
1 10
2 6
2 7
2 11
3 7
3 12
3 11
4 7
4 13
4 12
5 7
5 8
5 13
6 9
6 8
7 10
7 9
8 10

# Embedding 156 (with cost 9.00858e-15)
(0.1651, -0.727448, -0.00795727) (0.437529, -0.827821, -0.0587353) (0.40209, -0.0465621, 0.046825) (0.18169, -0.263199, 0.0396189) (-0.00280569, -0.381979, -0.152843) (-0.0390841, -0.278188, -0.418759) (0.306422, -0.32015, -0.910252) (0.854267, -0.707214, -0.552404) (0.898719, -0.0622482, -0.146924) (0.633072, 0.152321, -0.0916741) (0.0429255, -0.132525, -0.659445) (0.581955, -0.419831, -0.863295) (0.834982, -0.446113, -0.695059) (0.960338, -0.257875, -0.391491) 


# Original Graph 157 in [150, 175)
14 vertices
0 1
0 2
0 3
0 4
0 5
0 6
0 7
1 7
1 8
2 9
2 10
3 10
3 9
3 8
3 4
4 5
5 11
5 12
5 6
6 13
7 11
8 9
9 10
11 13
11 12
12 13

# Unit Distance Graph 157
14 vertices
0 1
0 8
0 3
0 4
0 5
0 11
0 7
1 5
1 4
2 5
2 12
2 11
3 7
3 11
3 13
3 6
4 7
5 9
5 8
6 8
6 9
9 13
9 12
10 11
10 12
10 13

# Embedding 157 (with cost 9.23755e-15)
(-0.55976, -0.224573, 0.831579) (-0.334379, 0.532367, 0.218191) (-0.783194, 0.0151647, 0.708993) (-1.03499, 0.0429937, -0.00660999) (-0.812659, -0.271793, -0.13476) (-0.469144, -0.387187, -0.150941) (-0.281027, -0.335466, 0.530329) (-0.105025, 0.367474, 0.166225) (-0.62462, 0.539886, 0.190179) (-0.876046, 0.424358, 0.268375) (-0.962421, 0.2005, 0.423071) (-0.0391472, 0.11552, 0.0484449) (-0.21938, -0.247641, -0.0739803) (-0.0667434, -0.151159, 0.150861) 


# Original Graph 158 in [150, 175)
14 vertices
0 1
0 2
0 3
0 4
1 5
1 3
1 6
2 7
2 8
3 8
3 5
3 9
3 4
4 10
5 11
6 8
6 7
7 8
9 11
9 12
9 13
9 10
10 13
10 11
11 12
12 13

# Unit Distance Graph 158
14 vertices
0 3
0 9
0 11
0 5
1 3
1 4
1 10
1 9
2 9
2 12
2 11
3 5
3 11
3 10
3 4
4 5
6 9
6 10
6 13
7 9
7 13
7 12
8 10
8 11
8 12
8 13

# Embedding 158 (with cost 9.06246e-15)
(-0.607534, -0.785691, 0.513854) (-0.569164, -0.495082, -0.348398) (-0.651289, -0.496455, 0.418036) (0.0452554, -0.0567633, 0.307626) (-0.365778, -0.942728, 0.522376) (-0.30549, -0.636636, -0.427715) (-0.621407, -0.310391, -0.113676) (-0.634435, -0.257405, 0.171983) (-0.409508, -0.0830608, 0.256276) (0.300102, -0.611035, 0.132157) (-0.136204, -1.03811, 0.371091) (-0.0698321, -0.819636, -0.328598) (0.123255, -0.846546, -0.108764) (0.0904583, -0.946147, 0.184754) 


# Original Graph 159 in [150, 175)
14 vertices
0 1
0 2
0 3
0 4
0 5
1 6
1 7
2 8
2 3
3 9
3 10
3 7
3 4
4 6
4 11
4 12
4 5
5 13
6 11
7 10
8 10
8 9
9 10
11 13
11 12
12 13

# Unit Distance Graph 159
14 vertices
0 1
0 7
0 3
0 4
0 6
1 4
1 3
2 4
2 11
2 6
3 6
3 11
3 13
3 5
4 8
4 10
4 7
5 7
5 10
8 12
8 11
9 11
9 12
9 13
10 13
10 12

# Embedding 159 (with cost 9.04061e-15)
(0.115222, -0.527031, 0.0129074) (0.439978, 0.418619, -0.00381061) (0.447283, -0.509708, 0.0220293) (0.831182, -0.25554, -0.630284) (0.282057, -0.0710436, -0.861302) (-0.0459945, -0.369443, -0.16382) (0.237929, 0.437516, -0.220742) (0.696088, 0.286129, -0.0240411) (0.69844, -0.33503, 0.00871869) (0.88616, -0.195868, -0.201148) (0.856815, 0.0456263, -0.0513383) (0.0429207, 0.309046, -0.385565) (0.00110014, 0.0923345, -0.566673) (-0.100375, -0.0770381, -0.313521) 


# Original Graph 160 in [150, 175)
14 vertices
0 1
0 2
0 3
0 4
0 5
1 6
1 7
1 2
2 7
2 8
2 9
2 3
3 10
3 11
3 12
3 4
4 12
5 10
5 9
6 8
6 7
8 9
10 13
11 13
11 12
12 13

# Unit Distance Graph 160
14 vertices
0 2
0 3
0 10
0 5
0 9
1 3
1 11
1 13
1 10
2 5
2 10
2 13
2 12
2 4
3 6
3 8
3 9
3 5
4 9
4 8
6 12
6 11
7 11
7 12
7 13
8 12

# WARNING!!: failed to find good embedding for graph 160!!!


# Original Graph 161 in [150, 175)
14 vertices
0 1
0 2
0 3
0 4
0 5
1 6
1 7
2 8
2 3
3 8
3 9
3 7
3 4
4 6
4 10
4 11
4 12
5 12
5 11
6 10
7 9
7 13
8 13
9 13
10 11
11 12

# Unit Distance Graph 161
14 vertices
0 1
0 7
0 3
0 4
0 6
1 4
1 3
2 4
2 10
2 6
3 6
3 10
3 11
3 5
4 8
4 13
4 7
5 7
5 9
7 12
8 11
8 10
9 11
9 12
11 13
12 13

# Embedding 161 (with cost 8.35465e-15)
(0.00694831, -0.759283, -0.0417363) (0.058982, 0.0322165, -0.650686) (0.279364, -0.574042, 0.0268584) (0.244651, 0.139743, 0.326025) (-0.434561, 0.100043, 0.216386) (-0.251134, -0.638289, -0.0598028) (-0.217344, 0.0673196, -0.557896) (0.280548, 0.0955682, -0.482613) (0.437581, -0.327583, -0.0213186) (0.383033, 0.133148, -0.00766687) (-0.439063, -0.0150391, -0.387122) (-0.540661, -0.204653, -0.188441) (-0.44531, -0.426422, -0.0346665) (0.438906, -0.0154412, -0.256602) 


# Original Graph 162 in [150, 175)
14 vertices
0 1
0 2
0 3
0 4
0 5
1 6
1 7
1 8
2 9
2 10
2 3
3 10
4 10
4 7
4 11
4 12
4 5
5 12
6 11
6 7
8 10
8 13
9 13
9 10
10 13
11 12

# Unit Distance Graph 162
14 vertices
0 1
0 8
0 10
0 4
0 7
1 4
1 10
1 3
2 4
2 11
2 6
2 7
3 7
3 6
4 9
4 13
4 8
5 8
5 13
5 10
6 10
9 12
9 11
10 11
10 12
12 13

# Embedding 162 (with cost 7.80323e-15)
(0.079245, 0.256688, 0.161598) (-0.471301, -0.577583, 0.131762) (-0.392486, 0.325822, -0.0865695) (-0.116928, 0.344494, -0.0237818) (0.110435, -0.334394, -0.64441) (0.241336, 0.0193714, 0.0738848) (-0.209575, -0.649193, 0.0394837) (-0.14788, -0.632164, -0.23634) (-0.671204, -0.378165, -0.0222163) (-0.617935, 0.154027, -0.163866) (-0.431171, 0.0237975, -0.666192) (0.0695891, -0.55896, -0.0261663) (0.244513, -0.331289, -0.0201544) (-0.725647, -0.120153, -0.139368) 


# Original Graph 163 in [150, 175)
14 vertices
0 1
0 2
0 3
0 4
0 5
1 6
1 7
1 8
1 9
2 10
2 11
3 7
3 4
4 5
5 12
6 12
6 7
7 12
7 11
8 13
8 9
9 13
9 11
9 10
10 11
11 13

# Unit Distance Graph 163
14 vertices
0 1
0 8
0 13
0 11
0 7
1 3
1 7
1 11
1 2
2 7
2 6
3 9
3 8
4 8
4 9
4 13
5 9
5 11
5 13
6 11
6 10
7 10
7 9
9 12
10 12
11 12

# Embedding 163 (with cost 9.96703e-15)
(0.135944, -0.29838, 0.557725) (-0.0366737, 0.362734, -0.172433) (0.0167506, -0.474721, 0.371455) (0.604953, -0.256255, 0.280521) (0.4076, -0.205129, 0.478651) (0.494688, 0.0366377, 0.360478) (0.370883, 0.361237, -0.0477876) (0.797458, -0.188707, -0.184145) (-0.100626, 0.125098, -0.316747) (-0.192804, -0.214261, -0.320994) (-0.102556, -0.504096, 0.116694) (0.251834, -0.567716, -0.398323) (0.594031, 0.213339, 0.124033) (0.0278452, -0.349516, -0.435099) 


# Original Graph 164 in [150, 175)
14 vertices
0 1
0 2
0 3
0 4
0 5
0 6
1 7
1 8
1 9
2 10
2 3
3 10
3 5
3 11
4 11
4 12
5 12
5 13
5 6
6 13
7 13
7 9
7 8
8 9
9 10
11 12

# Unit Distance Graph 164
14 vertices
0 3
0 5
0 13
0 7
0 9
0 10
1 3
1 11
1 12
1 5
2 5
2 6
2 13
3 7
3 13
3 6
4 7
4 8
4 9
5 10
5 9
6 10
7 11
8 12
8 11
9 12

# Embedding 164 (with cost 9.5975e-15)
(-0.343673, -0.25297, -0.462306) (-0.0331721, 0.0336028, -0.0921664) (0.0896824, 0.366858, -0.791274) (-0.0644232, 0.58967, -0.922716) (-0.561567, 0.215294, -0.782668) (-0.773791, 0.645131, -0.370586) (-0.685744, 0.405804, -0.161038) (-0.185957, 0.57888, 0.0698125) (0.0642239, 0.404393, -0.025946) (0.213745, 0.54865, -0.246231) (0.197872, 0.57686, -0.596886) (-0.419002, 0.482949, -0.89791) (-0.689523, 0.514002, -0.673905) (-0.484133, 0.630813, -0.0159909) 


# Original Graph 165 in [150, 175)
14 vertices
0 1
0 2
0 3
0 4
0 5
0 6
0 7
1 7
1 2
2 7
2 8
3 9
3 10
4 11
4 12
5 12
5 7
5 13
5 6
6 13
7 13
8 10
8 9
9 10
10 11
11 12

# Unit Distance Graph 165
14 vertices
0 2
0 8
0 10
0 11
0 12
0 5
0 7
1 4
1 12
1 11
2 5
2 12
2 4
3 5
3 13
3 7
4 7
5 9
5 8
6 8
6 9
6 10
7 11
7 10
9 13
10 13

# Embedding 165 (with cost 9.27907e-15)
(-0.29756, 0.251487, 0.0735905) (-0.0894236, 0.0620839, -0.721413) (0.197288, 0.0580295, -0.773581) (0.186682, 0.254033, 0.0258527) (0.206315, -0.382025, 0.124345) (-0.0720781, -0.691956, -0.169459) (-0.346261, -0.408151, -0.183559) (-0.13668, -0.209637, -0.799039) (0.447094, 0.0645516, -0.567148) (0.496016, 0.128199, -0.237392) (0.608538, -0.114245, -0.139076) (0.467248, -0.385687, -0.0216862) (0.172601, -0.623468, -0.042177) (-0.254129, -0.486291, -0.481695) 


# Original Graph 166 in [150, 175)
14 vertices
0 1
0 2
0 3
0 4
0 5
1 5
1 6
2 7
2 8
3 8
3 4
4 8
4 5
5 7
5 9
5 10
5 6
6 10
6 11
6 12
7 9
9 12
10 13
10 11
11 13
12 13

# Unit Distance Graph 166
14 vertices
0 5
0 10
0 13
0 12
0 9
1 5
1 9
1 7
2 5
2 6
2 10
3 10
3 11
3 13
4 6
4 12
4 13
4 11
5 7
5 9
5 12
5 6
6 8
6 7
8 11
8 10

# WARNING!!: failed to find good embedding for graph 166!!!


# Original Graph 167 in [150, 175)
14 vertices
0 1
0 2
0 3
0 4
0 5
1 6
1 4
1 3
1 2
2 3
3 4
4 6
4 7
4 8
4 9
4 5
5 9
6 7
7 10
8 11
8 12
9 13
10 13
10 11
11 12
12 13

# Unit Distance Graph 167
14 vertices
0 4
0 8
0 11
0 10
0 7
1 4
1 9
1 13
1 12
1 8
2 8
2 12
2 11
3 10
3 11
3 12
3 13
4 6
4 7
4 10
4 13
4 9
4 5
5 7
5 6
6 9

# WARNING!!: failed to find good embedding for graph 167!!!


# Original Graph 168 in [150, 175)
14 vertices
0 1
0 2
0 3
0 4
1 5
1 6
1 7
2 7
2 3
3 7
3 6
4 6
4 8
5 9
5 6
6 9
6 10
6 8
8 11
9 11
9 12
10 12
10 13
10 11
11 13
12 13

# Unit Distance Graph 168
14 vertices
0 6
0 10
0 12
0 9
1 6
1 8
1 11
1 10
2 10
2 13
2 12
3 9
3 12
3 13
3 11
4 5
4 6
4 9
5 8
5 6
6 9
6 11
6 8
7 10
7 11
7 13

# Embedding 168 (with cost 5.04959e-15)
(0.00964031, 0.118923, 0.0232633) (-0.396724, -0.268018, -0.457062) (-0.239452, -0.0361708, 0.0302963) (-0.489518, 0.0968412, 0.0964483) (0.110254, 0.390188, -0.0724827) (-0.436435, -0.139458, -0.721023) (-0.872802, 0.556151, -0.15031) (-0.375537, -0.19328, -0.172475) (0.117134, 0.573582, -0.29075) (-0.380387, 0.109785, -0.897495) (-0.550977, 0.71554, -0.550981) (0.0312973, 0.62848, -0.571467) (-0.386164, 0.437826, -0.837922) (-0.241092, 0.643549, -0.703174) 


# Original Graph 169 in [150, 175)
14 vertices
0 1
0 2
0 3
0 4
0 5
1 6
1 7
1 2
2 7
3 7
3 6
3 8
3 9
3 10
3 4
4 5
5 10
6 11
6 8
8 11
9 12
9 13
10 13
10 12
11 12
12 13

# Unit Distance Graph 169
14 vertices
0 3
0 9
0 12
0 11
0 8
1 3
1 10
1 13
1 9
2 9
2 13
2 12
3 6
3 11
3 12
3 10
3 5
4 6
4 8
4 11
5 8
5 6
6 10
7 10
7 12
7 13

# Embedding 169 (with cost 9.71034e-15)
(-0.332955, 0.882941, -0.253743) (-0.326714, 0.594426, 0.324049) (-0.491421, 0.769331, 0.0670262) (-0.955281, 0.100521, -0.276752) (-0.440374, 0.705565, -0.473404) (-0.143727, 0.624088, -0.536095) (-0.219692, 0.243328, 0.385453) (-0.770704, 0.501575, 0.0593263) (-0.315541, 0.0104465, 0.23457) (-0.33798, -0.108051, -0.387568) (-0.0340023, 0.325918, -0.593678) (-0.038049, -0.00131365, 0.108366) (0.0295203, -0.0464538, -0.1842) (-0.0517241, 0.0463894, -0.465911) 


# Original Graph 170 in [150, 175)
14 vertices
0 1
0 2
0 3
0 4
0 5
1 5
1 6
2 7
2 3
3 7
3 4
4 8
4 9
4 10
4 11
4 6
4 5
6 11
6 12
7 8
8 13
8 9
9 13
10 12
10 11
12 13

# Unit Distance Graph 170
14 vertices
0 4
0 10
0 12
0 13
0 9
1 4
1 9
1 8
2 4
2 11
2 10
3 6
3 12
3 10
3 11
4 7
4 8
4 13
4 12
4 6
5 8
5 9
5 13
6 8
6 7
7 11

# Embedding 170 (with cost 9.82357e-15)
(0.155034, 0.344118, 0.649822) (0.311186, -0.00419221, 0.401041) (-0.0678673, 0.318679, 0.824214) (-0.334103, 0.390373, 0.757728) (-0.555022, 0.223258, -0.0438733) (0.173101, 0.272556, 0.363092) (0.256852, -0.261148, 0.282026) (-0.43409, 0.0515244, 0.933819) (-0.554224, -0.197162, 0.863456) (-0.631391, -0.271643, 0.601089) (-0.274039, -0.448826, 0.217229) (-0.176685, -0.268352, 0.021996) (-0.227269, -0.56391, 0.478567) (-0.424146, -0.47096, 0.663893) 


# Original Graph 171 in [150, 175)
14 vertices
0 1
0 2
0 3
0 4
0 5
1 5
1 4
1 6
2 7
2 3
3 7
3 4
4 7
4 8
4 9
4 10
4 5
6 10
6 11
7 12
8 12
8 13
9 11
9 10
11 13
12 13

# Unit Distance Graph 171
14 vertices
0 4
0 9
0 11
0 13
0 8
1 4
1 8
1 12
1 7
2 4
2 10
2 9
3 6
3 11
3 9
3 10
4 7
4 12
4 13
4 11
4 6
5 8
5 13
5 12
6 7
7 10

# Embedding 171 (with cost 9.43125e-15)
(0.443702, -0.389243, 0.553894) (0.819423, -0.0924478, 0.588921) (0.218929, -0.418896, 0.059034) (0.0302205, -0.258821, 0.19923) (0.0530838, 0.514312, 0.377811) (0.545062, -0.141822, 0.665754) (0.951715, 0.0759884, 0.396081) (0.231698, -0.284175, -0.197094) (0.378656, 0.17825, -0.266911) (0.738422, 0.435492, 0.0712429) (0.831057, 0.328042, 0.318618) (0.848505, 0.203429, -0.142435) (0.412596, -0.100046, -0.324553) (0.646484, 0.084815, -0.30293) 


# Original Graph 172 in [150, 175)
14 vertices
0 1
0 2
0 3
0 4
0 5
1 6
1 7
2 8
2 3
3 8
3 9
3 10
3 7
3 4
4 6
4 11
4 12
4 13
4 5
5 13
6 11
7 10
8 9
9 10
11 12
12 13

# Unit Distance Graph 172
14 vertices
0 1
0 7
0 3
0 4
0 6
1 4
1 3
2 4
2 11
2 6
3 6
3 11
3 12
3 13
3 5
4 8
4 9
4 10
4 7
5 7
5 10
8 12
8 11
9 13
9 12
10 13

# Embedding 172 (with cost 7.52591e-15)
(0.705193, -0.020552, -0.562086) (0.31087, -0.255789, 0.326267) (0.727911, -0.369228, -0.536787) (0.339432, -0.937822, -0.404496) (-0.264473, -0.254613, -0.491644) (0.356742, 0.0447791, -0.589417) (0.0713303, -0.182978, 0.194112) (0.367765, -0.518409, 0.236838) (0.638735, -0.677032, -0.415636) (0.511287, -0.816737, -0.204914) (0.435503, -0.719935, 0.0501211) (-0.0951831, -0.120483, -0.0262558) (-0.148342, -0.0711561, -0.299776) (0.0320044, 0.00859052, -0.503449) 


# Original Graph 173 in [150, 175)
14 vertices
0 1
0 2
0 3
0 4
0 5
0 6
0 7
0 8
1 8
1 2
2 9
3 9
3 10
3 11
4 11
4 5
5 6
6 8
6 12
7 12
7 13
8 13
9 11
9 10
10 11
12 13

# Unit Distance Graph 173
14 vertices
0 1
0 2
0 9
0 11
0 4
0 5
0 6
0 8
1 5
1 4
2 6
2 5
3 6
3 12
3 13
3 8
4 8
6 9
7 9
7 10
7 11
8 11
9 12
10 13
10 12
11 13

# Embedding 173 (with cost 8.69915e-15)
(0.651283, -0.235464, 0.495912) (0.308055, 0.242168, -0.312829) (0.167867, 0.393479, -0.112973) (0.0936961, 0.166311, 0.515544) (-0.320112, -0.281232, 0.262895) (-0.221094, -0.505491, 0.0884269) (-0.0453688, -0.583346, -0.131507) (0.55308, -0.423027, 0.0327329) (0.349263, -0.0209427, -0.43294) (-0.0278472, 0.387472, 0.107668) (-0.136146, 0.236335, 0.333082) (-0.304948, 0.00064285, 0.323064) (0.242131, -0.528973, -0.187696) (0.407241, -0.304036, -0.309358) 


# Original Graph 174 in [150, 175)
14 vertices
0 1
0 2
0 3
0 4
0 5
0 6
0 7
0 8
0 9
1 9
1 2
2 9
2 3
3 5
3 4
4 5
5 10
6 10
6 11
7 11
7 12
8 12
8 13
9 13
10 11
12 13

# Unit Distance Graph 174
14 vertices
0 2
0 3
0 5
0 10
0 11
0 7
0 12
0 13
0 9
1 6
1 11
1 10
2 7
2 11
2 6
3 8
3 12
3 7
4 8
4 13
4 12
5 9
5 13
5 8
6 9
9 10

# Embedding 174 (with cost 9.6729e-15)
(-0.712541, 0.174556, 0.403911) (-0.79295, 0.14355, -0.46022) (-0.801663, -0.128954, -0.544741) (-0.689782, -0.468699, -0.361403) (-0.573337, -0.518421, -0.105191) (-0.293036, -0.564568, -0.123072) (-0.0692745, -0.212465, 0.131006) (0.0956003, 0.124017, -0.182905) (-0.27941, 0.431207, -0.213879) (-0.570419, 0.28044, -0.580259) (-0.0567936, -0.411168, -0.0724529) (0.0916794, -0.147284, -0.0957371) (-0.0566677, 0.305052, -0.339595) (-0.307886, 0.365395, -0.490424) 
