# Original Graph 100 in [100, 150)
13 vertices
0 1
0 2
0 3
0 4
1 5
1 6
2 7
2 8
3 8
3 9
3 10
4 10
4 11
5 11
5 12
6 12
6 9
6 7
7 9
8 9
9 10
10 12
10 11
11 12

# Unit Distance Graph
13 vertices
0 6
0 9
0 10
0 12
1 3
1 10
1 9
2 10
2 11
2 12
3 6
3 12
3 5
4 6
4 7
4 9
5 9
5 8
6 10
7 11
7 10
8 12
8 11
9 11

# Embedding (with cost 5.02748e-15)
(-0.213081, 0.0985898, -0.00127475) (-0.0410914, -0.229067, -0.344379) (0.102843, 0.310049, -0.0618715) (0.408797, 0.102769, 0.484768) (-0.111834, -0.303539, 0.180642) (0.123696, -0.551852, -0.215367) (0.64397, -0.145782, -0.454868) (0.635633, 0.144294, -0.310008) (0.442424, 0.273512, 0.250666) (0.781971, 0.135834, 0.0908408) (0.474892, -0.439194, 0.486047) (0.201479, -0.677784, 0.0583633) (0.457275, -0.612905, -0.211982) 
# Original Graph 101 in [100, 150)
13 vertices
0 1
0 2
0 3
0 4
0 5
1 5
1 6
1 7
2 7
2 8
3 9
3 10
4 10
4 11
5 11
5 12
5 6
6 8
6 7
7 8
8 9
9 12
10 12
11 12

# Unit Distance Graph
13 vertices
0 5
0 6
0 8
0 9
0 12
1 3
1 10
1 12
1 9
2 5
2 12
2 11
3 6
3 5
4 6
4 7
4 8
5 9
5 8
6 10
7 11
7 12
7 10
8 11

# Embedding (with cost 8.61291e-15)
(-0.0515768, -0.718878, -0.398883) (-0.172006, -0.0525249, -0.745038) (0.33319, -0.189615, -0.412016) (0.102747, -0.361578, 0.165455) (-0.352915, -0.552503, -0.0253779) (-0.621287, 0.101262, -0.345968) (-0.155942, 0.260155, -0.573821) (0.179387, 0.0995245, -0.5653) (0.350786, 0.15208, -0.116859) (0.240678, 0.0577863, 0.159132) (-0.267438, -0.362052, 0.201052) (-0.56932, -0.215691, 0.0178618) (-0.422637, -0.029041, 0.22276) 
# Original Graph 102 in [100, 150)
13 vertices
0 1
0 2
0 3
0 4
0 5
1 6
1 3
1 7
2 8
2 9
3 9
3 6
3 10
3 4
4 10
5 10
5 6
7 11
7 12
8 12
8 11
8 9
9 11
11 12

# Unit Distance Graph
13 vertices
0 1
0 7
0 11
0 9
0 3
1 3
1 9
1 2
2 3
2 6
3 8
3 12
3 7
4 7
4 12
4 11
5 8
5 9
5 11
6 9
6 8
8 10
10 11
10 12

# Embedding (with cost 9.59146e-15)
(-0.155956, 0.472414, 0.801041) (-0.160124, 0.174814, -0.15364) (-0.137021, 0.0583475, 0.839286) (0.705494, 0.259971, 0.33977) (0.224517, 0.582483, 0.610971) (0.00475989, 0.598451, 0.130122) (-0.036726, 0.421743, -0.0869347) (-0.157938, -0.0815998, -0.0314635) (-0.096999, -0.247391, 0.653759) (0.531268, -0.177744, 0.476978) (0.337069, 0.600839, 0.350295) (0.111943, -0.373433, 0.339769) (-0.133867, -0.274482, 0.240603) 
# Original Graph 103 in [100, 150)
13 vertices
0 1
0 2
0 3
0 4
0 5
1 6
1 7
1 8
2 9
2 3
3 9
3 7
3 10
4 10
4 11
5 11
5 12
6 12
6 10
7 9
7 8
8 9
10 12
10 11

# Unit Distance Graph
13 vertices
0 1
0 7
0 3
0 10
0 6
1 4
1 10
1 3
2 6
2 10
2 12
3 6
3 12
3 5
4 8
4 7
5 7
5 9
7 11
8 11
8 10
9 12
9 10
9 11

# Embedding (with cost 8.46088e-15)
(-0.0243869, -0.183285, 0.172941) (-0.986266, -0.0216956, -0.0476882) (-0.111811, -0.0947561, -0.212928) (-0.344682, 0.744752, -0.017211) (-0.281548, 0.519191, 0.411458) (-0.464085, -0.033428, 0.599376) (-0.99958, 0.030599, 0.229962) (-0.844101, 0.12034, -0.312733) (-0.60509, -0.021613, -0.364978) (-0.319489, -0.0205619, -0.390031) (-0.409326, 0.735728, 0.258008) (-0.381575, 0.297583, 0.555975) (-0.839651, 0.020623, 0.463042) 
# Original Graph 104 in [100, 150)
13 vertices
0 1
0 2
0 3
0 4
0 5
0 6
0 7
1 7
1 5
1 2
2 8
3 9
3 10
3 11
4 11
4 5
5 12
5 6
6 12
7 12
8 10
8 9
9 10
10 11

# Unit Distance Graph
13 vertices
0 1
0 2
0 8
0 10
0 11
0 4
0 5
1 4
1 11
1 3
2 5
2 4
3 5
3 12
3 7
5 9
5 8
6 8
6 9
6 10
7 11
7 10
9 12
10 12

# Embedding (with cost 9.55668e-15)
(-0.078822, -0.178559, 0.468659) (0.776484, -0.125156, -0.0467044) (0.672368, -0.361551, -0.165555) (-0.169666, -0.446658, -0.0845993) (-0.061955, 0.264624, -0.427613) (0.15006, 0.48787, -0.240907) (0.162469, 0.317347, 0.229757) (0.65303, 0.0838622, 0.119654) (0.459792, -0.459157, -0.325796) (0.121538, -0.507347, -0.334338) (0.000949689, -0.327961, -0.516894) (-0.0997612, -0.0559848, -0.523579) (0.410014, 0.347868, 0.09623) 
# Original Graph 105 in [100, 150)
13 vertices
0 1
0 2
0 3
0 4
1 5
1 3
1 6
2 7
2 3
3 8
3 6
3 5
3 9
3 4
4 9
5 9
6 10
7 11
7 8
8 11
8 12
8 10
10 12
11 12

# Unit Distance Graph
13 vertices
0 3
0 6
0 10
0 8
1 2
1 3
1 8
1 7
2 6
2 3
3 7
3 11
3 12
3 10
3 6
4 8
4 10
4 12
5 7
5 8
5 11
8 9
9 12
9 11

# Embedding (with cost 8.60404e-15)
(-0.287251, -0.0479272, 0.306964) (-0.534138, 0.347428, -0.467226) (0.0398675, -0.0524979, 0.24732) (-0.118957, 0.934613, 0.22764) (-0.393317, 0.219509, 0.341671) (-0.577473, 0.504605, -0.225293) (-0.276379, 0.386379, -0.593736) (0.24841, 0.0194144, 0.0619489) (0.420626, 0.454279, -0.189723) (-0.50047, 0.509522, 0.195674) (0.00878613, 0.339774, -0.56599) (0.357154, 0.152609, -0.174589) (0.24611, 0.271133, -0.425445) 
# Original Graph 106 in [100, 150)
13 vertices
0 1
0 2
0 3
0 4
0 5
1 6
1 7
1 2
2 7
2 8
2 4
2 9
2 3
3 9
4 9
4 5
5 8
6 10
6 11
7 11
8 12
10 12
10 11
11 12

# Unit Distance Graph
13 vertices
0 2
0 8
0 12
0 11
0 7
1 2
1 4
1 5
1 8
2 6
2 10
2 12
2 8
2 5
3 10
3 11
3 12
4 7
4 11
4 6
5 7
6 9
9 11
9 10

# Embedding (with cost 9.96429e-15)
(-0.103293, -0.433057, -0.801075) (-0.4196, -0.280484, -0.78541) (0.089738, 0.305805, -0.155457) (0.260957, -0.157951, -0.427446) (0.207649, -0.532862, -0.0486164) (-0.0407902, -0.662488, 0.0575469) (-0.625461, -0.278108, -0.539562) (-0.415564, 0.244396, -0.135083) (-0.307837, -0.551901, 0.170541) (0.302856, -0.273103, -0.167808) (-0.696287, -0.3118, -0.182466) (-0.666493, -0.0476677, -0.0701294) (-0.552164, -0.41981, 0.0924231) 
# Original Graph 107 in [100, 150)
13 vertices
0 1
0 2
0 3
0 4
0 5
0 6
1 6
1 7
1 2
2 8
2 9
3 10
3 11
4 11
4 7
5 7
5 12
6 12
6 7
7 12
8 11
8 10
8 9
9 10

# Unit Distance Graph
13 vertices
0 1
0 2
0 8
0 11
0 4
0 7
1 4
1 11
1 3
2 5
2 7
2 4
3 7
3 6
5 9
5 8
6 11
6 8
6 10
7 10
7 9
8 12
9 12
10 12

# Embedding (with cost 8.9614e-15)
(-0.0074208, 0.0689112, -0.108748) (-0.57831, 0.84179, 0.168279) (-0.472597, 0.715896, 0.495422) (-0.122354, -0.0289499, 0.352441) (-0.963669, -0.0806222, 0.142707) (-0.503075, 0.119637, -0.306791) (-0.598089, 0.649289, -0.20762) (-1.00649, 0.109468, -0.0938212) (-0.601337, 0.198903, 0.685207) (-0.401169, 0.395572, 0.648968) (-0.262514, 0.123844, 0.574235) (-0.84051, -0.089482, 0.421227) (-0.70144, 0.322401, -0.302075) 
# Original Graph 108 in [100, 150)
13 vertices
0 1
0 2
0 3
0 4
0 5
1 6
1 7
1 8
2 8
2 9
3 9
3 10
4 10
4 11
5 11
5 12
6 12
6 7
7 12
7 8
8 9
9 11
9 10
11 12

# Unit Distance Graph
13 vertices
0 7
0 8
0 9
0 11
0 12
1 4
1 11
1 9
1 10
2 5
2 12
2 11
3 6
3 7
3 12
4 8
4 7
5 9
5 8
6 10
6 9
7 10
8 11
9 12

# Embedding (with cost 8.31797e-15)
(0.783902, -0.0626566, -0.0660746) (0.136989, -0.103459, -0.239225) (0.177297, -0.236474, 0.433814) (0.714102, -0.0434847, 0.338515) (0.612276, 0.460616, 0.435995) (0.41899, 0.621016, -0.0203835) (-0.0534201, 0.378908, -0.143662) (-0.199525, 0.11604, -0.0354343) (-0.160296, -0.147151, 0.252282) (0.212322, 0.0184409, 0.750455) (0.543007, 0.172443, 0.631997) (0.295388, 0.742826, 0.269413) (0.0894454, 0.654775, -0.0111094) 
# Original Graph 109 in [100, 150)
13 vertices
0 1
0 2
0 3
0 4
1 4
1 5
1 6
2 7
2 5
3 5
3 8
4 8
4 5
5 8
5 9
5 6
6 10
6 11
7 12
7 9
9 10
10 12
10 11
11 12

# Unit Distance Graph
13 vertices
0 5
0 6
0 10
0 9
1 2
1 5
1 9
1 7
2 6
2 5
3 6
3 11
3 10
4 7
4 9
4 10
4 12
5 7
5 12
5 11
5 6
8 10
8 11
8 12

# Embedding (with cost 9.85657e-15)
(0.206126, 0.0709057, 0.648551) (-0.342559, 0.0193745, -0.0445589) (0.0934193, -0.216544, 0.823926) (0.396708, -0.0466975, 0.399566) (0.201008, 0.0818169, 0.0163977) (0.409586, -0.639344, -0.0253557) (-0.509033, -0.2476, 0.0263754) (-0.106163, -0.444868, 0.80902) (0.411654, -0.0984047, 0.114393) (-0.00468325, -0.849105, 0.318186) (-0.38097, -0.67084, 0.32431) (-0.520529, -0.424151, 0.272266) (-0.365776, -0.507403, 0.592225) 
# Original Graph 110 in [100, 150)
13 vertices
0 1
0 2
0 3
0 4
0 5
1 6
1 7
2 7
2 6
2 3
3 4
4 6
4 8
4 9
5 10
5 11
5 12
6 12
6 7
8 11
8 10
8 9
9 10
11 12

# Unit Distance Graph
13 vertices
0 4
0 8
0 11
0 12
0 6
1 4
1 9
1 8
2 5
2 11
2 8
2 10
3 5
3 12
3 11
4 6
4 12
4 5
5 6
6 10
6 9
7 8
7 9
7 10

# Embedding (with cost 9.21673e-15)
(-0.186457, 0.32095, -0.324296) (-0.100931, -0.44262, -0.157613) (0.399974, -0.274447, -0.303097) (0.559191, -0.0909541, -0.151539) (0.574421, 0.137263, 0.298056) (-0.316127, 0.387538, -0.0817935) (-0.111819, -0.569253, 0.125112) (0.174854, -0.441309, -0.221177) (0.21113, 0.157823, 0.578651) (0.164574, 0.357164, 0.380766) (-0.146412, 0.429835, 0.150168) (-0.17577, -0.225585, 0.513072) (-0.247439, -0.431438, 0.331595) 
# Original Graph 111 in [100, 150)
13 vertices
0 1
0 2
0 3
0 4
0 5
1 6
1 7
1 2
2 7
2 3
3 7
3 8
3 9
3 4
4 9
5 10
5 11
6 12
6 7
7 12
8 11
8 10
9 10
11 12

# Unit Distance Graph
13 vertices
0 3
0 8
0 11
0 12
0 7
1 3
1 9
1 10
1 8
2 5
2 11
2 8
2 10
3 6
3 12
3 11
3 5
4 6
4 7
4 12
5 7
6 9
7 10
7 9

# Embedding (with cost 9.76657e-15)
(0.491125, 0.448189, -0.440849) (0.538219, -0.00731443, -0.15065) (0.0826605, -0.238028, -0.148823) (-0.441776, 0.187223, -0.192671) (-0.0632372, 0.561848, -0.369319) (0.392321, 0.698859, 0.0135084) (0.395326, 0.00476088, 0.323049) (0.133366, -0.253355, 0.175467) (-0.0514939, 0.59623, 0.385981) (-0.243677, 0.616058, -0.143846) (-0.11163, 0.712652, 0.0929572) (0.192933, 0.504367, 0.512002) (0.272296, 0.21573, 0.50682) 
# Original Graph 112 in [100, 150)
13 vertices
0 1
0 2
0 3
0 4
0 5
1 5
1 6
1 7
2 7
2 8
3 8
3 9
3 10
4 10
4 6
4 11
5 11
5 12
6 12
6 11
7 10
7 9
8 9
11 12

# Unit Distance Graph
13 vertices
0 1
0 7
0 10
0 4
0 6
1 4
1 10
1 3
2 4
2 11
2 6
3 6
3 12
3 5
4 7
5 10
5 7
5 9
6 8
7 11
8 11
8 12
9 12
9 11

# Embedding (with cost 9.3271e-15)
(-0.50479, -0.211488, 0.452717) (0.431784, 0.138581, 0.435976) (-0.324849, 0.146986, 0.314647) (-0.322988, -0.0190826, -0.200783) (0.142922, -0.548757, -0.230451) (-0.0374204, -0.548325, 0.598188) (0.426995, -0.50857, 0.244107) (0.31844, 0.315361, 0.241242) (-0.247152, 0.203425, 0.0476713) (0.0177211, 0.301242, 0.0735974) (0.053534, -0.316294, -0.370259) (0.219292, -0.675371, 0.148399) (0.172825, -0.622523, 0.42374) 
# Original Graph 113 in [100, 150)
13 vertices
0 1
0 2
0 3
0 4
0 5
0 6
0 7
1 8
1 9
2 9
2 10
2 3
3 10
3 4
4 10
4 5
5 11
5 6
6 12
7 12
7 8
8 11
9 10
11 12

# Unit Distance Graph
13 vertices
0 1
0 9
0 10
0 4
0 5
0 11
0 8
1 5
1 4
2 5
2 6
2 12
2 11
3 7
3 8
3 11
3 12
4 8
4 7
5 9
6 10
6 9
7 10
10 12

# Embedding (with cost 9.91706e-15)
(0.159443, 0.409504, -0.000152821) (0.570372, -0.463293, 0.263212) (0.128835, -0.16514, 0.648857) (-0.130977, -0.0725156, 0.568049) (-0.422625, -0.384508, 0.175179) (-0.31485, -0.447484, -0.201687) (0.057683, -0.0497302, -0.341909) (0.485625, -0.213166, -0.20656) (0.55033, -0.510756, -0.0182665) (0.348033, -0.406726, 0.545925) (-0.0886767, -0.350551, 0.600473) (0.118926, -0.551585, -0.273403) (0.241405, -0.265845, -0.339671) 
# Original Graph 114 in [100, 150)
13 vertices
0 1
0 2
0 3
0 4
0 5
1 5
1 6
1 7
2 7
2 8
2 9
3 9
3 10
4 10
4 6
4 11
5 11
5 12
5 6
6 12
7 10
7 8
8 9
11 12

# Unit Distance Graph
13 vertices
0 1
0 7
0 10
0 4
0 6
1 4
1 10
1 3
2 4
2 11
2 12
2 6
3 6
3 5
4 7
5 10
5 7
5 8
5 9
6 9
7 11
8 12
8 11
9 12

# Embedding (with cost 8.01771e-15)
(-0.0197958, 0.130972, -0.465608) (-0.480791, 0.811376, 0.104071) (-0.589558, 0.175856, -0.242264) (-0.422894, -0.186944, 0.102037) (0.0355331, 0.0689481, 0.530932) (0.255568, 0.484573, -0.195879) (0.0229943, 0.664105, 0.37934) (-0.690873, 0.606727, 0.102998) (-0.715219, 0.312371, -0.0287848) (-0.598977, -0.00609953, -0.025601) (-0.209575, -0.0677821, 0.495891) (0.198337, 0.235679, 0.370633) (0.234497, 0.481189, 0.23492) 
# Original Graph 115 in [100, 150)
13 vertices
0 1
0 2
0 3
0 4
0 5
1 6
1 7
1 8
2 8
2 5
2 9
2 3
3 9
4 9
4 10
5 10
5 11
6 11
6 12
7 12
7 8
8 12
9 10
11 12

# Unit Distance Graph
13 vertices
0 2
0 5
0 11
0 12
0 8
1 2
1 9
1 10
1 5
2 6
2 11
2 5
3 6
3 12
3 11
4 7
4 8
4 12
5 8
6 9
7 10
7 9
8 10
9 12

# Embedding (with cost 9.70266e-15)
(-0.437044, 0.613298, -0.35806) (0.087295, 0.516656, -0.400876) (-0.219573, -0.0171505, 0.387085) (-0.580266, 0.356188, 0.101143) (-0.537457, 0.775785, 0.200808) (-0.0312947, 0.959798, 0.487697) (0.34887, 0.71495, 0.011717) (0.311365, 0.338159, -0.0958157) (0.0963575, 0.00275523, 0.227363) (-0.565202, 0.501853, 0.35677) (-0.357397, 0.872577, 0.421054) (0.255034, 0.860496, 0.320115) (0.412381, 0.46735, 0.149065) 
# Original Graph 116 in [100, 150)
13 vertices
0 1
0 2
0 3
0 4
0 5
0 6
1 6
1 7
1 2
2 8
2 4
2 9
3 9
3 4
4 9
4 8
5 8
5 10
6 11
7 12
7 10
10 12
10 11
11 12

# Unit Distance Graph
13 vertices
0 1
0 2
0 8
0 5
0 10
0 7
1 5
1 8
1 4
2 6
2 11
2 10
2 5
3 7
3 10
3 12
4 7
4 12
4 11
4 6
6 8
9 10
9 11
9 12

# Embedding (with cost 9.58447e-15)
(0.425465, 0.360472, 0.16883) (0.0333248, -0.492176, -0.176449) (-0.0452795, -0.200444, -0.512179) (0.251492, 0.44254, -0.10081) (-0.288773, 0.445525, -0.306722) (-0.556688, 0.191946, 0.252342) (0.315711, 0.0516047, 0.385684) (-0.128437, -0.466357, 0.07112) (-0.550506, 0.308625, -0.042812) (-0.0474144, 0.234691, -0.468121) (-0.446037, -0.0744904, 0.395306) (0.0424808, -0.0803344, 0.476696) (-0.235119, -0.303728, 0.353385) 
# Original Graph 117 in [100, 150)
13 vertices
0 1
0 2
0 3
0 4
0 5
1 5
1 6
1 7
2 8
2 9
3 9
3 10
4 10
4 6
4 11
4 12
5 12
5 6
6 11
7 10
7 9
7 8
8 9
11 12

# Unit Distance Graph
13 vertices
0 1
0 7
0 10
0 4
0 6
1 4
1 10
1 3
2 4
2 11
2 6
3 6
3 5
4 8
4 7
5 10
5 7
5 9
6 9
7 12
8 12
8 11
9 11
9 12

# Embedding (with cost 9.9979e-15)
(0.423861, 0.366303, 0.504485) (0.636017, -0.353688, -0.156275) (0.315775, 0.107071, 0.537895) (-0.0748482, 0.0827935, 0.395227) (-0.0826988, 0.312305, -0.356028) (0.719283, 0.348565, -0.151326) (0.45703, 0.0749552, -0.451558) (0.274981, -0.520373, 0.0667161) (0.232215, -0.347908, 0.325843) (0.0901, -0.139419, 0.453653) (-0.250628, 0.107739, -0.187043) (0.209613, 0.296902, -0.438165) (0.449285, 0.386281, -0.317466) 
# Original Graph 118 in [100, 150)
13 vertices
0 1
0 2
0 3
0 4
0 5
1 6
1 7
1 8
2 8
2 9
3 9
3 10
4 10
4 7
4 11
5 11
5 6
6 11
6 7
7 11
8 10
8 12
9 12
10 12

# Unit Distance Graph
13 vertices
0 1
0 8
0 10
0 4
0 7
1 4
1 10
1 3
2 4
2 11
2 7
3 7
3 6
4 8
5 8
5 12
5 10
6 10
6 12
6 9
7 9
8 11
9 11
11 12

# Embedding (with cost 9.5945e-15)
(0.393486, -0.457123, -0.0254623) (0.0185545, -0.675629, -0.926396) (0.557224, -0.385321, -0.421788) (0.355711, 0.0957959, -0.386739) (-0.29335, 0.140237, -0.439488) (-0.0678812, -0.569304, -0.0715465) (-0.327622, -0.634168, -0.372318) (-0.41916, -0.496756, -0.606869) (0.249244, -0.471725, -1.0149) (0.494498, -0.0939822, -0.552086) (0.0276395, 0.271217, -0.604838) (-0.434186, -0.359842, -0.293505) (0.363171, -0.0675871, -0.82153) 
# Original Graph 119 in [100, 150)
13 vertices
0 1
0 2
0 3
0 4
0 5
1 6
1 4
1 7
1 2
2 8
3 8
3 4
4 7
4 9
5 10
5 11
6 11
6 12
7 8
9 12
9 10
10 12
10 11
11 12

# Unit Distance Graph
13 vertices
0 1
0 4
0 9
0 12
0 6
1 5
1 10
1 9
1 4
2 9
2 10
2 12
3 6
3 12
3 11
4 6
4 11
4 5
5 7
7 11
7 10
8 10
8 11
8 12

# Embedding (with cost 9.67366e-15)
(-0.175539, 0.531205, -0.162699) (-0.657349, -0.198631, -0.647672) (-0.388876, 0.108683, -0.668254) (-0.43048, 0.656138, -0.520062) (-1.10125, 0.686428, -0.507602) (-0.344401, 0.407547, 0.083499) (-0.80258, -0.239461, -0.27625) (-0.815197, 0.322653, -0.794649) (-0.502763, 0.375532, -0.73252) (-1.17288, 0.551139, -0.23285) (-0.841673, 0.291088, 0.204502) (-0.783469, 0.00691628, 0.153667) (-1.07592, 0.155556, 0.0568476) 
# Original Graph 120 in [100, 150)
13 vertices
0 1
0 2
0 3
0 4
0 5
1 6
1 7
1 2
2 8
2 9
3 9
3 10
4 10
4 11
4 5
5 12
6 12
6 7
7 12
7 8
8 9
9 11
9 10
11 12

# Unit Distance Graph
13 vertices
0 7
0 8
0 9
0 11
0 12
1 4
1 11
1 9
1 10
2 4
2 5
2 12
2 11
3 6
3 7
3 12
4 8
4 7
5 9
5 8
6 10
6 9
7 10
9 12

# Embedding (with cost 8.24809e-15)
(-0.0913326, -0.295953, 0.777893) (0.482971, -0.241276, 0.694497) (0.356735, 0.174629, 0.620866) (-0.246886, 0.0072349, 0.471097) (-0.286131, -0.35251, 0.0651254) (-0.00560687, -0.620326, 0.134291) (0.580508, -0.455938, 0.153465) (0.69061, -0.164668, 0.168525) (0.517588, 0.230409, 0.184463) (0.0344876, 0.375068, 0.0472084) (-0.28702, 0.040455, 0.12201) (0.060958, -0.295947, -0.210443) (0.385001, -0.555062, -0.0623264) 
# Original Graph 121 in [100, 150)
13 vertices
0 1
0 2
0 3
0 4
0 5
1 5
1 6
1 7
2 8
2 3
3 9
3 4
4 10
4 11
4 6
4 5
5 6
6 11
7 11
7 12
8 12
8 9
9 10
10 12

# Unit Distance Graph
13 vertices
0 4
0 11
0 7
0 12
0 10
1 3
1 4
1 10
1 9
2 4
2 6
2 11
3 7
3 11
3 6
4 8
4 12
4 7
5 8
5 9
5 10
5 12
6 9
6 8

# Embedding (with cost 9.94639e-15)
(-0.778635, 0.0111232, -0.536693) (-0.978597, -0.611561, -0.435133) (-0.392903, -0.0375252, -0.310798) (-0.457247, 0.144126, -0.0387359) (-1.08374, -0.0881531, 0.410437) (-1.17283, -0.267125, -0.360871) (-1.23878, -0.479146, -0.0117076) (-0.612794, -0.843683, -0.0449577) (-0.241496, -0.406671, -0.0245015) (-0.314919, -0.124764, 0.13281) (-0.498863, -0.281305, 0.377754) (-1.01211, -0.66263, 0.16441) (-0.361831, -0.680662, 0.0529741) 
# Original Graph 122 in [100, 150)
13 vertices
0 1
0 2
0 3
0 4
0 5
1 6
1 2
2 6
2 7
2 8
2 3
3 8
4 9
4 5
5 10
6 10
6 11
6 7
7 8
8 12
8 9
9 12
10 11
11 12

# Unit Distance Graph
13 vertices
0 6
0 7
0 8
0 12
0 11
1 8
1 9
1 12
2 4
2 5
2 10
2 11
2 12
2 9
3 6
3 11
3 10
4 7
4 6
5 8
5 7
6 9
6 8
8 10

# Embedding (with cost 8.83825e-15)
(0.012345, 0.214613, 0.294703) (-0.15141, 0.662867, -0.0868279) (-0.50874, 0.539069, -0.243637) (-0.452016, 0.11532, -0.0672683) (0.188775, -0.103208, 0.074093) (0.369918, 0.185863, 0.0776206) (0.217524, 0.651862, -0.58092) (-0.292386, 0.408305, -0.637833) (-0.29384, -0.207215, -0.558709) (0.0416863, -0.293463, -0.306254) (0.476225, 0.385562, -0.32288) (0.355847, 0.235707, -0.644212) (0.128605, -0.121888, -0.639776) 
# Original Graph 123 in [100, 150)
13 vertices
0 1
0 2
0 3
0 4
1 5
1 6
1 7
2 7
2 8
2 9
3 10
3 11
4 11
4 12
5 12
5 6
6 12
6 11
6 7
7 8
8 11
8 10
8 9
9 10

# Unit Distance Graph
13 vertices
0 6
0 7
0 8
0 11
1 3
1 11
1 8
1 10
2 4
2 12
2 6
2 11
3 7
3 6
4 8
4 7
5 8
5 9
5 10
6 10
6 9
7 11
8 12
9 12

# Embedding (with cost 6.57222e-15)
(0.563356, 0.297987, 0.146021) (0.482267, 0.119516, -0.423046) (0.683385, -0.2736, 0.221452) (0.0141423, -0.124756, 0.426183) (-0.17397, 0.10886, -0.123027) (0.206841, 0.0409281, -0.508686) (0.0749593, -0.2023, -0.568949) (0.513659, -0.594945, -0.301419) (0.366525, -0.6823, 0.163209) (0.453386, -0.46273, 0.31929) (0.192203, -0.344557, 0.413912) (-0.306661, -0.193392, 0.105802) (-0.0499766, 0.0489237, -0.377012) 
# Original Graph 124 in [100, 150)
13 vertices
0 1
0 2
0 3
0 4
0 5
0 6
1 6
1 7
1 8
1 2
2 9
2 10
3 10
3 11
4 11
4 5
5 11
5 12
6 12
6 7
7 9
7 8
8 9
10 12

# Unit Distance Graph
13 vertices
0 2
0 10
0 12
0 6
0 7
0 9
1 3
1 11
1 5
1 12
1 10
2 6
2 12
2 5
3 7
3 6
4 7
4 8
4 9
5 9
5 8
6 10
7 11
8 11

# Embedding (with cost 9.7682e-15)
(0.814705, 0.0812567, -0.054279) (0.432138, -0.39966, 0.252995) (-0.131254, 0.215554, 0.240893) (0.135285, 0.465941, -0.150258) (0.628738, 0.232144, -0.333685) (0.392037, 0.112432, -0.604999) (0.0873375, -0.492886, -0.430173) (0.021407, -0.526104, -0.0966004) (0.0349404, -0.37961, 0.188964) (-0.125188, -0.126278, 0.216887) (-0.137533, 0.381946, -0.00110269) (0.36997, 0.364329, -0.389232) (0.0608846, -0.191749, -0.65196) 
# Original Graph 125 in [100, 150)
13 vertices
0 1
0 2
0 3
0 4
0 5
1 5
1 6
1 7
2 7
2 6
2 8
2 3
3 9
4 10
4 11
5 12
5 6
6 12
6 7
8 11
8 9
9 10
10 11
11 12

# Unit Distance Graph
13 vertices
0 2
0 8
0 11
0 12
0 6
1 8
1 9
1 10
1 11
2 5
2 12
2 11
2 4
3 5
3 6
3 12
4 6
4 7
5 9
5 8
6 10
6 9
7 11
7 10

# Embedding (with cost 9.30086e-15)
(0.0440891, -1.18107, 0.608427) (-0.146364, -1.28755, 0.23817) (-0.27574, -0.440766, 0.0171008) (0.0244685, -0.500011, 0.47255) (0.549009, -0.851392, 0.405915) (0.221567, -1.30144, -0.0921341) (-0.0510728, -1.02561, -0.374822) (-0.336659, -0.869169, -0.0580631) (0.089421, -0.327098, 0.0900785) (0.292409, -0.392594, 0.318943) (0.558667, -0.579636, 0.280407) (0.659547, -0.783262, -0.0719876) (0.520935, -0.98386, -0.248152) 
# Original Graph 126 in [100, 150)
13 vertices
0 1
0 2
0 3
0 4
1 5
1 6
1 7
2 8
2 9
3 9
3 10
4 10
4 11
4 12
5 12
5 11
5 6
6 9
6 7
7 8
8 9
9 11
10 11
11 12

# Unit Distance Graph
13 vertices
0 5
0 6
0 9
0 11
1 3
1 10
1 11
1 9
2 5
2 11
2 12
3 6
3 5
4 6
4 7
4 8
4 9
5 9
6 10
7 11
7 10
8 12
8 11
9 12

# Embedding (with cost 9.53601e-15)
(-0.442204, 0.694734, -0.00592535) (0.237804, 0.729767, 0.0371555) (-0.215808, 0.29973, -0.250574) (-0.371375, -0.0614388, 0.0909485) (-0.461462, 0.508296, 0.484642) (0.343271, 0.453727, 0.564114) (0.495817, 0.422459, 0.208512) (0.356481, 0.442648, -0.0868984) (0.156918, 0.191642, -0.234618) (-0.0493142, -0.223357, -0.0583282) (-0.419607, 0.0906678, 0.436358) (-0.11508, 0.0928662, 0.722597) (-0.0274925, 0.395526, 0.726852) 
# Original Graph 127 in [100, 150)
13 vertices
0 1
0 2
0 3
0 4
0 5
1 6
1 2
2 7
2 8
3 8
3 9
4 9
4 10
4 11
5 11
5 12
5 6
6 12
6 7
7 9
7 8
9 10
10 12
11 12

# Unit Distance Graph
13 vertices
0 6
0 7
0 9
0 10
0 12
1 4
1 10
1 9
2 4
2 11
2 12
2 10
3 5
3 6
3 12
4 7
4 6
5 9
5 7
5 8
6 9
7 11
8 12
8 11

# Embedding (with cost 9.84308e-15)
(0.604988, 0.657353, -0.416761) (0.13929, 0.147802, -0.560768) (0.000224657, 0.42672, -0.506668) (0.08485, 0.742618, -0.100172) (0.598001, 0.39006, 0.294156) (0.694439, -0.0435169, -0.202115) (0.139253, -0.22484, -0.347286) (-0.267368, 0.229356, -0.180512) (-0.11024, 0.546418, -0.268959) (0.0537953, 0.445122, 0.390175) (0.295888, 0.214117, 0.424666) (0.661785, 0.072016, 0.154031) (0.468657, -0.140059, 0.171073) 
# Original Graph 128 in [100, 150)
13 vertices
0 1
0 2
0 3
0 4
0 5
1 5
1 6
1 7
2 7
2 8
2 3
3 8
3 9
4 9
4 6
4 5
6 10
7 10
7 11
8 11
8 12
9 12
9 10
11 12

# Unit Distance Graph
13 vertices
0 7
0 11
0 12
0 9
0 10
1 3
1 9
1 12
1 8
2 4
2 6
2 10
2 9
3 7
3 10
3 6
4 8
4 11
4 7
5 8
5 12
5 11
6 8
7 9

# Embedding (with cost 8.21888e-15)
(-0.206583, -0.335655, 0.392897) (-0.325589, -0.574377, -0.273128) (0.226408, -0.836746, 0.321119) (0.32445, -0.506847, 0.483766) (-0.0839392, 0.0281116, -0.0734771) (-0.292002, -0.184863, 0.00869169) (-0.0958704, -0.183549, -0.36406) (0.0408351, -0.914098, -0.384398) (0.542233, -0.699049, 0.207853) (0.527795, -0.055298, -0.225237) (0.274952, -0.237568, -0.478024) (0.484852, -0.788707, -0.16983) (0.654294, -0.49235, -0.0911882) 
# Original Graph 129 in [100, 150)
13 vertices
0 1
0 2
0 3
0 4
0 5
1 6
1 7
2 8
2 3
3 4
4 9
4 10
5 10
5 6
6 10
6 11
6 12
7 12
7 9
7 8
8 9
9 10
10 11
11 12

# Unit Distance Graph
13 vertices
0 7
0 9
0 10
0 11
0 12
1 4
1 10
1 9
2 6
2 11
2 10
3 6
3 12
3 11
4 7
4 12
4 6
5 7
5 8
5 9
6 9
6 8
7 10
8 10

# Embedding (with cost 8.87017e-15)
(0.19884, -0.593697, 0.221791) (-0.239815, -0.223391, 0.251779) (0.373412, -0.0997222, 0.352704) (0.455658, -0.400909, 0.548371) (0.347959, -0.478167, 1.01964) (-0.258202, -0.677781, 0.426123) (-0.543548, -0.435194, 0.568674) (-0.0922385, 0.298049, 0.568292) (0.232429, 0.191015, 0.493022) (0.242877, -0.168565, 1.12585) (-0.0154257, -0.479893, 1.19191) (-0.478711, -0.22821, 0.860027) (-0.435721, 0.0355876, 0.670494) 
# Original Graph 130 in [100, 150)
13 vertices
0 1
0 2
0 3
0 4
0 5
1 5
1 6
1 7
1 8
2 8
2 7
2 9
2 10
3 10
3 11
4 11
4 12
5 6
6 12
6 7
7 8
9 12
9 10
11 12

# Unit Distance Graph
13 vertices
0 2
0 9
0 12
0 6
0 7
1 3
1 11
1 12
1 9
1 10
2 5
2 6
2 12
2 4
3 7
3 6
4 7
4 8
5 10
5 9
6 10
7 11
8 12
8 11

# Embedding (with cost 9.5523e-15)
(0.0491855, 0.754183, -0.325536) (0.146992, 0.895562, 0.308381) (0.187249, 0.0335854, 0.353933) (0.324861, 0.151092, -0.335146) (0.469748, 0.612093, -0.411261) (0.25947, 0.966361, 0.000784347) (0.870316, 0.755802, 0.245202) (0.404319, 0.537397, 0.583796) (0.165564, 0.330212, 0.498692) (0.59814, 0.0298468, 0.0915813) (0.316593, -0.0316595, -0.025528) (0.66407, 0.370093, -0.367276) (0.975949, 0.481287, -0.0673934) 
# Original Graph 131 in [100, 150)
13 vertices
0 1
0 2
0 3
0 4
1 5
1 6
2 6
2 7
2 3
3 4
4 7
5 8
5 9
5 6
6 9
6 10
6 8
6 11
7 11
8 11
8 12
9 12
9 10
10 12

# Unit Distance Graph
13 vertices
0 6
0 8
0 12
0 10
1 6
1 11
1 8
2 5
2 9
2 12
2 8
3 9
3 10
3 12
4 6
4 10
4 9
5 7
5 11
5 6
6 8
6 11
6 7
7 9

# Embedding (with cost 6.2976e-15)
(0.57959, -0.10117, 0.710027) (0.463888, -0.364461, 0.562134) (0.174312, 0.293028, 0.94149) (0.500857, 0.162909, 0.804842) (0.554408, 0.327209, 0.578221) (0.280222, -0.456863, 0.288461) (-0.398926, 0.0955255, 0.771809) (0.429931, 0.524095, 0.412192) (0.108407, 0.337208, -0.0553568) (-0.149027, -0.254331, 0.169577) (-0.319776, -0.0525135, 0.275546) (0.270329, 0.536489, 0.173772) (-0.0743617, 0.123979, -0.0122305) 
# Original Graph 132 in [100, 150)
13 vertices
0 1
0 2
0 3
1 4
1 5
1 6
2 6
2 5
2 7
3 8
3 9
4 9
4 10
4 7
4 5
5 7
5 6
7 10
7 8
8 11
9 12
10 12
10 11
11 12

# Unit Distance Graph
13 vertices
0 4
0 7
0 10
1 7
1 8
1 11
1 10
2 4
2 10
2 12
2 9
3 4
3 5
3 7
4 8
4 7
5 9
5 12
5 11
5 8
6 10
6 11
6 12
7 9

# Embedding (with cost 7.878e-15)
(0.347568, 0.640363, -0.34782) (0.689261, 0.723551, -0.254493) (0.823246, 0.135248, -0.275578) (0.104177, 0.58341, -0.202969) (0.725529, 0.647005, 0.577977) (1.06361, 0.439799, 0.0396471) (0.894076, 0.4973, -0.231343) (0.632443, -0.216384, 0.082099) (0.207416, -0.0714847, 0.11394) (0.0944727, 0.616597, 0.211445) (0.364208, 0.309265, 0.595629) (0.168408, 0.105253, 0.334081) (0.13731, 0.376208, 0.411029) 
# Original Graph 133 in [100, 150)
13 vertices
0 1
0 2
0 3
1 4
1 5
1 6
2 6
2 7
2 8
3 8
3 9
4 10
4 11
5 11
5 12
5 6
6 12
6 10
6 7
7 9
7 8
9 10
10 12
11 12

# Unit Distance Graph
13 vertices
0 6
0 10
0 12
1 6
1 7
1 9
1 10
2 4
2 11
2 12
2 10
3 5
3 6
3 12
4 7
4 6
5 9
5 7
5 8
6 10
6 9
7 11
8 12
8 11

# Embedding (with cost 9.77384e-15)
(-0.691494, -0.586316, -0.394767) (-0.774049, -0.433995, -0.666668) (0.00466033, -0.688599, -0.347317) (-0.500854, -0.499341, -0.0897332) (-0.681462, -0.0270086, -0.649865) (-0.307735, -0.133352, -1.00009) (0.219369, -0.440899, -0.78101) (0.0642862, -0.432847, -0.121514) (-0.184332, -0.580789, -0.114334) (-0.193702, 0.0711384, -0.0278902) (-0.217125, 0.281015, -0.244062) (-0.425875, 0.0733884, -0.831068) (-0.19404, 0.221304, -0.711453) 
# Original Graph 134 in [100, 150)
13 vertices
0 1
0 2
0 3
0 4
0 5
1 5
1 6
2 6
2 7
2 3
3 7
4 7
4 8
4 9
5 9
5 10
5 11
6 11
6 8
8 9
9 12
10 12
10 11
11 12

# Unit Distance Graph
13 vertices
0 6
0 8
0 9
0 12
0 11
1 4
1 9
1 8
2 5
2 10
2 12
2 9
3 10
3 11
3 12
4 6
4 11
4 5
5 7
5 8
5 6
6 9
7 11
7 10

# Embedding (with cost 9.82812e-15)
(-0.329038, 0.19255, -0.223457) (-0.547026, 0.0899543, 0.140984) (0.1223, 0.487708, 0.102992) (0.0620494, 0.324462, -0.147518) (0.377523, -0.247311, -0.0363874) (-0.605532, -0.197053, 0.139899) (0.0305032, 0.335092, 0.698721) (0.317339, 0.110753, -0.0915434) (0.373954, -0.247986, 0.334871) (0.259679, -0.498433, 0.196013) (-0.3644, -0.273982, 0.53072) (-0.213596, -0.0383277, 0.742653) (-0.052527, -0.396717, 0.535691) 
# Original Graph 135 in [100, 150)
13 vertices
0 1
0 2
0 3
0 4
0 5
0 6
1 6
1 2
2 6
2 4
2 3
3 4
4 6
4 7
5 8
5 9
6 10
7 11
7 8
8 11
9 12
9 10
10 12
11 12

# Unit Distance Graph
13 vertices
0 4
0 7
0 11
0 12
0 10
0 6
1 7
1 8
1 11
2 5
2 9
2 12
2 11
2 8
3 9
3 10
3 12
4 6
4 10
4 9
4 5
5 6
6 8
6 7

# Embedding (with cost 9.46321e-15)
(0.132514, 0.346239, 0.810972) (0.363793, 0.0998065, 0.198612) (0.575021, -0.119921, 0.345873) (0.540648, -0.26222, 0.676193) (0.387106, -0.615684, 0.71154) (-0.254334, 0.140637, 0.840119) (0.0545682, -0.10214, -0.0794668) (-0.000755066, -0.643503, 0.7595) (-0.267889, -0.340609, 0.836587) (-0.417904, -0.0795469, 0.457541) (-0.243259, -0.195272, 0.0589344) (-0.300626, -0.530205, 0.600648) (-0.395793, -0.359661, 0.339171) 
# Original Graph 136 in [100, 150)
13 vertices
0 1
0 2
0 3
0 4
1 5
1 2
2 5
2 6
2 7
2 8
3 8
3 9
3 4
4 10
5 10
5 11
6 11
6 7
7 12
7 9
7 8
9 12
10 11
11 12

# Unit Distance Graph
13 vertices
0 6
0 7
0 12
0 11
1 7
1 9
1 12
2 3
2 4
2 10
2 11
2 12
2 9
3 6
3 11
3 5
4 7
4 6
5 9
5 7
5 8
7 10
8 11
8 10

# Embedding (with cost 9.87749e-15)
(0.474505, 0.382287, -0.417859) (0.409707, 0.589789, 0.0157237) (0.668134, 0.333875, 0.217554) (0.193171, -0.0705883, -0.563995) (0.0627074, 0.285338, -0.576865) (0.0109117, 0.615123, 0.140691) (-0.0200725, 0.0882122, 0.400012) (0.177033, -0.370569, 0.169269) (0.411527, -0.28639, -0.0229651) (0.0530657, -0.309114, -0.238795) (-0.224791, 0.460919, -0.214353) (-0.330732, 0.353994, 0.174418) (-0.128445, -0.25152, 0.0666416) 
# Original Graph 137 in [100, 150)
13 vertices
0 1
0 2
0 3
1 4
1 5
1 2
2 5
2 6
2 7
3 7
3 5
3 8
4 9
4 10
4 11
5 11
5 12
5 6
6 7
8 12
8 9
9 10
10 11
11 12

# Unit Distance Graph
13 vertices
0 5
0 12
0 11
1 3
1 8
1 12
1 5
2 8
2 9
2 10
2 11
2 12
3 5
3 11
3 4
4 5
4 6
4 7
5 9
5 8
6 10
6 9
7 11
7 10

# Embedding (with cost 9.02274e-15)
(0.120221, -0.42262, 0.348521) (-0.222882, -0.677348, 0.154059) (0.307238, -0.676582, 0.241539) (0.357861, 0.135209, 0.10417) (-0.442062, -0.400588, -0.166098) (0.448174, -0.586797, -0.581797) (0.527998, -0.566517, 0.0112465) (0.486849, -0.2837, 0.185272) (0.094103, 0.229161, -0.1248) (-0.250468, 0.0222481, -0.206346) (-0.322528, -0.239074, -0.400318) (-0.0851809, -0.380366, -0.629244) (0.176834, -0.190275, -0.622464) 
# Original Graph 138 in [100, 150)
13 vertices
0 1
0 2
0 3
0 4
1 4
1 5
1 6
1 2
2 6
2 7
2 8
3 5
3 4
4 5
5 8
6 9
6 10
6 11
7 11
7 12
8 9
9 12
10 12
10 11

# Unit Distance Graph
13 vertices
0 6
0 10
0 12
0 9
1 2
1 8
1 9
1 12
1 7
2 6
2 9
2 8
2 5
3 6
3 11
3 10
4 7
4 12
4 10
4 11
5 7
5 11
5 6
6 8

# Embedding (with cost 9.86217e-15)
(0.0217221, -0.0821495, 0.897902) (-0.433794, 0.160434, 0.428479) (0.258791, -0.519627, 0.668985) (0.164411, 0.348292, 0.742305) (-0.109332, 0.272826, 0.774554) (0.337419, 0.468372, 0.536036) (-0.253756, -0.071309, -0.0633442) (0.303716, -0.501669, 0.295443) (0.537188, 0.384502, 0.344878) (0.501888, 0.25822, 0.089453) (0.0645028, -0.188438, -0.0955125) (0.143167, -0.399386, 0.0785838) (0.451898, -0.0129875, -0.00218977) 
# Original Graph 139 in [100, 150)
13 vertices
0 1
0 2
0 3
1 3
1 4
1 5
2 5
2 6
2 7
3 7
3 6
4 8
4 9
5 10
5 11
5 6
6 8
6 7
8 11
8 12
9 12
9 10
10 12
11 12

# Unit Distance Graph
13 vertices
0 8
0 12
0 11
1 5
1 6
1 8
1 11
2 4
2 9
2 12
2 8
3 5
3 11
3 12
3 10
4 6
4 5
5 8
5 6
6 10
6 9
7 9
7 10
7 12

# Embedding (with cost 9.27562e-15)
(-0.584795, 0.574474, -0.34677) (-0.477437, 0.382485, 0.117723) (-0.40126, 0.571088, -0.736305) (-0.758116, 0.393659, -0.152951) (-0.295746, 0.152127, 0.165548) (0.0631208, 0.44283, -0.721416) (-0.725682, -0.170267, -0.677789) (-0.80663, 0.293058, -0.5326) (-0.42704, -0.400729, -0.501983) (-0.00124489, 0.00921913, -0.0122248) (0.179055, 0.168263, -0.419237) (-0.15387, -0.309637, -0.527468) (0.016153, -0.223117, -0.294711) 
# Original Graph 140 in [100, 150)
13 vertices
0 1
0 2
0 3
1 4
1 5
2 6
2 7
2 8
2 9
2 3
3 9
3 10
4 10
4 11
5 12
5 6
6 8
6 7
7 8
8 12
8 9
9 12
9 11
10 11

# Unit Distance Graph
13 vertices
0 8
0 9
0 12
1 2
1 9
1 8
2 5
2 12
2 9
2 11
2 4
3 5
3 6
3 8
3 12
4 8
4 7
5 9
6 10
6 11
6 9
7 11
7 10
8 10

# WARNING: failed to find good embedding
# Embedding (with cost 0.0811992)
(0.396762, 0.0921448, 0.0385018) (0.415005, -0.189113, 0.0621952) (-0.202814, 0.309087, -0.387075) (0.224925, 0.0721352, 0.375191) (0.238856, -0.348306, 0.215912) (-0.00874269, -0.660731, -0.26494) (-0.337534, 0.0685872, -0.450403) (-0.419711, 0.222283, -0.227637) (-0.554252, -0.0258749, -0.245422) (-0.458655, -0.174517, 0.482542) (0.321508, -0.435684, -0.0400839) (0.133191, -0.190626, 0.425606) (-0.2517, -0.653287, -0.120315) 
# Original Graph 141 in [100, 150)
13 vertices
0 1
0 2
0 3
1 3
1 4
1 5
2 5
2 6
3 7
4 8
4 9
4 10
5 10
5 9
5 11
5 12
6 12
6 7
7 12
8 12
8 11
8 9
9 11
9 10

# Unit Distance Graph
13 vertices
0 8
0 9
0 11
1 5
1 12
1 8
1 11
2 4
2 9
2 8
3 5
3 11
3 9
4 6
4 12
4 5
5 8
5 12
5 7
6 10
6 9
7 9
7 10
10 12

# Embedding (with cost 9.91805e-15)
(-0.58427, -0.303533, 0.273104) (-0.416564, -0.58955, -0.0549494) (-0.430825, 0.0895755, 0.503708) (-0.700628, -0.362278, -0.0277774) (-0.17001, -0.54025, -0.227931) (-0.00572283, 0.153596, 0.473202) (-0.708748, 0.246578, 0.073169) (-0.791489, 0.0273573, -0.132303) (-0.316111, 0.317814, -0.463116) (0.198922, 0.00242885, -0.268189) (0.173222, -0.213967, -0.0269628) (0.0280552, 0.283105, -0.25691) (-0.595028, 0.361429, -0.307518) 
# Original Graph 142 in [100, 150)
13 vertices
0 1
0 2
0 3
0 4
1 4
1 5
2 6
2 7
2 8
3 8
3 9
3 4
4 9
4 8
5 8
5 10
5 11
6 11
6 12
7 10
7 8
8 9
10 12
11 12

# Unit Distance Graph
13 vertices
0 5
0 10
0 7
0 8
1 2
1 8
1 7
2 5
2 8
2 4
3 5
3 11
3 12
3 10
4 7
4 10
4 12
4 6
5 8
6 8
6 9
8 11
9 12
9 11

# Embedding (with cost 8.44104e-15)
(-0.164356, -0.121998, -0.630397) (-0.728817, 0.431918, -0.234874) (-0.273038, -0.42325, -0.48176) (0.0718912, 0.251903, -0.286954) (-0.278338, 0.548496, -0.245793) (-0.898245, 0.224214, -0.0459783) (-0.533086, -0.413769, -0.341442) (-0.29692, -0.252864, 0.352101) (0.0163814, 0.0807472, 0.332011) (0.0497429, 0.309457, 0.0290358) (-0.593608, -0.252379, 0.263328) (-0.856843, -0.0826143, -0.127109) (-0.705593, -0.338366, -0.0699258) 
# Original Graph 143 in [100, 150)
13 vertices
0 1
0 2
0 3
1 4
1 5
1 6
2 6
2 7
2 3
3 7
3 4
4 7
5 8
5 9
6 10
6 11
6 7
7 8
8 11
8 12
9 12
9 10
10 11
11 12

# Unit Distance Graph
13 vertices
0 8
0 12
0 11
1 6
1 7
1 8
1 11
2 5
2 9
2 12
2 8
3 9
3 10
3 11
3 12
4 6
4 11
4 10
5 7
5 6
6 8
6 7
7 10
7 9

# Embedding (with cost 7.89637e-15)
(0.0344234, -0.0444925, 0.00119112) (0.168929, 0.0869249, 0.309364) (-0.409931, -0.0461132, -0.249777) (-0.1034, 0.0931669, -0.365715) (-0.00090567, 0.363765, -0.403698) (0.0887025, 0.437349, 0.469687) (-0.814151, 0.159814, 0.141312) (-0.166362, 0.594389, -0.484399) (-0.209115, 0.920842, -0.0927111) (-0.189115, 0.559497, 0.514733) (-0.481937, 0.509928, 0.460736) (-0.706576, 0.568874, 0.274505) (-0.40479, 0.817465, 0.254411) 
# Original Graph 144 in [100, 150)
13 vertices
0 1
0 2
0 3
0 4
0 5
1 5
1 2
2 6
2 7
2 8
2 9
2 3
3 9
3 4
4 5
5 6
6 10
7 10
7 8
8 11
9 11
9 12
10 12
11 12

# Unit Distance Graph
13 vertices
0 7
0 8
0 11
0 12
0 10
1 9
1 12
1 11
2 3
2 4
2 5
2 6
2 10
2 12
2 9
3 7
3 10
3 6
4 8
4 7
5 9
5 11
5 8
6 9

# Embedding (with cost 8.01131e-15)
(-0.490465, 0.629917, 0.0466324) (-0.413665, 0.768032, 0.478391) (-0.414242, 0.509664, 0.874972) (-0.408749, 0.0962194, -0.0355402) (-0.367158, 0.390706, -0.11681) (0.0275039, 0.827992, 0.0362066) (0.315781, 0.73269, 0.228964) (0.235975, 0.364135, 0.680388) (-0.00210679, 0.168399, 0.787246) (-0.156731, -0.146347, 0.16551) (0.440784, 0.444752, 0.360465) (0.0906369, -0.0934831, 0.419478) (0.306597, 0.0922717, 0.321642) 
# Original Graph 145 in [100, 150)
13 vertices
0 1
0 2
0 3
1 4
1 5
1 2
2 6
2 7
3 7
3 8
4 9
4 10
4 11
4 5
5 11
5 12
5 8
5 6
6 7
8 9
9 12
9 10
10 11
11 12

# Unit Distance Graph
13 vertices
0 5
0 12
0 11
1 5
1 8
1 9
1 12
2 9
2 10
2 11
2 12
3 4
3 5
3 11
4 8
4 5
4 6
4 7
5 9
5 8
6 10
6 9
7 11
7 10

# Embedding (with cost 9.01551e-15)
(0.309216, 0.178548, -0.454335) (0.820753, -0.0162854, -0.487909) (0.521078, 0.406383, -0.443329) (0.0274222, 0.162592, -0.184103) (0.909802, -0.307946, -0.184037) (0.789481, 0.529109, 0.349687) (0.570226, 0.624763, -0.0626234) (0.29654, 0.479257, -0.249016) (-0.00853786, -0.00510588, 0.0707963) (0.161268, -0.239649, 0.229857) (0.647282, -0.331437, 0.219766) (0.824006, -0.126175, 0.346998) (0.619018, 0.0575945, 0.488741) 
# Original Graph 146 in [100, 150)
13 vertices
0 1
0 2
0 3
0 4
0 5
1 5
1 6
1 2
2 6
2 4
2 3
3 4
4 7
4 8
5 8
5 9
6 10
6 7
7 11
8 11
9 12
9 10
10 12
11 12

# Unit Distance Graph
13 vertices
0 6
0 7
0 11
0 12
0 10
1 4
1 8
1 11
1 7
2 5
2 9
2 12
2 11
2 8
3 9
3 10
3 12
4 6
4 10
4 9
4 5
5 7
5 6
6 8

# Embedding (with cost 9.72914e-15)
(0.104161, -0.234106, 0.632315) (0.538641, 0.157866, 0.668473) (0.712297, -0.159656, 0.577162) (0.312892, -0.499526, 0.374511) (0.279485, -0.562871, 0.0255291) (-0.123367, 0.311737, 0.295288) (0.867014, 0.230858, 0.183023) (0.53313, -0.187923, -0.269823) (-0.0142931, -0.140156, -0.109632) (0.0929161, 0.419337, 0.0469425) (0.563894, 0.395636, 0.00616028) (0.292293, 0.081604, -0.297703) (0.27245, 0.337969, -0.170436) 
# Original Graph 147 in [100, 150)
13 vertices
0 1
0 2
0 3
0 4
1 4
1 5
1 6
2 7
2 8
2 9
2 3
3 9
3 5
4 5
5 9
6 10
6 7
7 11
8 11
8 12
9 12
9 10
10 11
11 12

# Unit Distance Graph
13 vertices
0 9
0 10
0 11
0 12
1 2
1 9
1 12
1 8
2 6
2 10
2 9
2 5
3 6
3 7
3 11
3 10
4 8
4 12
4 11
5 8
5 11
5 7
6 9
7 9

# Embedding (with cost 8.57567e-15)
(-0.343326, 0.167044, 0.346986) (-0.0409134, -0.298765, 0.0593298) (-0.295709, 0.66779, 0.0301725) (-0.071601, 0.386542, 0.537433) (-0.099794, -0.163335, 0.353172) (0.261113, 0.0132567, 0.541577) (0.0724825, -0.220624, -0.243969) (0.00682997, 0.11087, -0.420614) (0.0471976, 0.667129, -0.184158) (0.62779, 0.402287, 0.307043) (0.450496, 0.0650958, -0.252559) (0.299548, 0.372102, -0.391028) (0.507879, 0.532432, -0.0297653) 
# Original Graph 148 in [100, 150)
13 vertices
0 1
0 2
0 3
0 4
1 5
1 6
1 7
2 7
2 4
2 3
3 4
4 6
4 8
5 8
5 9
5 10
6 11
6 9
6 7
8 9
9 12
10 12
10 11
11 12

# Unit Distance Graph
13 vertices
0 6
0 9
0 12
0 11
1 4
1 8
1 9
1 6
2 5
2 10
2 12
2 9
3 10
3 11
3 12
4 6
4 11
4 10
4 5
5 6
5 7
6 8
7 9
7 8

# Embedding (with cost 8.37877e-15)
(-0.216848, 0.0650792, -0.171715) (0.273546, 0.11897, -0.197221) (-0.381229, -0.196497, 0.103985) (-0.478507, 0.0805841, 0.0709086) (-0.541439, 0.353971, 0.332472) (0.418097, 0.402408, 0.0550809) (0.117708, -0.304891, 0.694999) (-0.137348, -0.397728, 0.281497) (-0.31864, 0.566961, 0.47257) (0.0296431, 0.496912, 0.695903) (0.455786, 0.285806, 0.362423) (0.313206, -0.040905, 0.669599) (0.313966, 0.270407, 0.650524) 
# Original Graph 149 in [100, 150)
13 vertices
0 1
0 2
0 3
0 4
1 5
1 6
1 2
2 6
2 4
2 3
3 4
4 7
5 8
5 9
5 6
6 10
6 11
6 7
7 8
8 11
9 12
9 10
10 12
11 12

# Unit Distance Graph
13 vertices
0 6
0 11
0 12
0 10
1 6
1 7
1 8
1 11
2 5
2 9
2 12
2 11
2 8
3 9
3 10
3 12
4 5
4 6
4 10
4 9
5 7
5 6
6 8
6 7

# Embedding (with cost 8.20991e-15)
(0.030953, 0.616468, -0.530285) (0.521072, 0.456802, -0.505089) (-0.244354, 0.211637, -0.495562) (-0.225181, 0.532691, -0.418123) (-0.246411, 0.687493, -0.0880143) (0.701212, 0.402323, -0.231849) (-0.013105, -0.284844, -0.0993596) (-0.167772, 0.659523, 0.190898) (0.066837, 0.591557, 0.375542) (0.630477, 0.212986, -0.0111357) (0.370077, -0.075264, 0.107291) (0.155887, 0.315068, 0.414993) (0.37379, 0.156035, 0.288534) 
