# Original Graph 0 in [0, 50)
13 vertices
0 1
0 2
0 3
0 4
0 5
1 5
1 6
1 7
1 8
2 9
2 3
3 9
3 4
4 10
5 10
6 10
6 11
7 11
7 8
8 12
8 9
9 12
10 12
10 11

# Unit Distance Graph
13 vertices
0 7
0 8
0 12
0 10
0 11
1 3
1 4
1 10
1 12
1 9
2 6
2 11
2 10
3 7
3 11
3 6
4 8
4 7
5 8
5 9
5 12
6 9
8 10
9 10

# Embedding (with cost 9.4309e-15)
(0.255999, -0.160556, 0.638488) (0.0160082, -0.512209, 0.176629) (0.516099, 0.00911197, 0.508824) (0.605007, 0.269551, 0.381403) (0.177745, 0.446701, 0.409724) (-0.096285, -0.10348, 0.467701) (-0.274102, 0.165525, -0.0837281) (0.110562, -0.199954, -0.350094) (0.506251, -0.141205, -0.329499) (0.724872, 0.159419, -0.0388421) (-0.233467, 0.441278, 0.0074427) (-0.0948351, 0.00690445, -0.282854) (0.523345, 0.244383, -0.235897) 
# Original Graph 1 in [0, 50)
13 vertices
0 1
0 2
0 3
0 4
0 5
0 6
1 6
1 7
1 8
1 9
1 2
2 9
3 10
3 4
4 5
5 11
6 11
6 12
6 7
7 8
8 9
9 10
10 12
11 12

# Unit Distance Graph
13 vertices
0 6
0 7
0 8
0 9
0 10
0 12
1 3
1 4
1 5
1 11
1 12
1 10
2 6
2 12
2 11
3 7
3 6
4 8
4 7
5 9
5 8
6 10
6 9
9 11

# Embedding (with cost 9.43122e-15)
(-0.779201, -0.024349, -0.492026) (-0.0574809, 0.379015, -0.533134) (-0.59537, 0.334278, -0.436371) (-0.727498, 0.0696919, 0.141697) (-0.726366, -0.20942, -0.0788894) (-0.477449, -0.4109, -0.0862979) (0.133971, -0.307226, -0.198603) (0.176104, 0.174828, -0.273574) (0.0176987, 0.456959, -0.126932) (-0.267824, 0.535331, 0.160088) (-0.422472, 0.276938, 0.392265) (-0.169339, -0.449299, 0.0158502) (-0.144761, -0.234262, 0.251897) 
# Original Graph 2 in [0, 50)
13 vertices
0 1
0 2
0 3
0 4
0 5
1 5
1 6
1 7
2 8
2 3
3 8
3 9
4 9
4 5
6 9
6 10
7 10
7 11
7 8
8 11
8 12
9 12
9 10
11 12

# Unit Distance Graph
13 vertices
0 7
0 11
0 12
0 9
0 10
1 3
1 9
1 12
1 8
2 6
2 10
2 9
3 7
3 10
3 6
4 7
4 8
4 11
5 8
5 12
5 11
6 8
7 9
8 9

# Embedding (with cost 7.6224e-15)
(-0.642708, 0.408032, -0.265598) (-0.236193, 0.585131, 0.240839) (-0.350002, 0.0822978, -0.49576) (-0.510728, -0.155492, -0.372437) (-0.761291, 0.218477, 0.0817476) (-0.546408, 0.511138, 0.0868332) (-0.222858, 0.293751, 0.473323) (0.234076, 0.221964, 0.17783) (0.0461019, -0.14095, -0.386151) (-0.560352, -0.35045, 0.380872) (0.00727769, 0.119617, 0.437492) (0.127428, -0.205774, -0.0920057) (-0.0988418, -0.380686, 0.0209929) 
# Original Graph 3 in [0, 50)
13 vertices
0 1
0 2
0 3
0 4
0 5
1 5
1 6
1 7
2 8
2 3
3 9
4 9
4 10
4 11
4 6
4 5
6 11
6 7
7 11
7 12
8 12
8 10
8 9
10 12

# Unit Distance Graph
13 vertices
0 4
0 11
0 7
0 12
0 10
1 4
1 10
1 8
1 9
2 4
2 6
2 11
3 6
3 7
3 11
4 8
4 12
4 7
5 8
5 10
5 12
6 9
6 8
7 9

# Embedding (with cost 9.65147e-15)
(0.0552938, -0.617566, 0.55099) (-0.328089, -0.443101, 0.327036) (0.244835, -0.363056, 0.717033) (0.456335, -0.384616, 0.48524) (0.43814, -0.136253, -0.237532) (-0.0733918, -0.587802, 0.296964) (-0.329056, -0.0691557, -0.0473436) (-0.245947, 0.311883, 0.337968) (0.286966, 0.269905, 0.66368) (0.627116, -0.16358, 0.229819) (0.292827, 0.33889, 0.381374) (-0.223968, 0.185666, 0.0248426) (0.0350362, 0.38165, 0.516977) 
# Original Graph 4 in [0, 50)
13 vertices
0 1
0 2
0 3
0 4
0 5
1 6
1 4
1 7
1 2
2 3
3 7
4 7
4 6
4 8
4 5
5 9
6 10
8 11
8 12
9 12
9 10
10 12
10 11
11 12

# Unit Distance Graph
13 vertices
0 4
0 8
0 11
0 10
0 6
1 4
1 5
1 9
1 12
1 8
2 8
2 12
2 11
3 10
3 11
3 12
4 6
4 10
4 9
4 5
5 6
7 9
7 10
7 12

# Embedding (with cost 9.52954e-15)
(-0.302449, -0.147558, 0.578721) (-0.870966, 0.27957, 0.0466088) (-0.60421, 0.200996, 0.452149) (-0.335702, 0.298331, 0.502671) (0.0965087, 0.507671, -0.0627663) (-0.168157, -0.364691, 0.348252) (-0.81268, 0.128887, -0.235675) (-0.200885, 0.518991, 0.28837) (0.0657692, 0.183636, -0.290028) (-0.184441, -0.447385, 0.0317612) (-0.636932, -0.102383, -0.362597) (-0.184233, -0.0770078, -0.411757) (-0.126878, -0.314127, -0.259751) 
# Original Graph 5 in [0, 50)
13 vertices
0 1
0 2
0 3
0 4
0 5
1 5
1 6
1 7
1 8
2 9
2 4
2 3
3 4
4 6
5 6
6 10
6 11
7 11
7 12
8 12
8 10
8 9
9 10
11 12

# Unit Distance Graph
13 vertices
0 6
0 11
0 12
0 8
0 10
1 2
1 4
1 6
1 10
1 9
2 7
2 11
2 6
3 7
3 12
3 11
4 8
4 12
4 7
5 8
5 9
5 10
6 9
6 8

# Embedding (with cost 9.82085e-15)
(-0.290661, 0.32723, -0.199997) (-0.397268, 0.578276, 0.277207) (-0.193657, -0.346072, -0.0454716) (-0.107057, -0.0776604, -0.241142) (0.213809, -0.0650682, -0.183979) (-0.127825, 0.551072, 0.027203) (0.529778, 0.212614, 0.36013) (-0.118564, 0.361453, 0.657216) (-0.331087, -0.211221, 0.64169) (-0.247663, -0.410465, 0.274354) (-0.0139843, -0.31403, 0.515709) (0.239275, 0.2357, 0.643086) (-0.123131, 0.0605846, 0.749125) 
# Original Graph 6 in [0, 50)
13 vertices
0 1
0 2
0 3
0 4
0 5
1 6
1 7
1 2
2 4
2 3
3 4
4 7
5 7
5 8
6 8
6 9
6 7
7 10
8 10
8 11
9 11
9 12
10 12
11 12

# Unit Distance Graph
13 vertices
0 6
0 7
0 10
0 12
0 9
1 5
1 8
1 10
1 7
2 8
2 11
2 12
2 10
3 9
3 12
3 11
4 6
4 9
4 11
4 8
5 7
5 6
6 7
7 8

# Embedding (with cost 7.2535e-15)
(-0.726113, 0.104151, 0.274058) (0.101881, -0.0336727, 0.448803) (-0.266527, 0.230785, 0.514421) (-0.508223, 0.36045, 0.366917) (-0.348192, 0.613242, 0.12177) (-0.740911, -0.0891496, -0.0865697) (0.217759, -0.209718, 0.171142) (-0.0785501, 0.637082, -0.270594) (-0.491378, -0.272386, -0.320001) (0.122107, -0.230684, -0.136317) (-0.0896511, 0.323337, -0.465451) (-0.191111, -0.249029, -0.359702) (-0.0200164, -0.00505419, -0.425585) 
# Original Graph 7 in [0, 50)
13 vertices
0 1
0 2
0 3
0 4
0 5
1 6
1 3
1 2
2 3
3 4
4 6
4 7
4 8
4 9
4 5
5 9
6 7
7 10
8 11
8 12
9 12
9 10
10 11
11 12

# Unit Distance Graph
13 vertices
0 4
0 8
0 11
0 10
0 7
1 4
1 9
1 12
1 8
2 8
2 12
2 11
3 9
3 10
3 11
3 12
4 6
4 7
4 10
4 9
4 5
5 7
5 6
6 9

# Embedding (with cost 8.81633e-15)
(-0.574476, 0.459298, -0.0251136) (0.0960474, 0.368389, 0.213334) (-0.13828, 0.527887, 0.167669) (-0.240668, 0.552029, 0.435188) (-0.571171, 0.0861134, 0.902638) (-0.721894, 0.176538, -0.081794) (0.209149, 0.115294, 0.277939) (0.153978, -0.163285, 0.260797) (-0.552002, -0.171478, 0.750526) (-0.680339, -0.20526, -0.0477221) (-0.101963, -0.401038, 0.166074) (-0.327162, -0.439384, 0.337112) (-0.583051, -0.365408, 0.2325) 
# Original Graph 8 in [0, 50)
13 vertices
0 1
0 2
0 3
0 4
0 5
0 6
1 6
1 7
1 8
1 9
2 10
2 3
3 5
3 4
4 5
5 6
6 10
6 7
7 11
8 11
8 12
9 12
9 10
11 12

# Unit Distance Graph
13 vertices
0 6
0 7
0 11
0 12
0 9
0 10
1 2
1 3
1 5
1 6
1 10
2 7
2 6
3 8
3 11
3 7
4 8
4 12
4 11
5 9
5 12
5 8
6 10
6 9

# Embedding (with cost 9.06987e-15)
(-0.201217, -0.203431, -0.466157) (0.201391, 0.142175, -0.283879) (0.361012, -0.827122, -0.470924) (0.0820404, -0.844575, -0.393785) (-0.143275, -0.735823, -0.221378) (-0.126322, -0.688748, 0.165755) (0.065109, -0.535542, 0.438704) (0.396219, -0.236269, 0.335087) (0.490782, 0.0337731, -0.145926) (0.738743, -0.501296, -0.299567) (0.621489, -0.762041, -0.360758) (0.602558, -0.168512, 0.127751) (0.734703, -0.267999, -0.119913) 
# Original Graph 9 in [0, 50)
13 vertices
0 1
0 2
0 3
0 4
0 5
0 6
1 6
1 7
1 8
1 2
2 8
2 9
2 10
3 10
3 4
4 11
4 5
5 11
6 12
6 7
7 9
8 9
10 12
11 12

# Unit Distance Graph
13 vertices
0 2
0 10
0 12
0 6
0 7
0 9
1 3
1 4
1 11
1 12
1 10
2 6
2 12
2 11
2 5
3 7
3 6
4 8
4 9
4 7
5 9
5 8
6 10
8 11

# Embedding (with cost 9.93881e-15)
(0.695396, -0.447039, -0.25311) (0.814646, 0.208683, -0.00564927) (0.0599577, 0.321592, -0.326769) (0.0659777, -0.369105, -0.330698) (0.20729, -0.565439, -0.184124) (0.251835, -0.564487, 0.0951873) (0.321239, -0.0266372, 0.573491) (0.368711, 0.210105, 0.426183) (0.524791, 0.378599, -0.0947696) (0.2492, 0.42477, -0.0509751) (-0.133827, 0.109322, -0.306526) (0.126221, -0.441129, 0.316555) (0.0773622, -0.234924, 0.503885) 
# Original Graph 10 in [0, 50)
13 vertices
0 1
0 2
0 3
0 4
1 5
1 3
1 6
2 7
2 8
3 8
3 7
3 6
3 9
4 9
4 10
5 11
5 12
5 9
6 7
7 8
9 12
9 10
10 11
11 12

# Unit Distance Graph
13 vertices
0 1
0 3
0 9
0 5
1 4
1 9
1 3
2 5
2 9
2 12
3 5
3 11
3 10
3 4
4 6
5 8
6 10
6 9
7 9
7 10
7 11
7 12
8 12
8 11

# Embedding (with cost 9.66067e-15)
(0.0133374, -0.415073, 1.03183) (-0.398255, 0.335207, 0.514464) (0.212692, -0.263212, 0.898659) (0.211848, -0.311841, 0.0571863) (-0.258303, -0.577268, 0.898915) (-0.589671, 0.135229, 0.454296) (0.0532588, 0.28151, 0.492184) (0.272217, 0.104772, 0.568934) (0.356053, -0.165765, 0.576809) (-0.296725, -0.566019, 0.0931764) (-0.487942, -0.522069, 0.739901) (-0.631369, -0.322862, 0.594647) (-0.596224, -0.320155, 0.3135) 
# Original Graph 11 in [0, 50)
13 vertices
0 1
0 2
0 3
0 4
0 5
1 6
1 7
2 7
2 8
2 9
2 10
2 3
3 10
3 4
4 11
4 5
5 11
6 10
6 12
7 12
7 8
8 9
9 12
10 11

# Unit Distance Graph
13 vertices
0 2
0 10
0 6
0 12
0 9
1 2
1 3
1 10
2 6
2 10
2 11
2 5
3 7
3 12
3 6
4 7
4 8
4 9
4 12
5 9
5 8
7 11
7 10
8 11

# Embedding (with cost 9.9965e-15)
(-0.12872, 0.579552, -0.124978) (0.0572547, 0.244661, -0.322819) (-0.79627, -0.151647, 0.0154645) (-0.699973, 0.173652, 0.326461) (-0.197017, 0.469874, 0.41605) (-0.0975705, 0.548356, 0.163164) (0.169276, -0.309617, 0.222264) (-0.0521427, -0.125812, -0.373994) (-0.57527, -0.281853, -0.124163) (-0.325352, -0.398914, -0.0622139) (-0.00635898, -0.0722007, 0.623518) (-0.0437482, 0.20307, 0.57034) (0.0449842, -0.399143, -0.0155107) 
# Original Graph 12 in [0, 50)
13 vertices
0 1
0 2
0 3
0 4
1 5
1 6
1 7
2 7
2 8
2 3
3 9
3 4
4 9
5 8
5 7
5 10
6 10
6 11
6 7
7 11
7 12
8 9
10 12
11 12

# Unit Distance Graph
13 vertices
0 5
0 10
0 12
0 7
1 2
1 8
1 5
1 7
2 6
2 10
2 5
3 6
3 11
3 12
3 10
4 7
4 12
4 11
5 7
6 9
6 8
7 8
7 9
9 11

# WARNING: failed to find good embedding
# Embedding (with cost 0.0128899)
(-0.267866, 0.38577, 0.157002) (0.164469, 0.539669, 0.354455) (-0.325818, -0.117465, -0.229086) (-0.464943, -0.0862835, 0.0151921) (-0.411605, 0.142666, 0.172473) (0.0957657, -0.419697, 0.626408) (0.381171, 0.408991, 0.228109) (0.426877, -0.181786, -0.286253) (-0.325803, -0.310405, 0.305091) (-0.164116, -0.360683, 0.531651) (0.436103, -0.281699, 0.39898) (0.530957, -0.0341521, -0.0686025) (0.516332, -0.232812, 0.132197) 
# Original Graph 13 in [0, 50)
13 vertices
0 1
0 2
0 3
0 4
1 5
1 6
1 7
2 7
2 4
2 8
3 8
3 9
4 9
4 5
5 7
5 10
6 10
6 11
6 12
7 12
8 9
10 12
10 11
11 12

# Unit Distance Graph
13 vertices
0 5
0 10
0 12
0 7
1 2
1 4
1 5
1 7
2 6
2 10
2 5
3 10
3 11
3 12
4 7
4 12
4 6
5 7
6 8
6 9
8 11
8 10
9 12
9 11

# WARNING: failed to find good embedding
# Embedding (with cost 0.0622198)
(-0.0941601, 0.534806, -0.379142) (0.0478194, 0.590764, -0.141002) (-0.527063, -0.144357, -0.463147) (-0.286988, -0.146349, -0.683743) (-0.0151793, -0.17522, -0.75645) (0.450342, -0.301294, -0.348686) (0.164993, -0.222964, 0.176398) (-0.412534, -0.246319, 0.155293) (-0.413249, 0.0855306, -0.582304) (-0.166643, 0.107158, -0.719116) (0.376664, -0.254014, -0.00861885) (0.187575, 0.0588424, 0.167728) (-0.106881, -0.225406, 0.254361) 
# Original Graph 14 in [0, 50)
13 vertices
0 1
0 2
0 3
0 4
1 5
1 3
1 6
2 6
2 7
2 8
3 8
3 9
4 10
4 11
5 11
5 9
6 8
6 12
6 7
7 12
7 8
8 12
9 10
10 11

# Unit Distance Graph
13 vertices
0 1
0 6
0 8
0 3
1 3
1 8
1 2
2 3
2 9
2 5
3 6
4 6
4 12
4 8
5 8
5 7
6 10
6 9
7 9
7 10
7 11
8 11
10 12
11 12

# Embedding (with cost 9.0142e-15)
(-0.70778, -0.000532081, -0.147208) (-0.530295, -0.367477, -1.06036) (-0.400694, -0.280895, -0.0725838) (-1.13254, -0.859875, -0.431998) (-0.936991, -0.00587797, -0.335348) (-0.921149, -0.221031, -0.924372) (-0.291093, -0.547778, -0.873083) (-0.269743, -0.578857, -0.25532) (-0.746456, -0.987114, -0.305827) (-1.23023, -0.596854, -0.533064) (-1.19126, -0.293904, -0.519169) (-1.04556, -0.106747, -0.67392) (-0.30788, -0.762534, -0.513366) 
# Original Graph 15 in [0, 50)
13 vertices
0 1
0 2
0 3
0 4
0 5
0 6
1 6
1 7
1 2
2 7
2 8
2 3
3 8
4 7
4 9
5 9
5 10
6 10
6 11
6 12
7 8
9 12
10 11
11 12

# Unit Distance Graph
13 vertices
0 1
0 7
0 4
0 9
0 12
0 6
1 5
1 9
1 4
2 5
2 10
2 11
2 12
2 9
3 6
3 12
3 11
4 6
5 7
6 7
6 8
7 10
8 11
8 10

# Embedding (with cost 9.8858e-15)
(-0.1377, -0.173779, 0.0340606) (0.564243, 0.436869, 0.400646) (-0.0160727, 0.600272, 0.187209) (-0.212084, 0.28687, 0.0997686) (-0.274698, 0.271225, 0.919048) (-0.0223671, -0.372825, 0.41752) (0.651488, 0.117552, 0.574716) (-0.235299, 0.560845, 0.705478) (-0.223276, 0.563619, 0.385478) (-0.123416, 0.0425615, 1.01027) (0.291834, -0.276006, 0.557792) (0.447298, -0.0786329, 0.756749) (0.240506, -0.00142982, 0.943597) 
# Original Graph 16 in [0, 50)
13 vertices
0 1
0 2
0 3
0 4
0 5
0 6
1 7
1 8
2 8
2 9
2 3
3 9
3 10
3 4
4 7
4 11
5 11
5 6
6 12
7 12
8 10
8 9
9 10
11 12

# Unit Distance Graph
13 vertices
0 1
0 8
0 10
0 3
0 4
0 7
1 4
1 3
2 4
2 11
2 12
2 7
3 7
3 12
3 6
4 8
5 8
5 9
5 10
6 10
6 9
8 11
9 12
9 11

# Embedding (with cost 9.60269e-15)
(-0.655042, -0.373434, 0.15132) (0.263502, -0.168367, -0.186653) (-0.156661, -0.762808, 0.224984) (0.112605, -0.320989, 0.790044) (0.0105469, 0.0712713, 0.750677) (-0.588279, -0.0863896, 0.187143) (-0.396823, 0.0586305, 0.017792) (0.17569, 0.12079, -0.104859) (0.32055, -0.42004, -0.0632714) (0.197727, -0.694163, 0.300303) (0.256263, -0.481453, 0.54863) (-0.212672, 0.190234, 0.522596) (-0.0955174, 0.200143, -0.0376678) 
# Original Graph 17 in [0, 50)
13 vertices
0 1
0 2
0 3
0 4
0 5
1 6
1 7
2 7
2 8
2 3
3 8
3 9
3 7
3 4
4 6
4 10
5 10
5 11
6 12
7 9
8 9
10 12
10 11
11 12

# Unit Distance Graph
13 vertices
0 1
0 7
0 3
0 4
0 6
1 4
1 3
2 4
2 10
2 12
2 6
3 6
3 12
3 11
3 5
4 7
5 7
5 9
7 10
8 10
8 11
8 12
9 11
9 10

# WARNING: failed to find good embedding
# Embedding (with cost 0.00919208)
(0.570868, -0.179852, -0.392664) (0.181564, -0.161796, 0.528269) (0.384134, -0.383045, -0.330669) (-0.354939, 0.167593, -0.249038) (-0.214157, 0.406398, -0.192886) (0.596274, 0.266678, -0.0857984) (0.29247, 0.143969, 0.51287) (0.0102726, -0.355996, 0.41449) (-0.309718, -0.0888381, -0.138593) (-0.261085, -0.205397, 0.114486) (0.447872, 0.50124, 0.130174) (0.655419, 0.0204028, -0.211697) (0.429632, 0.339715, 0.361641) 
# Original Graph 18 in [0, 50)
13 vertices
0 1
0 2
0 3
0 4
1 5
1 6
1 2
2 6
2 7
2 8
2 9
2 3
3 10
3 11
4 11
4 12
5 9
5 8
6 8
6 7
7 8
9 10
10 12
11 12

# Unit Distance Graph
13 vertices
0 2
0 9
0 5
0 8
1 2
1 3
1 10
1 9
2 5
2 9
2 10
2 12
2 4
3 6
3 8
3 5
4 8
4 7
6 11
6 12
6 10
7 12
7 11
8 11

# Embedding (with cost 9.78147e-15)
(-0.144038, -0.0594247, -0.527661) (-0.00751632, 0.185659, -0.491662) (0.756558, -0.431006, -0.302153) (0.130271, -0.743313, -0.148113) (-0.228188, -0.264191, -0.351622) (0.249679, 0.0987661, 0.377857) (0.601261, 0.133067, -0.248746) (0.744226, -0.102184, -0.183797) (0.510449, 0.109779, 0.209236) (0.120308, -0.183937, 0.428696) (-0.0264398, -0.399453, 0.31907) (-0.175526, -0.494492, -0.196097) (-0.16927, -0.415712, 0.0754814) 
# Original Graph 19 in [0, 50)
13 vertices
0 1
0 2
0 3
0 4
0 5
0 6
1 7
1 8
1 2
2 9
2 10
3 10
3 4
4 10
4 9
5 9
5 11
6 11
6 7
7 12
8 12
8 11
9 10
11 12

# Unit Distance Graph
13 vertices
0 1
0 2
0 9
0 5
0 11
0 8
1 5
1 9
1 4
2 6
2 11
2 5
3 8
3 11
3 12
4 8
4 12
4 7
6 10
6 9
7 9
7 10
10 12
10 11

# Embedding (with cost 8.57871e-15)
(-0.0902413, 0.75731, 0.05267) (0.016056, -0.20982, 0.283671) (-0.023274, -0.238241, -0.0136175) (-0.26905, 0.514665, -0.282171) (-0.549608, 0.314759, -0.3526) (-0.897856, 0.190025, 0.213747) (-0.159311, 0.686294, 0.342372) (-0.101996, 0.261997, 0.540069) (-0.206701, -0.145718, 0.466164) (-0.838187, 0.116649, -0.120912) (-0.384783, 0.0500044, -0.395393) (-0.755899, 0.178902, 0.524204) (-0.394671, 0.0693971, 0.60437) 
# Original Graph 20 in [0, 50)
13 vertices
0 1
0 2
0 3
0 4
0 5
1 6
1 7
2 7
2 8
2 9
3 9
3 10
4 10
4 11
4 5
5 11
6 11
6 10
6 7
7 12
8 12
8 9
9 12
9 10

# Unit Distance Graph
13 vertices
0 6
0 7
0 12
0 9
0 10
1 3
1 10
1 9
2 4
2 11
2 6
2 10
3 7
3 6
4 8
4 12
4 7
5 8
5 9
5 12
6 9
7 10
8 11
9 11

# Embedding (with cost 8.58534e-15)
(-0.0424693, -0.345903, 0.594296) (-0.143697, 0.178585, 0.0937976) (0.144461, -0.505515, 0.157274) (0.74706, -0.142628, 0.415315) (0.445373, 0.287876, 0.686407) (0.108413, 0.10513, 0.703182) (0.0608742, 0.484912, 0.0474257) (0.070035, 0.199547, -0.236263) (0.500276, -0.290848, -0.127266) (0.772028, -0.217868, 0.0284321) (0.785804, 0.198598, 0.462074) (0.159865, 0.45003, 0.451716) (0.336468, -0.00141463, -0.264619) 
# Original Graph 21 in [0, 50)
13 vertices
0 1
0 2
0 3
0 4
0 5
1 6
1 7
1 2
2 8
2 9
2 3
3 10
3 8
4 8
4 7
5 11
5 12
6 12
6 11
7 11
8 10
8 9
9 10
11 12

# Unit Distance Graph
13 vertices
0 1
0 2
0 8
0 4
0 7
1 4
1 8
1 3
2 5
2 11
2 7
2 4
3 7
3 11
3 6
5 9
5 8
6 8
6 10
8 12
9 12
9 11
10 11
10 12

# Embedding (with cost 9.80648e-15)
(0.491851, -0.423332, -0.0315114) (-0.250297, -0.116642, -0.627462) (0.0622899, 0.151234, -0.728183) (0.612148, -0.12769, -0.121432) (-0.0819384, 0.348853, 0.241428) (0.172961, -0.484887, 0.0354284) (-0.349478, -0.251221, -0.366414) (-0.289251, 0.153314, 0.207987) (0.152326, 0.5149, 0.0351453) (0.246139, 0.399606, -0.425351) (0.431289, 0.34756, -0.187911) (-0.357987, -0.1873, 0.113697) (-0.201698, -0.415663, -0.058229) 
# Original Graph 22 in [0, 50)
13 vertices
0 1
0 2
0 3
0 4
0 5
0 6
1 7
1 8
2 9
2 3
3 9
3 4
4 9
4 8
4 5
5 10
5 11
5 6
6 12
7 12
7 10
8 9
10 11
11 12

# Unit Distance Graph
13 vertices
0 1
0 8
0 4
0 5
0 10
0 7
1 5
1 4
2 5
2 11
2 10
3 7
3 10
3 11
3 12
4 7
4 12
4 6
5 9
5 8
6 8
6 9
9 12
9 11

# Embedding (with cost 9.49287e-15)
(0.952136, 0.336777, -0.0549029) (0.13606, -0.235501, -0.135648) (0.940617, 0.147222, -0.275793) (0.861066, 0.0855343, -0.540924) (0.351845, 0.431154, -0.849097) (0.135248, 0.692077, -0.509278) (0.593877, 0.472933, 0.120272) (0.0146074, -0.00905449, -0.0169384) (0.277541, -0.295075, -0.43659) (0.516273, -0.229168, -0.587565) (-0.040752, 0.307866, -0.170393) (0.04394, 0.589673, -0.261372) (0.184453, 0.376934, 0.135302) 
# Original Graph 23 in [0, 50)
13 vertices
0 1
0 2
0 3
0 4
0 5
1 6
1 4
1 7
2 7
2 3
3 7
3 8
4 8
4 9
5 9
5 10
5 6
6 10
6 11
7 8
9 11
9 12
10 12
11 12

# Unit Distance Graph
13 vertices
0 1
0 4
0 9
0 11
0 6
1 5
1 9
1 4
2 9
2 12
2 11
3 6
3 11
3 12
3 10
4 6
4 5
5 7
5 8
6 8
7 10
7 12
7 9
8 10

# Embedding (with cost 6.08908e-15)
(-0.919505, -0.579754, -0.190364) (-0.0768521, -0.519894, 0.344755) (-0.633927, -0.546405, -0.320035) (-0.396559, -0.374754, -0.399611) (-0.490872, 0.309457, -0.0304317) (-1.04782, -0.509847, 0.105761) (-0.312614, -0.451064, 0.593933) (-0.114548, -0.409695, -0.23916) (-0.329076, 0.088964, -0.247552) (-0.655333, 0.287826, 0.230964) (-0.741309, -0.37069, 0.539075) (-0.45769, -0.112185, 0.563364) (-0.636961, 0.0854887, 0.455014) 
# Original Graph 24 in [0, 50)
13 vertices
0 1
0 2
0 3
0 4
0 5
1 6
1 2
2 7
2 3
3 7
3 8
3 9
3 10
4 10
4 5
5 11
6 12
6 8
6 7
7 8
9 12
9 10
10 11
11 12

# Unit Distance Graph
13 vertices
0 3
0 9
0 12
0 6
0 8
1 3
1 10
1 9
2 9
2 10
2 11
2 12
3 6
3 12
3 11
3 5
4 6
4 7
4 8
5 8
5 7
6 10
7 11
7 10

# Embedding (with cost 9.55811e-15)
(-0.2157, 0.187138, -0.514575) (0.241127, 0.170528, -0.431222) (0.248886, -0.0104075, -0.665644) (-0.0220301, -0.793177, -0.476175) (-0.436143, -0.039872, -0.250912) (-0.30357, 0.0370448, 0.00493595) (0.492254, -0.158923, 0.101089) (0.495815, -0.325608, -0.47409) (0.397105, -0.584698, -0.34505) (-0.105672, -0.657539, 0.00927054) (-0.418655, -0.510838, -0.114318) (-0.174378, -0.107066, 0.235192) (0.182087, -0.211955, 0.311555) 
# Original Graph 25 in [0, 50)
13 vertices
0 1
0 2
0 3
0 4
0 5
1 6
1 2
2 3
3 7
3 4
4 7
4 6
4 8
4 9
5 9
5 10
6 11
6 7
8 12
8 9
9 12
9 10
10 11
11 12

# Unit Distance Graph
13 vertices
0 4
0 8
0 12
0 11
0 6
1 4
1 9
1 8
2 8
2 9
2 12
3 9
3 10
3 11
3 12
4 6
4 11
4 10
4 5
5 6
5 7
6 9
7 10
7 9

# Embedding (with cost 9.80392e-15)
(0.375816, -0.0615721, 0.685844) (0.826734, 0.125076, 0.372356) (0.66537, -0.170641, 0.565416) (0.662715, -0.465417, 0.372701) (0.395356, -0.610752, -0.149632) (0.0940191, 0.129815, 0.450999) (0.924934, 0.235763, -0.0952196) (0.818424, -0.414601, 0.0280929) (0.125132, -0.17033, -0.276096) (-0.0581136, 0.0525614, -0.0878463) (0.16303, 0.340225, 0.0544954) (0.620399, 0.362921, -0.185926) (0.254019, 0.174255, -0.278288) 
# Original Graph 26 in [0, 50)
13 vertices
0 1
0 2
0 3
0 4
0 5
1 6
1 7
1 8
1 2
2 9
3 9
3 8
3 7
3 10
4 11
4 5
5 12
6 12
6 11
6 10
7 8
8 9
10 11
11 12

# Unit Distance Graph
13 vertices
0 1
0 7
0 3
0 10
0 6
1 4
1 11
1 10
1 3
2 6
2 10
2 11
3 6
3 12
3 5
4 8
4 7
5 7
5 8
6 9
8 12
8 11
9 11
9 12

# Embedding (with cost 9.71474e-15)
(-0.394544, -0.267294, -0.63024) (-0.231443, 0.593831, -0.148718) (-0.517, 0.00718216, -0.700251) (0.227096, 0.412859, -1.01877) (-0.123588, -0.325203, -0.527855) (-0.0214429, -0.217651, -0.283457) (0.158681, 0.306941, -0.0267524) (0.0332132, 0.61223, -0.838715) (-0.250584, 0.644937, -0.734497) (-0.385727, 0.37753, -0.862598) (0.45075, 0.242567, -0.789988) (0.466354, -0.0185021, -0.520374) (0.1519, -0.0451491, -0.133009) 
# Original Graph 27 in [0, 50)
13 vertices
0 1
0 2
0 3
0 4
0 5
1 6
1 7
1 8
2 9
2 10
3 10
3 11
4 11
4 7
4 12
4 5
5 6
6 12
6 7
7 12
8 11
8 9
9 11
9 10

# Unit Distance Graph
13 vertices
0 1
0 8
0 11
0 4
0 7
1 4
1 11
1 3
2 4
2 12
2 7
3 7
3 6
4 9
4 8
5 8
5 9
5 11
6 11
6 9
6 10
7 10
9 12
10 12

# Embedding (with cost 9.53702e-15)
(-0.118007, -0.681446, -0.405123) (-0.365398, -0.0860324, 0.359259) (0.0836609, -0.700628, -0.144323) (0.370396, -0.468369, -0.199692) (0.210154, 0.262851, -0.380349) (-0.331875, -0.390973, -0.472614) (-0.50601, 0.0051858, -0.112183) (-0.349978, 0.179982, 0.0466857) (-0.0515836, -0.197933, 0.467691) (0.273581, -0.446842, 0.321301) (0.277843, -0.598274, 0.0341371) (0.49211, 0.0627527, -0.133229) (-0.128288, 0.271256, -0.246886) 
# Original Graph 28 in [0, 50)
13 vertices
0 1
0 2
0 3
0 4
0 5
0 6
0 7
1 7
1 8
1 2
2 9
2 3
3 10
4 11
4 5
5 11
5 12
6 12
6 7
7 9
7 8
8 9
10 12
10 11

# Unit Distance Graph
13 vertices
0 2
0 3
0 10
0 12
0 6
0 7
0 9
1 5
1 12
1 10
1 11
2 6
2 12
2 5
3 7
3 6
4 7
4 8
4 9
5 9
5 8
7 11
7 10
8 11

# Embedding (with cost 8.12019e-15)
(-0.55319, -0.0816057, 0.833613) (-0.0598623, 0.14058, 0.402371) (-0.430749, 0.0515087, -0.149895) (-0.724724, 0.076126, -0.138857) (-0.89541, 0.0920302, 0.681657) (-1.0058, 0.407418, 0.586747) (-0.489849, 0.843114, 0.458272) (-0.189221, 0.736242, 0.38791) (-0.0801312, 0.42642, 0.208895) (-0.223472, 0.305064, -0.0276492) (-0.960756, 0.246771, -0.0184777) (-1.05325, 0.235327, 0.337469) (-0.82855, 0.780183, 0.407588) 
# Original Graph 29 in [0, 50)
13 vertices
0 1
0 2
0 3
0 4
0 5
1 6
1 7
2 8
2 3
3 8
3 9
3 10
3 4
4 10
4 9
5 9
5 11
6 12
6 7
7 8
8 12
9 11
9 10
11 12

# Unit Distance Graph
13 vertices
0 3
0 9
0 11
0 12
0 8
1 3
1 10
1 9
2 5
2 11
2 9
3 6
3 12
3 11
3 5
4 6
4 7
4 8
4 12
5 8
6 10
7 9
7 10
8 9

# Embedding (with cost 9.2868e-15)
(0.652619, 0.244397, 0.442361) (0.635327, 0.127239, 0.126571) (0.0640109, -0.323164, 0.220607) (-0.271145, -0.138361, 0.454845) (-0.026003, 0.367601, 0.62449) (0.234631, 0.657137, 0.121119) (0.343522, 0.15071, -0.279064) (0.319655, -0.13584, -0.167386) (0.0278225, -0.289056, -0.127776) (-0.226982, 0.632036, 0.166611) (-0.275056, 0.333976, 0.484988) (-0.0353772, 0.5775, -0.20239) (0.0722312, 0.312354, -0.369138) 
# Original Graph 30 in [0, 50)
13 vertices
0 1
0 2
0 3
0 4
1 5
1 3
1 6
2 7
2 8
3 8
3 5
3 9
4 9
4 10
5 10
5 9
6 8
6 11
6 7
7 12
8 12
8 11
9 10
11 12

# Unit Distance Graph
13 vertices
0 1
0 6
0 8
0 3
1 3
1 8
1 2
2 3
2 5
3 7
3 6
4 6
4 11
4 8
5 8
5 12
5 7
6 9
7 9
8 10
9 12
9 11
10 11
10 12

# Embedding (with cost 9.88128e-15)
(0.340275, 0.207009, 0.38169) (-0.565259, 0.588263, 0.567845) (0.316677, 0.374656, 0.147653) (-0.472486, -0.216726, -0.0181468) (0.1508, 0.0882709, 0.582098) (-0.498419, 0.294872, 0.72146) (-0.464266, 0.76419, 0.176109) (0.150874, 0.564688, 0.0103914) (-0.422552, 0.00685777, -0.233156) (-0.276786, -0.123681, 0.596271) (-0.258857, 0.119358, 0.746919) (-0.355401, 0.521867, -0.163392) (-0.0704265, 0.498215, -0.15915) 
# Original Graph 31 in [0, 50)
13 vertices
0 1
0 2
0 3
0 4
0 5
1 5
1 3
1 6
2 6
2 7
2 8
3 8
3 9
4 9
4 10
5 10
5 9
6 11
6 12
7 12
7 11
8 11
9 10
11 12

# Unit Distance Graph
13 vertices
0 1
0 6
0 11
0 8
0 3
1 3
1 8
1 2
2 3
2 9
2 5
3 6
4 6
4 12
4 11
5 8
5 11
5 7
6 9
7 9
7 10
9 12
10 11
10 12

# Embedding (with cost 9.04448e-15)
(-0.640321, -0.0230219, -0.871284) (-0.138627, -0.258851, -0.0390058) (-0.571679, 0.337859, -0.714582) (0.359263, 0.00514882, -0.865087) (-0.292571, -0.323429, -0.892632) (-0.141277, -0.495206, -0.367079) (-0.149788, 0.131636, -0.0136953) (-0.299677, 0.483422, -0.498219) (0.279782, 0.339293, -0.722495) (0.153202, -0.339068, -0.84233) (-0.0953122, -0.478005, -0.68232) (0.115288, 0.468677, -0.438518) (-0.112072, 0.426529, -0.256248) 
# Original Graph 32 in [0, 50)
13 vertices
0 1
0 2
0 3
0 4
0 5
1 5
1 6
1 2
2 7
2 8
3 9
3 10
4 10
4 9
4 11
5 11
5 7
5 12
6 12
6 7
7 12
8 11
8 9
9 10

# Unit Distance Graph
13 vertices
0 2
0 8
0 11
0 5
0 7
1 4
1 11
1 8
1 9
2 5
2 11
2 4
3 5
3 12
3 7
4 7
4 6
5 9
5 8
6 9
6 10
7 10
9 12
10 12

# Embedding (with cost 8.51341e-15)
(-0.506821, 0.126777, -0.696998) (-0.150918, 0.136952, -1.0468) (0.472294, 0.0268915, -0.519919) (-0.429145, 0.246886, -0.386846) (-0.148705, 0.770947, -0.273461) (0.124509, 0.859573, -0.950833) (0.202133, 0.245023, -1.04826) (0.487373, 0.191469, -0.78298) (0.342656, 0.254565, -0.18508) (-0.0291782, 0.383028, -0.0852204) (-0.272173, 0.479164, -0.199609) (0.0444547, 0.929303, -0.46886) (0.295902, 0.513434, -1.02187) 
# Original Graph 33 in [0, 50)
13 vertices
0 1
0 2
0 3
0 4
0 5
1 5
1 6
1 7
1 2
2 7
2 8
2 9
3 9
3 10
4 10
4 11
5 12
6 12
6 7
7 12
8 11
8 9
9 10
11 12

# Unit Distance Graph
13 vertices
0 2
0 8
0 11
0 12
0 7
1 4
1 11
1 8
1 9
1 10
2 5
2 12
2 11
2 4
3 6
3 7
3 12
4 7
5 9
5 8
6 10
6 9
7 10
9 12

# Embedding (with cost 9.26899e-15)
(-0.0323779, 0.421095, 0.310663) (0.0897048, 0.282443, -0.330327) (-0.23597, -0.4294, -0.174319) (-0.239246, 0.221818, 0.425589) (-0.790174, 0.340835, 0.141271) (-0.364482, 0.550597, -0.326278) (-0.273923, 0.207065, -0.573701) (-0.19288, -0.126168, -0.510764) (-0.591268, -0.357586, 0.0255362) (-0.503416, -0.212994, 0.304299) (-0.611869, 0.119445, 0.363377) (-0.898139, 0.319937, -0.179465) (-0.685014, 0.421482, -0.447008) 
# Original Graph 34 in [0, 50)
13 vertices
0 1
0 2
0 3
0 4
1 5
1 3
1 6
2 6
2 7
3 8
3 6
3 9
4 9
4 10
5 10
5 11
5 12
5 9
6 8
6 7
7 8
9 12
10 11
11 12

# Unit Distance Graph
13 vertices
0 1
0 3
0 9
0 5
1 4
1 9
1 3
2 5
2 9
2 12
3 5
3 10
3 4
4 6
5 8
5 7
6 10
6 11
6 12
6 9
7 12
7 11
8 11
8 10

# Embedding (with cost 9.77863e-15)
(-0.023127, 0.452855, -0.361587) (-0.473126, -0.429736, -0.225447) (-0.0483036, 0.269783, -0.599489) (0.520093, -0.386258, -0.333271) (0.00823108, 0.434649, -0.0800733) (-0.376912, -0.356208, 0.107725) (-0.175022, -0.286558, -0.748114) (0.0527111, -0.0695027, -0.74856) (0.336619, -0.315287, -0.591702) (0.497513, -0.324732, -0.00903441) (-0.121488, 0.251298, 0.0932208) (-0.178599, -0.0528145, 0.224177) (0.0420656, -0.284327, 0.228035) 
# Original Graph 35 in [0, 50)
13 vertices
0 1
0 2
0 3
0 4
0 5
1 6
1 4
1 7
2 7
2 3
3 8
4 8
4 7
4 9
5 9
5 10
6 10
6 11
6 12
7 8
9 12
9 11
10 11
11 12

# Unit Distance Graph
13 vertices
0 1
0 4
0 9
0 12
0 6
1 5
1 9
1 4
2 9
2 11
2 12
3 6
3 12
3 11
4 6
4 10
4 5
5 7
6 8
7 10
7 11
7 9
8 11
8 10

# Embedding (with cost 8.32588e-15)
(-0.409508, -0.126871, -0.713616) (0.0389878, 0.381988, 0.0211726) (-0.482112, -0.075695, -0.144189) (-0.494161, -0.200949, -0.3975) (0.0962858, -0.616074, -0.00308569) (-0.133766, -0.108134, -0.83319) (0.337776, 0.327688, -0.228908) (-0.355231, -0.0155718, 0.137575) (-0.264087, -0.431244, 0.0196541) (0.416083, -0.492518, -0.283847) (0.194482, 0.10491, -0.689045) (0.462132, 0.0897785, -0.428834) (0.500801, -0.17047, -0.301989) 
# Original Graph 36 in [0, 50)
13 vertices
0 1
0 2
0 3
0 4
1 5
1 6
2 7
2 8
3 9
3 10
4 10
4 11
5 11
5 12
5 10
5 6
6 9
6 7
7 9
7 8
8 9
9 10
10 12
11 12

# Unit Distance Graph
13 vertices
0 5
0 6
0 9
0 10
1 3
1 10
1 9
2 5
2 10
2 12
3 6
3 5
4 6
4 7
4 9
5 9
5 8
6 10
7 11
7 12
7 10
8 12
8 11
9 11

# Embedding (with cost 8.86906e-15)
(0.163239, -0.203192, 0.122472) (-0.0942342, 0.544528, 0.165244) (0.261198, -0.00889313, -0.168615) (0.824592, 0.153953, 0.221899) (0.18965, -0.0883953, 0.446134) (0.0436111, 0.724976, 0.474884) (0.0902552, 0.781234, -0.0374617) (0.319911, 0.543306, -0.318056) (0.552554, 0.32712, -0.288455) (0.890505, 0.473288, 0.00645812) (0.826473, 0.42098, 0.535426) (0.133421, 0.23505, 0.614789) (0.378472, 0.507628, 0.67959) 
# Original Graph 37 in [0, 50)
13 vertices
0 1
0 2
0 3
0 4
0 5
1 6
1 7
2 8
2 9
3 9
3 10
3 7
3 4
4 6
4 11
4 12
4 5
5 12
6 12
6 11
7 10
8 10
8 9
11 12

# Unit Distance Graph
13 vertices
0 1
0 7
0 3
0 4
0 6
1 4
1 3
2 4
2 11
2 6
3 6
3 12
3 5
4 8
4 10
4 7
5 7
5 10
6 9
8 12
8 11
9 11
9 12
10 12

# Embedding (with cost 8.09769e-15)
(0.660973, -0.0406316, 0.451911) (-0.0364978, -0.640184, 0.0593921) (0.399979, 0.108648, 0.401435) (0.167282, 0.238867, -0.371587) (0.605594, -0.16127, -0.539239) (0.806576, -0.309299, 0.167688) (0.199762, -0.726151, -0.111424) (-0.182075, -0.381724, 0.0360675) (0.0231622, 0.117151, 0.224472) (0.132213, 0.265652, -0.00296301) (-0.164776, -0.0834981, 0.093597) (0.459975, -0.645575, -0.252438) (0.701578, -0.553159, -0.076253) 
# Original Graph 38 in [0, 50)
13 vertices
0 1
0 2
0 3
0 4
0 5
1 6
1 7
1 8
2 9
2 3
3 9
3 10
4 10
4 7
4 11
4 6
4 5
5 6
6 11
7 11
8 10
8 12
9 12
10 12

# Unit Distance Graph
13 vertices
0 1
0 8
0 10
0 4
0 7
1 4
1 10
1 3
2 4
2 11
2 7
3 7
3 11
3 6
4 9
4 12
4 8
5 8
5 12
5 10
6 10
6 12
6 9
9 11

# Embedding (with cost 9.52378e-15)
(0.461265, -0.36524, -0.086773) (-0.488031, -0.0640386, -0.176853) (0.372399, -0.457267, -0.34105) (0.348145, -0.268395, -0.685821) (0.25544, 0.523725, -0.495891) (0.351258, 0.0859024, 0.0904467) (0.0820214, 0.298924, 0.0934912) (-0.366139, 0.191766, -0.158516) (-0.455742, -0.176928, -0.438393) (0.166823, -0.47143, -0.53846) (0.176058, 0.15518, -0.891646) (-0.13306, 0.365128, -0.0799416) (-0.219817, -0.349252, -0.605623) 
# Original Graph 39 in [0, 50)
13 vertices
0 1
0 2
0 3
0 4
0 5
1 6
1 4
1 7
2 8
2 3
3 8
3 4
4 7
4 9
5 9
5 10
6 10
6 11
7 8
9 11
9 12
9 10
10 12
11 12

# Unit Distance Graph
13 vertices
0 1
0 4
0 9
0 11
0 6
1 5
1 9
1 4
2 9
2 12
2 11
3 6
3 11
3 12
3 10
4 6
4 10
4 5
5 7
7 10
7 9
8 9
8 10
8 12

# Embedding (with cost 8.59442e-15)
(-0.487415, -0.171061, -0.516468) (-0.324101, 0.740181, -0.13836) (-0.233421, -0.0421328, -0.598042) (0.115003, 0.0166822, -0.514817) (0.400866, 0.051798, -0.114858) (-0.555771, -0.231632, -0.182044) (-0.401098, 0.606877, 0.105916) (-0.00224812, 0.580775, -0.365366) (0.00814371, 0.281272, -0.543144) (-0.0741438, -0.072031, 0.388739) (-0.528201, -0.0057589, 0.250549) (-0.330824, 0.379652, 0.303407) (-0.304078, 0.0996154, 0.389336) 
# Original Graph 40 in [0, 50)
13 vertices
0 1
0 2
0 3
0 4
0 5
1 5
1 6
1 7
2 8
2 9
3 6
3 10
4 10
4 11
5 11
5 12
5 10
6 9
6 7
7 8
8 9
10 12
10 11
11 12

# Unit Distance Graph
13 vertices
0 1
0 6
0 3
0 10
0 5
1 4
1 10
1 3
2 5
2 10
2 12
3 5
4 7
4 6
5 6
5 9
6 11
7 11
7 10
8 10
8 11
8 12
9 12
9 11

# Embedding (with cost 9.20945e-15)
(-0.109163, -0.241331, 0.738581) (0.731138, 0.131014, 0.344559) (-0.0121857, -0.366805, 0.504275) (-0.15305, 0.343208, -0.0715969) (-0.173178, 0.0420577, 0.762052) (0.638219, 0.392037, 0.537919) (0.0772233, 0.0289016, -0.206001) (0.627816, -0.0765099, 0.175237) (0.186809, -0.375678, 0.303271) (0.0527513, -0.273969, 0.0756813) (-0.15097, 0.548942, 0.127254) (0.00262349, 0.545062, 0.647236) (0.251831, 0.597513, 0.523884) 
# Original Graph 41 in [0, 50)
13 vertices
0 1
0 2
0 3
0 4
0 5
1 6
1 7
1 8
2 8
2 9
3 9
3 8
3 7
3 10
4 10
4 5
5 11
6 11
6 12
6 10
7 8
8 9
10 12
11 12

# Unit Distance Graph
13 vertices
0 1
0 7
0 3
0 10
0 6
1 4
1 10
1 3
2 6
2 10
2 12
3 6
3 11
3 5
4 8
4 7
5 7
5 8
6 9
8 11
8 12
8 10
9 12
9 11

# Embedding (with cost 9.19075e-15)
(-0.163083, 0.639642, 0.178726) (0.403705, -0.147729, -0.0637578) (0.158908, 0.679338, -0.00859342) (0.701883, 0.480673, 0.654713) (-0.057634, 0.451367, 0.590651) (-0.238402, 0.296417, 0.368506) (0.207944, -0.286568, 0.24561) (0.670469, 0.120274, -0.00955275) (0.616849, 0.375141, -0.143694) (0.547733, 0.642615, 0.10014) (0.486511, 0.26797, 0.841967) (-0.104364, -0.0534913, 0.400481) (0.132897, -0.140592, 0.563279) 
# Original Graph 42 in [0, 50)
13 vertices
0 1
0 2
0 3
0 4
0 5
1 6
1 4
1 7
1 2
2 3
3 8
4 8
4 7
4 9
5 10
5 11
6 11
6 10
6 12
7 8
9 12
9 10
10 12
10 11

# Unit Distance Graph
13 vertices
0 1
0 4
0 9
0 12
0 6
1 5
1 10
1 9
1 4
2 9
2 10
2 12
3 6
3 12
3 10
4 6
4 11
4 5
5 7
6 8
7 11
7 10
8 10
8 11

# Embedding (with cost 8.0385e-15)
(0.0303681, -0.681544, 0.307579) (0.394638, 0.170581, -0.0681736) (0.234817, -0.324114, -0.0804403) (-0.121836, -0.539569, -0.0341491) (-0.592573, 0.0535771, 0.0401075) (0.0386468, -0.466048, 0.615913) (0.339744, 0.269119, 0.330497) (-0.174752, 0.039474, -0.220095) (-0.396791, -0.207096, -0.149852) (-0.484904, 0.16962, 0.407647) (-0.121989, 0.0431768, 0.778505) (0.108509, -0.183118, 0.712759) (-0.262393, 0.233809, 0.584017) 
# Original Graph 43 in [0, 50)
13 vertices
0 1
0 2
0 3
0 4
0 5
1 5
1 6
1 7
2 8
2 3
3 8
3 9
3 10
4 10
4 6
4 11
4 12
4 5
5 12
6 11
7 10
7 9
8 9
11 12

# Unit Distance Graph
13 vertices
0 1
0 7
0 10
0 4
0 6
1 4
1 10
1 3
2 4
2 11
2 6
3 6
3 11
3 12
3 5
4 8
4 9
4 7
5 10
5 7
5 9
8 12
8 11
9 12

# Embedding (with cost 8.01011e-15)
(-0.0069888, 0.802416, 0.38353) (0.21021, 0.806468, -0.592589) (0.25258, 0.690926, 0.358223) (0.496165, 0.270359, 0.201652) (-0.245603, 0.0151658, -0.185065) (-0.302432, 0.860402, 0.0829401) (-0.0526225, 0.555089, -0.584326) (0.504547, 0.618467, -0.455811) (0.533935, 0.54559, 0.148058) (0.60291, 0.544116, -0.200465) (0.0333416, -0.0586843, -0.123303) (-0.250897, 0.391012, -0.452062) (-0.393118, 0.456471, -0.216125) 
# Original Graph 44 in [0, 50)
13 vertices
0 1
0 2
0 3
0 4
0 5
1 6
1 7
1 8
2 8
2 9
2 3
3 9
3 7
3 10
4 10
4 5
5 11
5 12
6 12
6 10
7 8
8 9
10 11
11 12

# Unit Distance Graph
13 vertices
0 1
0 7
0 3
0 10
0 6
1 4
1 10
1 3
2 6
2 10
2 11
2 12
3 6
3 12
3 5
4 8
4 7
5 7
5 8
5 9
8 11
8 10
9 12
9 11

# Embedding (with cost 7.64135e-15)
(0.0396741, -0.36448, 0.00379444) (-0.68674, 0.151247, 0.458051) (0.143347, -0.112305, 0.347411) (0.0598861, 0.635314, 0.00172932) (-0.147543, -0.103914, -0.344545) (-0.457645, -0.15941, -0.315407) (-0.802039, 0.152958, 0.157991) (-0.328173, 0.435449, 0.477927) (-0.269838, 0.177385, 0.607251) (0.0431337, 0.210883, 0.466964) (-0.1985, 0.552198, -0.3171) (-0.511547, 0.146517, -0.362607) (-0.705302, 0.0138175, -0.16629) 
# Original Graph 45 in [0, 50)
13 vertices
0 1
0 2
0 3
0 4
0 5
0 6
1 6
1 7
1 8
1 2
2 8
2 9
2 10
3 10
3 4
4 11
5 7
5 6
7 11
7 8
9 12
9 10
10 12
11 12

# Unit Distance Graph
13 vertices
0 2
0 9
0 12
0 11
0 7
0 8
1 3
1 4
1 11
1 12
1 10
2 5
2 7
2 11
2 4
3 8
3 7
4 8
5 10
5 9
6 9
6 10
6 12
7 10

# Embedding (with cost 7.09662e-15)
(-0.255392, 0.347079, -0.273275) (0.35512, -0.108529, -0.48692) (0.163001, -0.368875, 0.285614) (-0.239676, 0.239115, 0.237898) (-0.0801729, 0.581461, 0.0913816) (0.00124993, 0.327814, -0.413285) (0.136858, 0.0933955, -0.50244) (0.710726, 0.408907, -0.0226887) (0.634726, -0.0836439, -0.124383) (0.295069, -0.0149606, 0.479002) (0.0416812, -0.154907, 0.461555) (0.580371, 0.538778, 0.241266) (0.462915, 0.297265, 0.420666) 
# Original Graph 46 in [0, 50)
13 vertices
0 1
0 2
0 3
0 4
0 5
1 6
1 4
1 7
2 7
2 8
2 3
3 8
4 8
4 7
4 9
5 9
5 10
6 10
6 11
6 12
9 12
9 10
10 11
11 12

# Unit Distance Graph
13 vertices
0 1
0 4
0 9
0 12
0 6
1 5
1 9
1 4
2 9
2 10
2 11
2 12
3 6
3 12
3 11
4 6
4 10
4 5
5 7
6 8
7 10
7 9
8 11
8 10

# Embedding (with cost 7.38384e-15)
(-0.313209, -0.0275377, -0.479233) (-0.425536, 0.53965, 0.336659) (-0.569949, -0.128211, 0.0207504) (-0.422321, -0.191499, -0.241449) (0.0928068, -0.313945, 0.388593) (0.0937088, 0.220956, -0.456322) (-0.167367, 0.641547, 0.249503) (-0.593805, 0.0656931, 0.253057) (-0.20498, -0.354782, 0.172603) (0.402888, -0.00784473, 0.21849) (0.188809, 0.480498, -0.21111) (0.134898, 0.579676, 0.0664406) (0.308983, 0.29934, 0.232123) 
# Original Graph 47 in [0, 50)
13 vertices
0 1
0 2
0 3
0 4
0 5
1 6
1 4
1 2
2 4
2 7
3 7
3 8
4 8
4 9
5 9
5 10
6 10
6 11
6 12
7 8
9 12
10 12
10 11
11 12

# Unit Distance Graph
13 vertices
0 1
0 4
0 9
0 12
0 6
1 5
1 9
1 4
2 5
2 10
2 12
2 9
3 6
3 12
3 11
4 6
4 10
4 5
6 8
7 10
7 11
7 12
8 11
8 10

# Embedding (with cost 9.89804e-15)
(0.71776, 0.0974125, -0.33952) (-0.0565155, 0.573854, 0.0770155) (-0.124216, 0.276609, -0.209894) (0.389297, -0.0718229, -0.381916) (0.105396, -0.391475, 0.281769) (0.856957, 0.184229, -0.0402889) (0.160283, 0.606419, 0.316324) (0.0927009, -0.0449296, -0.33478) (0.119873, -0.335761, -0.0163372) (0.329047, -0.235825, 0.519465) (0.725909, 0.392412, 0.303796) (0.418055, 0.50596, 0.433768) (0.40532, 0.0573709, 0.609574) 
# Original Graph 48 in [0, 50)
13 vertices
0 1
0 2
0 3
0 4
1 5
1 6
1 7
2 7
2 8
2 9
2 10
3 11
3 4
4 9
5 9
5 8
5 7
5 6
6 7
7 8
9 12
10 12
10 11
11 12

# Unit Distance Graph
13 vertices
0 2
0 9
0 5
0 8
1 2
1 10
1 12
1 9
2 5
2 9
2 4
3 5
3 7
3 8
4 8
4 7
5 11
5 10
6 10
6 11
6 12
7 9
7 12
7 11

# Embedding (with cost 8.01368e-15)
(-0.709902, 0.0946091, -0.0655476) (-0.679584, -0.239728, -0.0568956) (0.286141, 0.015244, -0.105526) (-0.573673, 0.334873, -0.248509) (-0.606615, 0.200191, -0.516356) (-0.28082, -0.461993, -0.776942) (-0.442776, -0.510934, -0.202704) (-0.0376315, -0.490105, -0.0694228) (0.201893, -0.294317, -0.19733) (-0.255113, -0.0555217, -0.943402) (0.125697, 0.307677, -0.284649) (-0.212637, 0.448064, -0.368107) (-0.107433, 0.309254, -0.666209) 
# Original Graph 49 in [0, 50)
13 vertices
0 1
0 2
0 3
0 4
0 5
1 6
1 7
1 8
2 9
2 3
3 9
3 8
3 7
3 10
4 10
4 5
5 11
6 12
6 10
7 8
8 9
10 12
10 11
11 12

# Unit Distance Graph
13 vertices
0 1
0 7
0 3
0 10
0 6
1 4
1 10
1 3
2 6
2 10
2 12
3 6
3 12
3 11
3 5
4 8
4 7
5 7
5 8
8 11
8 10
9 10
9 11
9 12

# WARNING: failed to find good embedding
# Embedding (with cost 0.0080746)
(0.143546, -0.963476, 0.287829) (0.368749, -0.559119, -0.598575) (-0.224634, -0.642655, 0.164346) (-0.325581, -0.135811, -0.0168856) (0.466314, -0.472755, 0.3929) (0.351475, -0.779118, 0.340536) (0.617501, -0.256812, -0.217683) (-0.0545574, -0.313352, -0.445721) (-0.263071, -0.267015, -0.259533) (-0.314046, -0.415882, 0.0208913) (0.585205, -0.0625907, 0.242494) (0.670853, -0.276156, 0.0780111) (0.557002, -0.441045, -0.423592) 
