# Original Graph 0 in [0, 4)
9 16
0 1
0 2
0 3
0 4
0 5
0 6
1 6
1 5
1 2
2 7
3 7
3 8
4 8
4 5
5 6
7 8

# Unit Distance Graph 0
9 16
0 1
0 2
0 7
0 8
0 4
0 5
1 4
1 8
1 3
2 5
2 4
3 5
3 6
5 7
6 8
6 7

# Embedding 0 (with cost 3.93032992781207e-15)
(0.128938260369992, 0.345844134718804, -0.595646253217434) (-0.673391544063142, 0.303249296078816, -1.19100545479705) (-0.353057059534933, 0.33223434149997, -1.47171433706586) (0.280362295018818, 0.00283134248569983, -1.18087292734621) (-0.147295553170662, -0.525646425670462, -1.0008610781877) (-0.560934427973581, -0.355278377925912, -0.775931850526004) (-0.602187676335551, 0.162522872662094, -0.738601348940447) (-0.00618891237184818, 0.00488063493817891, -1.52596046610193) (0.0422755296639585, -0.391159076655881, -1.26595652796184) 


# Original Graph 1 in [0, 4)
9 16
0 1
0 2
0 3
0 4
1 5
1 3
1 6
2 7
2 8
3 8
3 5
3 4
4 5
6 8
6 7
7 8

# Unit Distance Graph 1
9 16
0 1
0 6
0 8
0 3
1 3
1 8
1 2
2 3
2 5
3 7
3 6
4 6
4 7
4 8
5 8
5 7

# Embedding 1 (with cost 3.84262635233891e-15)
(-1.79117107638451, 0.221550579054187, -0.923393893804298) (-1.59391581999414, 0.350197372611241, 0.0484807739398377) (-1.62353294189791, -0.17581005443692, -0.801483349313909) (-0.863875322919612, 0.450801698923616, -0.627477532252447) (-1.2191565855822, 0.626795427160098, -0.708882024671551) (-1.19499865253723, 0.656799396724018, -0.450598928092381) (-1.47886215147577, -0.0396569355581211, -0.0100299322199176) (-1.50549017772866, -0.293747562794089, -0.443149650057045) (-1.09277907643762, -0.337621161358783, -0.476655059539187) 


# Original Graph 2 in [0, 4)
9 16
0 1
0 2
0 3
0 4
1 5
1 2
2 5
2 3
3 5
3 6
3 7
4 7
4 8
5 8
6 8
6 7

# Unit Distance Graph 2
9 16
0 3
0 6
0 8
0 5
1 3
1 7
1 6
2 4
2 8
2 6
2 7
3 5
3 8
3 4
4 5
5 7

# Embedding 2 (with cost 2.96822432497829e-15)
(0.83275622363724, 1.09299351401183, -0.31866697226904) (1.14800610941931, 1.1242448645727, -0.56173832111895) (0.865736769137299, 1.33461987470406, -0.971292731191709) (0.402552563469787, 0.999793602373238, -1.21657486759853) (0.714273636671439, 0.537910898856152, -0.386216905764319) (1.37097523854811, 0.778993759128014, -1.10079514627889) (0.654852680010579, 0.357109047021824, -0.971984959249886) (0.479938733151793, 0.425115035276032, -0.816499913373938) (1.13005437196472, 0.37059998724122, -0.942975712842473) 


# Original Graph 3 in [0, 4)
9 16
0 1
0 2
0 3
0 4
1 5
1 6
2 6
2 7
3 7
3 8
4 8
4 5
5 8
5 6
6 7
7 8

# Unit Distance Graph 3
9 16
0 5
0 6
0 7
0 8
1 3
1 8
1 7
2 4
2 5
2 8
3 6
3 5
4 7
4 6
5 7
6 8

# Embedding 3 (with cost 3.482170898612e-15)
(-0.645998799533311, 1.55086005074329, -0.862819983860149) (-0.0286560460744411, 1.35475272094828, -0.654921416121687) (-0.580163656680457, 1.28864919024351, -0.120408927666636) (-0.840092203824037, 0.771863469675625, -0.69748284598066) (-0.431676151370158, 1.21399805886704, -1.10650154316362) (0.143098188530843, 0.952557663438272, -0.723678995727761) (-0.0518304439949781, 1.11508446850115, -0.186755178879292) (-0.725218815519569, 0.748138085664561, -0.271751767895845) (-0.609850927674021, 0.553630644637496, -0.797805707045809) 


