

# Original Graph 0 in [0, 72)
12 vertices
0 1
0 2
0 3
0 4
1 5
1 6
1 2
2 7
2 3
3 7
4 6
4 8
5 8
5 9
5 10
5 6
6 11
6 7
8 11
8 9
9 10
10 11

# Unit Distance Graph 0
12 vertices
0 5
0 6
0 11
0 10
1 4
1 8
1 11
1 6
2 8
2 9
2 10
2 11
3 5
3 10
3 9
4 6
4 5
5 6
5 7
6 8
7 9
7 8

# Embedding 0 (with cost 7.78308e-15)
(-0.779421, 0.0501392, -0.0793404) (-0.278333, 0.740091, -0.128673) (-0.615769, 0.508827, 0.203968) (-0.637684, 0.232389, 0.323851) (-0.587587, -0.203751, -0.244964) (0.0318274, 0.576178, -0.334604) (0.0330306, 0.0304487, 0.503356) (-0.344746, 0.188974, 0.506981) (-0.303302, -0.220868, -0.404234) (0.00160553, 0.0255972, -0.416788) (0.21306, 0.108518, -0.186923) (0.177812, -0.0986217, 0.168805) 


# Original Graph 1 in [0, 72)
12 vertices
0 1
0 2
0 3
0 4
0 5
1 5
1 6
1 7
2 8
2 3
3 8
3 4
4 9
4 10
4 6
4 5
6 10
7 10
7 11
8 11
8 9
9 11

# Unit Distance Graph 1
12 vertices
0 4
0 10
0 7
0 11
0 9
1 3
1 4
1 9
1 8
2 4
2 6
2 10
3 7
3 10
3 6
4 8
4 11
4 7
5 8
5 9
5 11
6 8

# Embedding 1 (with cost 8.64808e-15)
(-0.353411, 0.788796, -0.761417) (-0.32183, 0.854341, -0.186386) (-0.0556688, 0.612917, -0.887636) (0.0258899, 0.321977, -0.958189) (-0.489744, -0.116294, -0.358646) (-0.538946, 0.673447, -0.398046) (-0.420654, 0.149349, -0.0802381) (0.211708, 0.494167, 0.00918963) (0.343637, 0.315821, -0.703253) (0.266003, 0.0806106, -0.422596) (-0.139957, 0.203529, 0.0208229) (0.39578, 0.340493, -0.273835) 


# Original Graph 2 in [0, 72)
12 vertices
0 1
0 2
0 3
0 4
1 5
1 6
1 7
2 7
2 3
3 7
3 6
4 6
4 8
5 8
5 9
5 6
6 10
8 10
8 11
9 11
9 10
10 11

# Unit Distance Graph 2
12 vertices
0 5
0 6
0 10
0 9
1 4
1 8
1 10
1 6
2 9
2 10
2 11
3 5
3 9
3 11
3 8
4 6
4 5
5 6
6 8
7 8
7 11
7 10

# Embedding 2 (with cost 9.63238e-15)
(-0.284663, 0.156396, -0.0397764) (0.0719858, -0.437631, -0.532856) (-0.0768344, 0.203182, -0.368642) (0.218738, 0.328054, -0.389913) (-0.177972, 0.055253, 0.300562) (0.25145, -0.661421, -0.24896) (0.709189, 0.219749, -0.130584) (0.0420752, -0.0833151, -0.559234) (-0.00597902, -0.192862, 0.433585) (0.437804, -0.523352, 0.0866561) (0.619564, -0.153413, 0.25415) (0.372167, -0.322465, 0.353918) 


# Original Graph 3 in [0, 72)
12 vertices
0 1
0 2
0 3
0 4
0 5
1 5
1 6
1 7
1 8
2 9
2 10
3 10
3 4
4 10
4 5
5 9
5 6
6 11
6 7
7 11
8 11
8 9

# Unit Distance Graph 3
12 vertices
0 5
0 6
0 11
0 8
0 9
1 2
1 10
1 4
1 5
1 9
2 6
2 5
3 6
3 7
3 11
4 8
4 11
4 7
5 9
5 8
6 10
7 10

# Embedding 3 (with cost 9.94194e-15)
(0.392044, -0.0648546, -0.0583367) (0.0807878, -0.566816, -0.187563) (-0.0780739, -0.000468257, 0.621148) (0.212751, 0.24002, 0.168407) (-0.0258928, 0.398067, 0.0524779) (-0.555174, 0.203524, -0.233699) (-0.581594, -0.23484, -0.21044) (-0.371751, -0.529519, -0.0888217) (-0.344995, -0.432621, 0.508692) (-0.300844, -0.182468, 0.653052) (0.0408123, 0.223173, 0.424253) (-0.479856, -0.480584, 0.200431) 


# Original Graph 4 in [0, 72)
12 vertices
0 1
0 2
0 3
0 4
0 5
1 5
1 6
1 7
1 2
2 7
2 6
2 8
3 8
3 9
4 9
4 10
5 11
5 6
6 7
8 11
9 10
10 11

# Unit Distance Graph 4
12 vertices
0 2
0 8
0 11
0 5
0 6
1 3
1 9
1 10
1 11
1 8
2 5
2 11
2 10
2 4
3 6
3 5
4 6
4 7
5 8
6 9
7 10
7 9

# Embedding 4 (with cost 8.2888e-15)
(-0.429224, 0.0882451, -0.263734) (0.00720479, 0.380479, -0.193198) (0.491659, -0.278746, -0.395228) (-0.110966, -0.611928, -0.227321) (-0.431293, -0.289721, -0.0104698) (0.184146, -0.0155992, 0.519205) (0.473556, 0.097595, 0.166268) (0.480323, 0.0651048, -0.217969) (0.332477, -0.558198, -0.307587) (-0.265635, -0.558739, 0.0151956) (-0.179771, -0.454243, 0.324759) (0.0535665, -0.337027, 0.50181) 


# Original Graph 5 in [0, 72)
12 vertices
0 1
0 2
0 3
0 4
1 4
1 5
1 6
2 7
2 3
3 8
4 9
5 9
5 10
5 6
6 10
6 11
6 7
7 11
7 8
8 9
9 11
9 10

# Unit Distance Graph 5
12 vertices
0 6
0 11
0 9
0 10
1 7
1 8
1 9
1 11
2 5
2 10
2 9
3 5
3 6
3 10
4 6
4 7
4 11
5 8
5 7
6 9
6 8
7 9

# Embedding 5 (with cost 9.52545e-15)
(0.273109, 0.845452, 0.107077) (0.668411, 0.623289, -0.114688) (0.253741, 0.725086, 0.58216) (0.0346149, 0.690215, 0.396479) (0.269114, 0.594889, -0.128574) (0.719542, 0.142, -0.0834527) (0.886598, 0.188041, 0.544618) (0.448981, 0.417495, 0.838989) (-0.098811, 0.334576, 0.458038) (0.0464341, -0.128514, 0.104258) (0.57712, -0.106907, 0.131367) (0.479711, 0.058823, 0.688911) 


# Original Graph 6 in [0, 72)
12 vertices
0 1
0 2
0 3
0 4
1 5
1 3
1 6
2 7
2 8
3 8
3 9
4 9
4 10
4 5
5 11
5 9
6 8
6 7
7 8
9 11
9 10
10 11

# Unit Distance Graph 6
12 vertices
0 1
0 3
0 9
0 5
1 4
1 9
1 3
2 5
2 9
2 11
3 5
3 4
4 6
4 8
5 8
6 10
6 9
7 9
7 10
7 11
8 11
8 10

# Embedding 6 (with cost 7.9678e-15)
(-0.0808974, -0.868451, 0.0704205) (0.535132, -0.299712, 0.615438) (0.0248536, -0.933952, 0.344667) (-0.407069, -0.446791, 0.916478) (-0.184704, -0.466875, -0.0582782) (0.238388, 0.0428782, 0.330296) (0.4178, -0.563254, 0.733997) (0.240685, -0.799117, 0.684945) (-0.0774289, -0.711865, 0.905294) (-0.437813, -0.0747143, 0.562957) (-0.228611, -0.135924, 0.101904) (-0.058944, 0.0596839, 0.269393) 


# Original Graph 7 in [0, 72)
12 vertices
0 1
0 2
0 3
0 4
0 5
1 6
1 7
1 8
2 8
2 5
2 9
3 9
3 4
4 10
5 10
5 6
6 11
6 7
7 11
7 8
8 11
9 10

# Unit Distance Graph 7
12 vertices
0 2
0 5
0 6
0 11
0 8
1 2
1 9
1 10
1 5
2 6
2 5
3 6
3 7
3 11
4 7
4 8
4 11
5 8
6 9
7 10
7 9
8 10

# Embedding 7 (with cost 8.15888e-15)
(-0.281764, 0.392237, 0.54784) (-0.650533, 0.518355, 0.198543) (-0.0849485, -0.170326, -0.255145) (0.0828641, 0.0762885, 0.308887) (0.134882, 0.34661, 0.389353) (0.214673, 0.783321, -0.227146) (-0.0834369, 0.826815, -0.330686) (-0.617753, 0.527734, -0.243683) (-0.430612, 0.0335638, -0.373679) (0.126526, -0.0854878, 0.0209083) (0.338253, 0.513081, 0.0492985) (-0.397879, 0.542084, -0.434027) 


# Original Graph 8 in [0, 72)
12 vertices
0 1
0 2
0 3
0 4
0 5
0 6
1 7
1 8
2 8
2 9
2 3
3 9
3 10
3 4
4 7
4 5
5 11
5 6
6 11
7 11
8 10
9 10

# Unit Distance Graph 8
12 vertices
0 1
0 8
0 10
0 3
0 4
0 7
1 4
1 3
2 4
2 5
2 11
2 7
3 7
3 11
3 6
4 8
5 9
5 10
5 8
6 10
6 9
9 11

# Embedding 8 (with cost 7.22297e-15)
(-0.360549, 0.520339, -0.498364) (-0.155838, -0.155546, 0.209643) (0.246429, 0.515298, -0.0899889) (-0.16469, 0.818494, 0.435843) (-0.562627, 0.723059, 0.459795) (-0.750515, 0.438021, -0.101406) (-0.603196, 0.332497, -0.320146) (-0.434834, -0.12801, 0.259346) (0.0838727, -0.00382083, 0.228098) (0.169461, 0.613075, 0.249308) (0.136049, 0.351436, 0.353025) (-0.596262, -0.00169796, 0.0603026) 


# Original Graph 9 in [0, 72)
12 vertices
0 1
0 2
0 3
0 4
1 5
1 6
2 6
2 7
2 8
3 8
3 9
4 10
4 11
5 11
5 9
5 6
6 8
6 7
7 8
8 9
9 10
10 11

# Unit Distance Graph 9
12 vertices
0 5
0 6
0 8
0 9
1 3
1 9
1 8
2 5
2 9
2 10
2 11
3 6
3 5
4 6
4 7
4 8
5 8
6 10
6 9
7 11
7 10
8 11

# Embedding 9 (with cost 9.13614e-15)
(0.365115, -0.43205, -0.504462) (0.635244, 0.357587, -0.592883) (0.629996, -0.136236, 0.0385428) (-0.0101398, -0.134692, -0.00881044) (0.0866027, -0.236329, -0.636294) (0.358981, 0.560574, -0.62554) (0.69594, 0.495653, -0.331482) (0.561967, 0.152323, 0.152996) (0.176941, 0.16557, 0.274923) (-0.262767, 0.267029, -0.162332) (-0.188027, 0.0603142, -0.502018) (0.0757155, 0.208561, -0.719011) 


# Original Graph 10 in [0, 72)
12 vertices
0 1
0 2
0 3
0 4
0 5
1 6
1 7
1 8
2 9
2 3
3 9
3 10
4 10
4 7
4 11
4 5
5 6
6 11
7 11
8 10
8 9
9 10

# Unit Distance Graph 10
12 vertices
0 1
0 8
0 10
0 4
0 7
1 4
1 10
1 3
2 4
2 11
2 7
3 7
3 11
3 6
4 9
4 8
5 8
5 9
5 10
6 10
6 9
9 11

# Embedding 10 (with cost 8.81388e-15)
(-0.0838786, -0.692074, -0.598951) (0.428635, -0.226033, 0.122253) (-0.192432, -0.298666, -0.580952) (-0.401987, -0.11984, -0.424365) (-0.464972, -0.627332, 0.323316) (-0.041846, -0.882747, -0.274032) (0.121194, -0.819249, 0.0625747) (0.122711, -0.466537, 0.353127) (0.211805, 0.0406908, 0.0139325) (-0.0845165, 0.115275, -0.227855) (-0.557987, -0.0856445, 0.0393779) (-0.114707, -0.718605, 0.323266) 


# Original Graph 11 in [0, 72)
12 vertices
0 1
0 2
0 3
0 4
0 5
0 6
1 6
1 7
1 5
1 2
2 8
3 9
3 10
4 11
4 5
5 7
5 6
6 7
8 11
8 9
9 10
10 11

# Unit Distance Graph 11
12 vertices
0 1
0 2
0 8
0 11
0 4
0 5
1 4
1 11
1 10
1 3
2 5
2 4
3 5
3 7
5 9
5 8
6 8
6 9
6 10
6 11
7 10
7 9

# Embedding 11 (with cost 8.54227e-15)
(-0.843406, -0.767979, 0.420989) (-0.165535, -1.08452, -0.242557) (0.0192702, -0.996437, -0.0302266) (-0.459729, -0.520025, 0.528675) (-0.423782, -0.118875, -0.213502) (-0.598803, -0.32719, -0.442651) (-0.831428, -0.90035, -0.105545) (-0.583288, -0.808851, -0.4207) (0.116062, -0.703674, 0.146609) (-0.0372199, -0.513946, 0.363418) (-0.193859, -0.255034, 0.315257) (-0.221568, -0.113695, -0.00939304) 


# Original Graph 12 in [0, 72)
12 vertices
0 1
0 2
0 3
0 4
0 5
1 6
1 7
2 8
2 9
3 9
3 8
3 7
3 4
4 6
4 10
4 5
5 11
6 11
6 10
7 8
8 9
10 11

# Unit Distance Graph 12
12 vertices
0 1
0 7
0 3
0 4
0 6
1 4
1 3
2 4
2 10
2 6
3 6
3 11
3 5
4 8
4 7
5 7
5 8
6 9
8 11
8 10
9 10
9 11

# Embedding 12 (with cost 8.73557e-15)
(0.481006, 0.216142, -0.909349) (-0.362965, 0.0328979, -0.405231) (0.235738, 0.47385, -0.952084) (0.0834003, 0.924216, -0.32579) (0.38458, 0.530109, 0.0351755) (0.490239, 0.0462381, -0.578054) (-0.168754, -0.0341204, -0.191589) (-0.421587, 0.455978, -0.551851) (-0.274789, 0.678211, -0.701912) (-0.0032777, 0.783475, -0.743092) (0.201069, 0.131036, -0.0133201) (0.237523, -0.0620588, -0.266554) 


# Original Graph 13 in [0, 72)
12 vertices
0 1
0 2
0 3
0 4
0 5
1 6
1 4
1 2
2 4
2 7
2 3
3 7
4 7
4 8
5 8
5 9
6 9
6 10
6 11
8 11
9 10
10 11

# Unit Distance Graph 13
12 vertices
0 1
0 4
0 8
0 11
0 6
1 5
1 8
1 4
2 5
2 9
2 10
2 11
2 8
3 6
3 11
3 10
4 6
4 9
4 5
6 7
7 10
7 9

# Embedding 13 (with cost 8.59792e-15)
(0.689897, -0.325252, -0.491552) (0.565583, -0.429138, 0.495238) (0.441936, -0.728493, 0.23683) (0.494644, -0.600904, -0.328687) (-0.222571, -0.241741, -0.091017) (0.69778, 0.000572671, -0.397999) (0.58098, 0.0424633, 0.431986) (0.153279, -0.66243, -0.133873) (-0.128827, 0.0411082, -0.04943) (0.681549, 0.185538, -0.0904847) (0.383231, 0.266525, 0.15624) (0.0928141, 0.200538, 0.114285) 


# Original Graph 14 in [0, 72)
12 vertices
0 1
0 2
0 3
0 4
1 5
1 6
2 6
2 7
2 8
2 9
2 3
3 9
3 10
4 10
4 11
5 9
5 8
6 8
6 7
7 8
9 11
10 11

# Unit Distance Graph 14
12 vertices
0 2
0 9
0 5
0 8
1 2
1 3
1 9
2 5
2 9
2 11
2 4
3 6
3 8
3 5
4 8
4 7
6 10
6 11
6 9
7 11
7 10
8 10

# Embedding 14 (with cost 9.89867e-15)
(0.10811, 0.339117, -0.039133) (0.118899, -0.0309122, -0.166783) (0.736165, -0.0766736, 0.618639) (0.701814, 0.505096, 0.443876) (0.364398, 0.538021, -0.0770179) (0.981943, -0.0349279, -0.349788) (0.329432, -0.339818, 0.0598819) (0.604155, -0.364172, 0.281541) (0.839998, -0.341612, -0.0699248) (1.07659, 0.238816, -0.267123) (0.613605, 0.618298, 0.0953599) (0.846932, 0.472233, -0.209873) 


# Original Graph 15 in [0, 72)
12 vertices
0 1
0 2
0 3
0 4
1 5
1 3
1 6
2 7
2 8
3 8
3 6
3 9
4 9
4 10
5 10
5 11
5 9
6 7
7 8
9 11
9 10
10 11

# Unit Distance Graph 15
12 vertices
0 1
0 3
0 9
0 5
1 4
1 9
1 3
2 5
2 9
2 11
3 5
3 10
3 4
4 6
5 8
6 10
6 9
7 9
7 10
7 11
8 11
8 10

