

# Original Graph 325 in [325, 350)
14 vertices
0 1
0 2
0 3
0 4
0 5
0 6
1 6
1 7
1 8
1 2
2 9
2 10
3 11
3 12
4 13
4 8
5 8
5 6
6 8
6 7
7 8
9 13
9 10
10 11
11 12
12 13

# Unit Distance Graph 325
14 vertices
0 1
0 2
0 9
0 13
0 4
0 8
1 4
1 13
1 12
1 3
2 5
2 8
2 4
3 8
3 7
5 10
5 9
6 9
6 10
6 11
6 12
6 13
7 12
7 11
8 11
8 10

# Embedding 325 (with cost 8.41652e-15)
(0.0309665, -0.245467, -0.377359) (0.0760497, 0.567691, 0.202936) (0.451097, 0.54458, 0.0690894) (0.412443, -0.231094, -0.295845) (0.362054, -0.320203, 0.563277) (-0.201105, -0.205555, -0.0401323) (-0.298444, 0.0425397, 0.147306) (-0.172485, 0.265742, 0.345258) (0.014741, -0.16725, 0.619445) (0.689631, 0.112715, 0.284356) (0.657873, 0.303433, 0.0154269) (0.660588, -0.0183736, -0.129365) (0.660593, -0.239407, 0.119858) (0.616842, -0.241382, 0.433032) 


# Original Graph 326 in [325, 350)
14 vertices
0 1
0 2
0 3
0 4
0 5
0 6
1 7
1 8
1 2
2 8
2 9
3 9
3 10
4 10
4 11
5 11
5 12
6 12
6 7
7 12
7 8
8 9
9 10
10 13
11 13
12 13

# Unit Distance Graph 326
14 vertices
0 7
0 8
0 9
0 10
0 13
0 12
1 4
1 11
1 13
1 10
2 5
2 12
2 13
2 11
3 6
3 7
3 12
4 8
4 7
5 9
5 8
6 10
6 9
7 10
8 11
9 12

# Embedding 326 (with cost 9.17792e-15)
(-0.618021, -0.395195, 0.100996) (0.211047, -0.408732, 0.380391) (0.150873, -0.552359, 0.0314241) (-0.0360512, -0.205362, -0.411898) (-0.502447, 0.0444893, -0.153947) (-0.351208, 0.282759, 0.256129) (-0.105375, 0.00693655, 0.562845) (0.207142, -0.045781, 0.544863) (0.380974, -0.370557, 0.0635479) (0.269275, -0.236109, -0.331899) (0.0268351, 0.168533, -0.415116) (-0.338264, 0.317465, -0.0330043) (-0.0330773, 0.350892, 0.419109) (-0.069284, 0.411575, -0.118119) 


# Original Graph 327 in [325, 350)
14 vertices
0 1
0 2
0 3
0 4
0 5
1 6
1 7
1 2
2 8
3 9
3 10
4 10
4 11
4 12
4 5
5 12
6 12
6 7
7 12
7 13
8 13
8 9
9 13
9 11
9 10
11 12

# Unit Distance Graph 327
14 vertices
0 7
0 13
0 9
0 11
0 12
1 4
1 11
1 9
1 10
2 4
2 12
2 11
3 6
3 7
3 12
4 8
4 13
4 7
5 8
5 9
5 13
6 10
6 9
7 10
8 12
9 12

# Embedding 327 (with cost 9.67394e-15)
(0.466421, 0.440899, -0.0202814) (-0.0438768, 0.582351, -0.179517) (0.206638, 0.424684, -0.23524) (0.380612, -0.0654834, 0.128186) (0.0798489, 0.17193, 0.723947) (0.0516553, 0.495104, 0.611304) (-0.36754, 0.59663, 0.171487) (-0.524865, 0.315149, -0.0595129) (-0.141349, 0.000457706, -0.236089) (-0.103692, -0.366997, 0.128966) (0.20203, -0.191814, 0.403749) (-0.157798, -0.130814, 0.512161) (-0.292842, 0.477831, 0.629454) (-0.433026, 0.0154295, -0.12013) 


# Original Graph 328 in [325, 350)
14 vertices
0 1
0 2
0 3
0 4
0 5
1 6
1 7
1 8
2 9
2 10
3 10
3 7
3 11
4 11
4 12
5 12
5 6
6 13
6 11
7 10
7 8
8 9
9 10
11 13
11 12
12 13

# Unit Distance Graph 328
14 vertices
0 1
0 7
0 3
0 11
0 6
1 4
1 11
1 3
2 6
2 11
2 13
3 6
3 5
4 8
4 7
5 7
5 10
6 10
7 12
8 12
8 11
9 11
9 12
9 13
10 13
10 12

# Embedding 328 (with cost 8.35722e-15)
(0.00907795, -0.00968371, -1.03523) (0.130452, -0.558611, -0.20822) (0.266614, 0.0499138, -0.865378) (0.0314761, 0.434094, -0.139373) (-0.282327, 0.0863811, -0.851336) (-0.338064, -0.264238, -0.752376) (-0.22079, -0.53074, -0.213244) (0.378462, -0.00199892, -0.105985) (0.393645, -0.298111, -0.222664) (0.472446, 0.0105355, -0.529625) (0.40566, 0.241952, -0.315747) (-0.427824, 0.27058, -0.180497) (-0.525564, -0.052525, -0.530468) (-0.435729, -0.293394, -0.241797) 


# Original Graph 329 in [325, 350)
14 vertices
0 1
0 2
0 3
0 4
0 5
1 5
1 6
1 3
1 7
2 8
2 9
3 10
3 6
3 11
3 4
4 11
5 11
6 11
7 12
7 13
8 13
8 9
9 12
9 10
10 12
12 13

# Unit Distance Graph 329
14 vertices
0 1
0 7
0 12
0 10
0 3
1 3
1 10
1 9
1 2
2 3
2 6
3 8
3 13
3 7
4 7
4 13
4 12
5 9
5 10
5 12
6 9
6 8
8 11
9 11
11 12
11 13

# Embedding 329 (with cost 9.63833e-15)
(0.647982, 0.450427, -0.470495) (1.04986, -0.309676, 0.0401304) (0.652099, 0.577788, -0.192666) (0.0564309, -0.200761, 0.00492221) (0.371158, 0.0496762, -0.477711) (0.812587, -0.0983963, -0.45822) (0.532082, -0.414795, -0.173305) (1.0174, -0.114097, 0.267637) (0.760192, 0.477529, 0.216212) (0.474082, 0.467714, 0.2934) (0.129981, 0.0122637, 0.264139) (0.45945, -0.233433, -0.419466) (0.612205, 0.161863, 0.486297) (0.890251, 0.222462, 0.35936) 


# Original Graph 330 in [325, 350)
14 vertices
0 1
0 2
0 3
0 4
0 5
0 6
1 7
1 8
1 9
2 10
2 3
3 10
3 4
4 8
4 11
5 11
5 6
6 11
6 12
6 7
7 13
8 9
9 10
11 13
11 12
12 13

# Unit Distance Graph 330
14 vertices
0 1
0 8
0 4
0 11
0 13
0 7
1 5
1 11
1 4
2 11
2 12
2 13
3 6
3 7
3 13
3 12
4 7
4 6
5 9
5 8
6 8
6 9
6 10
9 11
10 12
10 11

# Embedding 330 (with cost 9.10472e-15)
(-0.126107, -0.265965, -0.356115) (-0.0651496, 0.724128, -0.48261) (0.190723, -0.0787941, -0.470643) (0.431308, 0.0155879, -0.296925) (0.499854, 0.272564, 0.207942) (-0.300383, -0.141224, -0.0400807) (-0.484991, 0.158664, 0.0771409) (-0.281304, 0.714256, -0.233308) (0.395233, 0.566011, -0.166325) (0.19157, 0.581211, -0.52595) (0.294727, 0.284392, -0.536237) (0.0408516, 0.329189, 0.429962) (-0.314287, 0.398155, 0.248721) (-0.270583, 0.631016, 0.0616787) 


# Original Graph 331 in [325, 350)
14 vertices
0 1
0 2
0 3
0 4
0 5
0 6
1 6
1 7
1 8
1 2
2 8
2 9
3 9
3 10
4 10
4 11
5 11
5 8
5 7
6 7
7 8
9 12
9 13
10 13
11 12
12 13

# Unit Distance Graph 331
14 vertices
0 2
0 9
0 12
0 11
0 5
0 8
1 4
1 11
1 12
1 13
1 10
2 5
2 11
2 4
3 5
3 7
3 8
4 8
5 9
6 9
6 13
6 12
7 10
7 13
7 9
8 10

# Embedding 331 (with cost 7.28304e-15)
(0.382125, 0.121171, -0.406196) (0.222294, -0.0388756, 0.377058) (0.0107975, 0.486659, 0.447347) (0.154362, 0.4626, -0.369065) (-0.216661, 0.209968, -0.486305) (-0.47391, -0.24126, -0.0376208) (0.327036, -0.118781, -0.0843869) (-0.117259, -0.302326, 0.21498) (-0.068896, -0.0267166, 0.47398) (-0.193172, 0.694087, 0.177586) (-0.162959, 0.512504, -0.362916) (-0.591466, 0.0209796, -0.201053) (-0.540347, 0.377743, -0.117722) (-0.356595, 0.610349, -0.116292) 


# Original Graph 332 in [325, 350)
14 vertices
0 1
0 2
0 3
0 4
1 5
1 6
1 2
2 7
2 8
3 8
3 9
4 10
4 11
5 11
5 7
5 6
6 7
7 11
7 8
8 12
8 13
9 13
9 10
10 13
10 12
11 12

# Unit Distance Graph 332
14 vertices
0 7
0 8
0 12
0 11
1 8
1 13
1 10
1 12
2 4
2 11
2 12
2 10
3 5
3 7
3 11
4 8
4 7
5 9
5 13
5 8
6 9
6 10
6 13
7 10
7 9
8 11

# Embedding 332 (with cost 7.93204e-15)
(0.323842, -0.166282, 0.619678) (0.276552, -0.303241, 0.286033) (0.559916, -0.0621995, 0.2888) (0.282714, 0.170427, 0.752803) (-0.356538, 0.327806, 0.378286) (-0.155138, -0.0607823, -0.116006) (0.184044, -0.122837, -0.111202) (0.449462, 0.374967, -0.211748) (0.541039, 0.634719, 0.0618036) (0.0966183, 0.422031, 0.72275) (-0.200021, 0.541303, 0.530211) (-0.355806, 0.199316, -0.0162598) (-0.215269, 0.563037, 0.198425) (0.143835, 0.663301, 0.505539) 


# Original Graph 333 in [325, 350)
14 vertices
0 1
0 2
0 3
1 4
1 5
1 6
1 7
2 8
2 6
3 5
3 9
4 9
4 10
4 11
4 5
5 11
5 6
6 12
6 7
7 12
7 13
7 8
8 13
9 10
10 11
12 13

# Unit Distance Graph 333
14 vertices
0 1
0 6
0 5
1 3
1 5
1 6
1 2
2 5
2 4
3 7
3 6
4 6
4 12
4 13
4 8
5 8
5 7
6 9
7 9
7 10
7 11
8 11
9 12
10 13
10 12
11 13

# WARNING!!: failed to find good embedding for graph 333!!!


# Original Graph 334 in [325, 350)
14 vertices
0 1
0 2
0 3
0 4
0 5
0 6
1 6
1 7
1 8
1 2
2 8
2 9
3 10
3 11
3 4
4 12
5 12
5 8
5 7
5 6
6 7
9 13
9 10
10 11
11 13
12 13

# Unit Distance Graph 334
14 vertices
0 2
0 9
0 13
0 12
0 5
0 8
1 3
1 4
1 12
1 13
1 11
2 5
2 12
2 4
3 8
3 5
3 7
4 8
5 10
5 9
6 9
6 10
6 11
6 13
7 11
7 10

# Embedding 334 (with cost 9.62102e-15)
(0.164148, 0.142082, -0.557536) (-0.489541, -0.0927137, -0.0850774) (-0.256287, -0.0412328, 0.331075) (0.498185, 0.0348893, -0.175159) (0.471858, -0.21333, -0.332392) (-0.0438814, -0.797942, -0.287209) (-0.286689, -0.180575, -0.527017) (-0.382255, -0.401052, -0.361653) (-0.392779, -0.262998, 0.167544) (0.0515248, -0.0868359, 0.409372) (0.312288, -0.041675, 0.261611) (0.481636, -0.227818, 0.111298) (0.250779, -0.762678, -0.140519) (0.369881, -0.558492, 0.125743) 


# Original Graph 335 in [325, 350)
14 vertices
0 1
0 2
0 3
0 4
0 5
0 6
1 6
1 7
1 8
2 9
2 3
3 10
4 10
4 7
4 6
4 11
5 11
5 6
6 11
6 7
8 12
8 13
8 9
9 13
10 12
12 13

# Unit Distance Graph 335
14 vertices
0 1
0 8
0 12
0 10
0 4
0 7
1 4
1 10
1 3
2 4
2 6
2 7
3 7
3 6
4 9
4 8
5 8
5 13
5 12
6 10
6 12
6 13
6 9
8 11
9 11
11 13

# Embedding 335 (with cost 9.94102e-15)
(0.0610163, 0.57901, -0.0671777) (0.697157, 0.00769524, 0.451402) (0.126662, 0.263873, -0.238327) (-0.127831, 0.0571158, -0.111583) (-0.287345, -0.0711532, 0.60805) (0.0221246, 0.506992, 0.54567) (0.285767, 0.370822, 0.743125) (0.499721, 0.0607947, 0.666983) (0.606656, -0.220028, 0.185441) (0.29347, 0.0355427, -0.198963) (-0.220087, -0.330082, 0.240286) (-0.0923769, 0.28842, 0.688266) (0.104146, -0.399921, 0.132412) (0.330615, -0.231531, -0.0538447) 


# Original Graph 336 in [325, 350)
14 vertices
0 1
0 2
0 3
0 4
1 5
1 6
1 2
2 6
2 7
2 8
2 9
2 10
2 3
3 10
3 4
4 11
5 12
5 6
6 12
6 7
7 13
8 13
8 11
9 11
9 10
12 13

# Unit Distance Graph 336
14 vertices
0 2
0 8
0 13
0 7
1 2
1 9
1 11
1 8
2 5
2 12
2 13
2 8
2 11
2 4
3 6
3 7
3 13
3 12
4 7
4 6
5 10
5 9
6 11
6 9
6 10
10 12

# Embedding 336 (with cost 9.14541e-15)
(0.000848585, 0.566286, 0.0113814) (0.0515689, 0.666582, 0.293681) (-0.876875, 0.317595, 0.420959) (-0.315111, 0.267828, -0.143965) (-0.0635491, 0.0698526, -0.105467) (0.0887047, 0.519346, 0.585131) (-0.107774, 0.455434, 0.816147) (-0.353712, 0.149164, 0.848218) (-0.095026, -0.300817, 0.500198) (-0.473824, -0.167315, 0.124633) (-0.636573, 0.0804066, 0.0547494) (-0.137685, -0.307584, 0.170462) (0.0421221, 0.1646, 0.784328) (-0.0364019, -0.12619, 0.73186) 


# Original Graph 337 in [325, 350)
14 vertices
0 1
0 2
0 3
0 4
0 5
1 5
1 6
1 7
2 7
2 8
2 9
2 3
3 9
3 10
4 10
4 6
4 11
5 11
5 12
5 13
6 13
7 10
7 8
8 9
11 12
12 13

# Unit Distance Graph 337
14 vertices
0 1
0 7
0 10
0 4
0 6
1 4
1 10
1 3
2 4
2 11
2 12
2 13
2 6
3 6
3 13
3 5
4 7
5 10
5 7
5 8
5 9
7 11
8 12
8 11
9 13
9 12

# Embedding 337 (with cost 8.69479e-15)
(-0.244534, 0.110834, 0.515667) (-0.286409, -0.607779, -0.178481) (0.295889, -0.28223, 0.26417) (0.372715, 0.142246, -0.123544) (-0.0595192, 0.329705, -0.442386) (-0.541928, 0.118534, 0.280023) (-0.48683, -0.312126, -0.357487) (0.00195557, -0.616527, -0.124792) (0.222504, -0.469936, 0.0166841) (0.387129, -0.152263, 0.0279859) (0.213649, 0.238101, -0.364033) (-0.364717, 0.311111, -0.195771) (-0.567875, 0.142207, -0.00742533) (-0.594876, -0.108225, -0.155663) 


# Original Graph 338 in [325, 350)
14 vertices
0 1
0 2
0 3
0 4
1 5
1 6
2 7
2 3
3 8
4 9
4 10
5 10
5 9
5 11
5 6
6 11
6 12
6 13
7 13
7 12
8 12
8 9
9 12
9 11
9 10
12 13

# Unit Distance Graph 338
14 vertices
0 6
0 12
0 9
0 11
1 8
1 9
1 12
2 5
2 11
2 9
3 5
3 6
3 11
4 6
4 13
4 12
5 8
5 12
5 7
6 9
6 8
7 9
7 10
9 13
10 12
10 13

# Embedding 338 (with cost 9.46471e-15)
(0.579048, 0.723125, 0.183999) (0.0428305, 0.630772, -0.0996462) (0.526652, 0.486635, 0.404945) (0.768887, 0.296447, 0.23671) (0.615766, 0.593049, -0.275844) (0.0918666, 0.402179, -0.49162) (-0.193964, 0.103537, 0.0477527) (0.30397, 0.226051, 0.469625) (0.800336, 0.0070608, 0.0931478) (0.678263, -0.0777975, -0.406492) (0.43006, 0.463462, -0.493566) (-0.0234781, 0.13022, -0.350254) (0.390261, -0.258808, 0.196898) (0.0119269, 0.0688004, 0.324606) 


# Original Graph 339 in [325, 350)
14 vertices
0 1
0 2
0 3
0 4
0 5
1 6
1 7
2 8
2 3
3 9
3 4
4 9
4 10
4 6
4 11
5 11
5 6
6 11
6 10
7 10
7 12
8 12
8 13
9 13
9 12
12 13

# Unit Distance Graph 339
14 vertices
0 4
0 10
0 7
0 12
0 9
1 3
1 4
1 9
2 4
2 6
2 10
3 7
3 10
3 6
4 8
4 12
4 7
5 9
5 12
5 13
6 9
6 13
6 8
8 11
11 13
11 12

# Embedding 339 (with cost 7.531e-15)
(-0.324125, 0.511826, 0.44611) (-0.62279, 0.404076, -0.190947) (-0.347703, 0.039596, 0.487749) (0.142648, 0.0112903, 0.318782) (0.351875, 0.181454, -0.212585) (-0.259315, 0.652568, 0.114983) (-0.338524, 0.553472, -0.370067) (-0.614735, -0.0454212, -0.331721) (-0.429761, -0.200368, 0.280626) (0.0866773, -0.277216, -0.0106769) (-0.403597, 0.193947, -0.498685) (-0.0911059, 0.618564, -0.182692) (-0.533188, -0.276971, -0.131897) (-0.219481, -0.344721, 0.0531102) 


# Original Graph 340 in [325, 350)
14 vertices
0 1
0 2
0 3
0 4
1 4
1 5
1 6
2 7
2 8
3 9
3 10
4 11
4 5
5 12
5 10
5 6
6 13
6 8
6 7
7 8
8 9
9 13
10 13
10 12
10 11
11 12

# Unit Distance Graph 340
14 vertices
0 5
0 6
0 13
0 10
1 3
1 10
1 13
1 9
2 5
2 10
2 12
3 6
3 5
4 6
4 8
4 9
4 13
5 9
5 8
6 11
6 10
7 10
7 11
7 12
8 12
8 11

# Embedding 340 (with cost 9.37382e-15)
(0.105734, 0.864074, -0.198858) (-0.15522, 0.184425, 0.259432) (0.152515, 0.427683, -0.406132) (0.556777, 0.677067, -0.240932) (0.0924949, 0.90046, 0.0990375) (0.183347, 0.235067, 0.574657) (-0.000875556, -0.0945881, 0.0649629) (0.132809, 0.0606605, -0.298048) (0.412535, 0.0875156, -0.387476) (0.678156, 0.191147, -0.293234) (0.814764, 0.412784, 0.343004) (0.428113, 0.762511, 0.350181) (0.511082, 0.482901, 0.525737) (0.824679, 0.220298, 0.0631914) 


# Original Graph 341 in [325, 350)
14 vertices
0 1
0 2
0 3
0 4
0 5
1 5
1 6
1 7
1 8
2 9
2 10
3 11
3 4
4 12
4 7
4 5
5 7
5 6
6 7
7 8
8 9
9 12
10 13
10 11
11 13
12 13

# Unit Distance Graph 341
14 vertices
0 4
0 7
0 8
0 9
0 12
1 3
1 4
1 12
1 13
1 11
2 4
2 5
2 7
3 8
3 7
4 9
4 8
5 10
5 13
5 12
5 9
6 10
6 11
6 13
7 11
7 10

# Embedding 341 (with cost 6.77534e-15)
(-0.771581, 0.0723238, -0.412927) (-0.446704, 0.862221, -0.328313) (-0.310989, 0.366655, 0.266302) (-0.42381, -0.133314, -0.23674) (0.215325, 0.147969, -0.555385) (-0.621567, 0.418096, -0.682853) (-0.394414, 0.744242, -0.586889) (-0.0159574, 0.68922, -0.633092) (-0.26173, 0.822682, 0.00780262) (-0.217899, 0.627446, 0.207779) (-0.195486, 0.125726, 0.173286) (-0.248022, -0.0695592, -0.0244861) (0.207295, 0.114583, -0.212889) (0.0180769, 0.0331299, -0.0175291) 


# Original Graph 342 in [325, 350)
14 vertices
0 1
0 2
0 3
0 4
0 5
1 6
1 7
1 8
2 9
2 10
2 11
3 11
3 4
4 10
4 7
4 12
4 5
5 12
6 12
6 7
7 8
8 13
9 13
9 10
10 13
10 11

# Unit Distance Graph 342
14 vertices
0 4
0 7
0 8
0 13
0 10
1 3
1 4
1 10
1 11
2 4
2 12
2 6
2 7
3 8
3 7
4 9
4 13
4 8
5 9
5 10
5 13
6 11
6 10
7 11
9 12
10 12

# Embedding 342 (with cost 9.0025e-15)
(-0.111035, -0.375151, -0.777195) (0.545561, -0.0347254, -0.554865) (-0.115097, -0.594074, -0.300577) (-0.402175, -0.0919576, -0.240987) (-0.264408, 0.381941, -0.142145) (-0.104783, 0.238338, -0.579964) (0.398598, 0.246617, -0.471911) (0.572835, 0.129987, -0.250738) (0.586575, -0.141547, -0.0998689) (0.159559, -0.506765, 0.0323631) (-0.00265038, -0.35732, 0.216754) (-0.258158, -0.401433, -0.0862925) (0.135895, 0.359587, -0.46651) (0.424133, -0.312965, 0.0652591) 


# Original Graph 343 in [325, 350)
14 vertices
0 1
0 2
0 3
0 4
0 5
1 5
1 6
1 3
1 7
2 8
2 9
3 10
3 6
3 4
4 11
5 11
5 6
6 11
7 12
7 8
8 12
8 13
9 13
9 10
10 12
12 13

# Unit Distance Graph 343
14 vertices
0 1
0 7
0 12
0 10
0 3
1 3
1 10
1 9
1 2
2 3
2 6
3 8
3 7
4 7
4 8
4 12
5 9
5 10
5 12
5 13
6 9
6 13
6 8
8 11
11 13
11 12

# Embedding 343 (with cost 8.70235e-15)
(0.35716, 0.564817, 0.668119) (-0.372355, -0.0114541, 0.299718) (0.513102, 0.417508, 0.478485) (-0.127702, 0.841388, -0.16159) (-0.153037, 0.874153, 0.296481) (-0.206184, 0.501575, 0.663512) (-0.481413, 0.446852, 0.378089) (-0.150615, -0.112933, 0.136312) (0.41471, 0.0632027, 0.154981) (0.35984, 0.490356, -0.160801) (0.0676997, 0.671695, -0.283085) (-0.310131, 0.678585, 0.464674) (0.139054, 0.0260887, -0.145638) (0.359171, 0.201295, -0.104736) 


# Original Graph 344 in [325, 350)
14 vertices
0 1
0 2
0 3
0 4
0 5
0 6
1 7
1 8
1 9
2 9
2 10
2 3
3 10
3 11
3 4
4 12
5 12
5 11
5 6
6 13
7 13
7 8
8 10
8 9
11 13
11 12

# Unit Distance Graph 344
14 vertices
0 3
0 11
0 13
0 7
0 8
0 10
1 3
1 4
1 12
1 11
2 5
2 6
2 13
2 11
3 7
3 13
3 6
4 8
4 7
5 10
5 8
5 9
6 10
8 12
9 11
9 12

# Embedding 344 (with cost 9.70444e-15)
(0.329853, 0.679047, 0.380965) (0.502849, 0.363481, -0.380912) (-0.122253, 0.484956, -0.271311) (-0.337063, 0.0178037, 0.0374834) (-0.00498165, 0.171832, 0.458956) (0.400658, 0.1197, 0.498853) (0.635539, 0.0994735, 0.255144) (0.593388, 0.0258115, -0.328846) (0.299704, 0.194409, -0.493229) (0.125668, 0.415479, -0.415967) (-0.187512, 0.171729, -0.308209) (0.15594, -0.300661, 0.281333) (0.173281, -0.0486928, 0.468498) (0.64054, -0.139283, -0.102573) 


# Original Graph 345 in [325, 350)
14 vertices
0 1
0 2
0 3
0 4
0 5
0 6
1 7
1 8
1 2
2 8
2 3
3 8
3 4
4 8
4 9
4 5
5 10
6 11
6 12
7 12
7 8
9 13
9 10
10 11
11 13
12 13

# Unit Distance Graph 345
14 vertices
0 4
0 9
0 13
0 12
0 7
0 8
1 4
1 5
1 10
1 9
2 9
2 10
2 11
2 13
3 6
3 12
3 13
3 11
4 7
4 12
4 6
5 8
5 7
6 8
8 11
8 10

# Embedding 345 (with cost 8.73524e-15)
(-0.244764, -0.855722, 0.0507455) (0.0905311, -0.0658438, 0.0153043) (-0.2765, -0.206664, -0.00624201) (-0.500368, -0.190439, 0.420889) (-0.370378, -0.298667, 0.871666) (-0.18638, -0.780512, 0.65762) (0.251548, -0.839494, 0.30535) (0.336376, -0.0570133, 0.206759) (-0.051154, 0.110056, 0.223337) (-0.0311065, -0.439855, 0.934717) (0.0815324, -0.70981, 0.780306) (0.314722, -0.742508, 0.596525) (0.495633, -0.265689, 0.372729) (0.439859, -0.441765, 0.650688) 


# Original Graph 346 in [325, 350)
14 vertices
0 1
0 2
0 3
0 4
0 5
1 6
1 7
1 8
2 8
2 9
3 9
3 7
3 10
4 10
4 11
4 5
5 11
5 6
6 12
6 10
7 13
8 13
8 9
9 13
10 12
11 12

# Unit Distance Graph 346
14 vertices
0 1
0 7
0 3
0 10
0 6
1 4
1 10
1 3
2 6
2 10
2 12
3 6
3 5
4 8
4 13
4 7
5 7
5 13
5 9
6 9
8 11
8 12
8 10
9 12
9 11
11 13

# Embedding 346 (with cost 9.12771e-15)
(-0.288915, -0.533337, 0.113949) (-0.270026, 0.407563, 0.452107) (-0.00818958, -0.443369, 0.247752) (0.210588, 0.169879, -0.392) (-0.500134, -0.32319, -0.190583) (-0.652289, -0.15506, -0.00488403) (-0.488014, 0.433629, 0.273125) (0.224682, 0.32232, 0.0501611) (0.0822114, 0.130241, 0.484157) (0.334641, -0.122043, 0.152845) (-0.0477479, 0.215215, -0.503715) (-0.576527, -0.0348956, -0.249869) (-0.458703, 0.217608, -0.352371) (0.268647, 0.133043, 0.257554) 


# Original Graph 347 in [325, 350)
14 vertices
0 1
0 2
0 3
0 4
0 5
1 6
1 7
2 7
2 8
2 9
3 9
3 10
4 10
4 8
4 11
5 11
5 12
5 6
6 12
7 12
7 11
8 10
8 13
9 13
10 13
11 12

# Unit Distance Graph 347
14 vertices
0 2
0 8
0 4
0 11
0 7
1 4
1 8
1 10
2 5
2 11
2 4
3 7
3 11
3 12
4 7
5 9
5 13
5 8
6 8
6 13
6 10
7 10
9 12
9 11
10 12
12 13

# Embedding 347 (with cost 9.97291e-15)
(0.0425418, -0.358532, 0.390333) (0.477385, -0.0835107, -0.132253) (0.116521, 0.426677, -0.224463) (-0.193273, -0.202866, 0.376875) (-0.40122, -0.381377, -0.50552) (0.236933, -0.565932, -0.209343) (0.409983, -0.325011, -0.265624) (0.331963, 0.274889, -0.327311) (-0.485345, 0.117893, -0.31277) (-0.204092, 0.288844, 0.0642541) (-0.498355, -0.098779, 0.0861432) (-0.144044, -0.468561, -0.585924) (0.259202, -0.400443, -0.49274) (-0.439507, 0.149748, -0.0354697) 


# Original Graph 348 in [325, 350)
14 vertices
0 1
0 2
0 3
0 4
0 5
1 5
1 6
1 7
2 8
2 3
3 9
4 9
4 10
4 11
4 6
4 5
5 6
6 11
6 7
7 11
7 12
8 12
8 13
9 13
10 13
10 12

# Unit Distance Graph 348
14 vertices
0 4
0 11
0 7
0 12
0 10
1 4
1 10
1 13
1 9
2 4
2 6
2 11
3 6
3 7
3 11
4 8
4 12
4 7
5 8
5 13
5 10
5 12
6 9
6 13
6 8
7 9

# Embedding 348 (with cost 6.31346e-15)
(0.0941636, 0.109869, -0.321455) (0.295121, -0.215964, -0.0189537) (-0.300917, 0.0429191, -0.306001) (-0.318234, 0.308742, -0.167591) (-0.131662, 0.452063, 0.590634) (0.36435, 0.0571532, 0.185317) (0.247812, -0.172429, 0.501787) (-0.230114, -0.521223, 0.38322) (-0.580339, -0.162066, -0.0586231) (-0.467758, 0.414722, 0.123352) (-0.612908, -0.0525743, 0.366776) (-0.0129695, -0.244464, 0.607507) (-0.511314, -0.417433, 0.274658) (-0.631775, 0.127453, 0.132467) 


# Original Graph 349 in [325, 350)
14 vertices
0 1
0 2
0 3
0 4
0 5
0 6
1 6
1 7
1 2
2 7
2 8
3 9
3 10
3 4
4 5
5 10
5 6
6 11
6 12
7 12
7 13
8 13
8 9
9 11
10 11
12 13

# Unit Distance Graph 349
14 vertices
0 6
0 12
0 13
0 8
0 9
0 11
1 3
1 10
1 11
1 9
2 5
2 6
2 11
2 10
3 7
3 12
3 6
4 7
4 13
4 12
5 8
5 13
5 7
6 9
6 8
7 10

# Embedding 349 (with cost 9.72271e-15)
(-0.598145, 0.20468, -0.63866) (0.00970625, 0.27208, -0.535464) (-0.0172216, -0.0726618, -0.622515) (-0.721087, -0.243032, -0.0875799) (-0.786645, 0.105268, -0.244445) (-0.686214, 0.334013, -0.000369086) (-0.119501, 0.507682, 0.185409) (0.206549, 0.0347972, -0.337185) (-0.0741306, -0.451078, -0.0951626) (-0.325537, -0.462124, 0.0549228) (-0.676664, -0.0262016, 0.127803) (-0.40802, -0.0901103, 0.297796) (0.184695, 0.174818, -0.0171546) (0.163062, -0.180849, -0.11719) 
