

# Original Graph 550 in [550, 575)
14 vertices
0 1
0 2
0 3
1 4
1 5
2 5
2 6
2 7
2 3
3 7
3 6
3 4
4 8
4 9
5 10
5 11
6 11
6 8
6 7
8 11
8 12
9 13
9 10
10 13
11 12
12 13

# Unit Distance Graph 550
14 vertices
0 8
0 12
0 11
1 6
1 8
1 11
2 4
2 9
2 13
2 12
2 8
3 5
3 11
3 12
3 13
3 10
4 6
4 11
4 5
5 8
5 6
6 10
6 9
7 9
7 10
7 13

# Embedding 550 (with cost 9.68243e-15)
(-0.707915, -0.323196, 0.443393) (-0.472626, -0.429614, 0.613754) (-0.712219, -0.431477, 0.0730432) (-0.755649, 0.0331521, 0.464912) (-0.267312, 0.0616624, 0.82062) (-0.155811, -0.727458, 0.216587) (-0.338302, 0.176461, -0.170229) (-0.666516, -0.000396115, -0.014152) (0.0243594, 0.244855, 0.0677716) (0.00790537, -0.152538, 0.70835) (0.0688122, -0.529972, 0.408745) (0.0508715, -0.00520709, -0.125048) (0.188803, -0.00262878, 0.138219) (0.206851, -0.23324, 0.413649) 


# Original Graph 551 in [550, 575)
14 vertices
0 1
0 2
0 3
1 3
1 4
1 5
2 5
2 6
3 6
3 7
4 7
4 8
5 9
5 10
5 11
6 11
6 10
6 12
7 8
8 12
8 9
9 12
9 13
10 13
10 11
12 13

# Unit Distance Graph 551
14 vertices
0 9
0 13
0 12
1 6
1 12
1 13
1 10
2 8
2 9
2 12
3 5
3 10
3 13
3 9
4 6
4 10
4 11
5 7
5 8
5 12
5 6
6 9
6 8
7 11
7 10
8 11

# Embedding 551 (with cost 8.43225e-15)
(-0.0725303, 0.279139, -0.2139) (-0.226965, 0.0430687, -0.428671) (-0.197248, 0.404302, 0.0127767) (0.254081, 0.118498, -0.0583595) (0.0378945, -0.323006, -0.260677) (-0.74171, 0.0552521, -0.124694) (-0.0131872, 0.311393, 0.510638) (0.232748, -0.168782, -0.109183) (0.0194298, -0.571497, 0.0421942) (-0.442932, -0.542976, 0.218453) (-0.544491, -0.0721303, 0.512555) (-0.595934, 0.155381, 0.347111) (-0.103628, -0.516796, 0.390682) (-0.462243, -0.346762, 0.461653) 


# Original Graph 552 in [550, 575)
14 vertices
0 1
0 2
0 3
0 4
1 5
1 6
2 6
2 7
2 8
3 8
3 4
4 5
5 9
5 10
6 10
6 11
6 12
6 13
7 13
7 9
7 8
9 13
9 11
10 11
11 12
12 13

# Unit Distance Graph 552
14 vertices
0 9
0 11
0 12
0 13
1 7
1 9
1 13
2 5
2 10
2 11
2 9
3 6
3 12
3 11
4 6
4 13
4 12
5 7
5 13
5 6
6 9
6 7
6 8
7 10
8 11
8 10

# Embedding 552 (with cost 9.4627e-15)
(0.0238024, 0.151763, 0.246239) (0.109111, 0.243468, -0.0862755) (0.232668, -0.244619, 0.208487) (-0.202606, -0.0409237, 0.365199) (-0.367058, 0.210125, 0.173149) (-0.564954, 0.243949, -0.145207) (0.297103, -0.120565, -0.497325) (-0.250988, -0.661413, 0.140703) (-0.157715, -0.346257, 0.364187) (-0.634134, -0.401258, -0.264925) (-0.379507, 0.0879029, -0.508919) (-0.341174, -0.214033, -0.609907) (-0.121537, -0.435242, -0.550192) (-0.217934, -0.689347, -0.237599) 


# Original Graph 553 in [550, 575)
14 vertices
0 1
0 2
0 3
0 4
0 5
1 5
1 2
2 6
2 7
2 8
2 3
3 9
3 10
4 10
4 5
5 11
5 6
6 7
7 11
7 8
8 12
9 12
9 13
9 10
11 13
12 13

# Unit Distance Graph 553
14 vertices
0 7
0 8
0 12
0 13
0 11
1 9
1 13
1 12
2 4
2 5
2 11
2 13
2 9
2 10
3 5
3 6
3 7
3 11
4 8
4 7
5 9
5 12
5 8
6 10
6 9
7 10

# Embedding 553 (with cost 9.91403e-15)
(1.2591, -0.158302, -0.339595) (1.12956, -0.259247, -0.61022) (0.915343, 0.313027, -0.847655) (1.00016, 0.214307, -0.0100042) (0.972218, -0.336571, -0.0895082) (0.729841, -0.609281, -0.508633) (0.632964, -0.160602, -0.861245) (0.403365, 0.0767823, -0.800525) (0.427892, 0.341059, -0.584005) (0.549986, 0.183218, 0.0741172) (0.826637, 0.0174337, 0.103531) (0.279328, -0.336406, -0.430857) (0.368859, 0.291257, -0.266306) (0.296248, 0.00562124, -0.125005) 


# Original Graph 554 in [550, 575)
14 vertices
0 1
0 2
0 3
0 4
1 5
1 2
2 6
2 7
2 3
3 8
3 9
4 9
4 5
5 9
5 10
5 6
6 11
7 11
7 12
8 12
8 13
8 9
10 13
10 11
11 12
12 13

# Unit Distance Graph 554
14 vertices
0 10
0 11
0 12
0 13
1 8
1 13
1 12
2 5
2 10
2 13
2 8
2 9
3 5
3 6
3 11
3 10
4 7
4 12
4 11
5 8
5 12
5 7
6 9
6 8
7 9
9 11

# Embedding 554 (with cost 8.92635e-15)
(0.273914, -0.486246, -0.353519) (0.537024, -0.234172, -0.419504) (0.864981, -0.495464, -0.332023) (0.176929, -0.712328, 0.0674944) (0.0792504, -0.203203, -0.160208) (0.334208, 0.274213, 0.0227673) (0.901162, -0.0318374, -0.0439468) (1.017, -0.454165, 0.0798931) (0.272823, -0.621106, 0.463943) (0.0253843, -0.443177, 0.208664) (0.554705, 0.170605, 0.346269) (0.980168, -0.152441, 0.270804) (0.751763, -0.48308, 0.524917) (0.539674, -0.24718, 0.580407) 


# Original Graph 555 in [550, 575)
14 vertices
0 1
0 2
0 3
0 4
1 5
1 6
2 6
2 7
2 3
3 7
3 5
3 4
4 5
5 8
5 9
6 9
6 10
7 11
7 8
8 11
8 12
9 12
10 13
10 11
11 13
12 13

# Unit Distance Graph 555
14 vertices
0 8
0 12
0 13
0 11
1 7
1 8
1 11
2 5
2 9
2 12
2 8
3 6
3 10
3 13
3 12
3 9
4 10
4 11
4 13
5 7
5 11
5 10
5 6
6 8
6 7
7 9

# Embedding 555 (with cost 8.62512e-15)
(-0.478297, -0.572877, -0.137974) (-0.17858, -0.504356, -0.189868) (-0.502243, -0.184714, 0.123532) (-0.76554, -0.680788, 0.280329) (-0.446658, -0.866263, -0.0577809) (-0.0577288, -1.07713, 0.0461174) (0.0204483, -0.0831045, 0.122227) (-0.62647, -0.579548, 0.701054) (-0.0983718, -0.859127, 0.741638) (0.215906, -0.869587, 0.246871) (0.0759729, -0.158116, 0.416966) (-0.182286, -0.441701, 0.808161) (0.182148, -0.74208, 0.593588) (0.139757, -0.45321, 0.639) 


# Original Graph 556 in [550, 575)
14 vertices
0 1
0 2
0 3
0 4
0 5
1 5
1 6
1 2
2 7
2 8
2 3
3 4
4 9
5 9
5 6
6 10
6 11
6 7
7 11
7 12
8 12
8 9
9 13
10 13
10 11
12 13

# Unit Distance Graph 556
14 vertices
0 7
0 12
0 13
0 10
0 11
1 8
1 9
1 13
1 12
2 5
2 6
2 10
2 13
2 9
3 6
3 11
3 10
4 6
4 7
4 11
5 8
5 12
5 7
6 9
6 8
7 9

# Embedding 556 (with cost 8.55305e-15)
(-0.0431328, 0.277149, 0.488818) (-0.474798, 0.104886, 0.335618) (-0.0654765, 0.775784, 0.014597) (0.171007, 0.413959, 0.299467) (0.336363, 0.0939184, 0.148574) (-0.21022, -0.17018, 0.304775) (-0.622518, -0.0470685, -0.0977393) (-0.37842, 0.487484, -0.429519) (0.169093, 0.529117, -0.301118) (0.374397, -0.107455, -0.147889) (-0.34629, -0.0953086, -0.38832) (-0.504702, 0.151273, -0.389311) (-0.00904114, 0.380661, -0.505226) (0.151348, -0.0999899, -0.41669) 


# Original Graph 557 in [550, 575)
14 vertices
0 1
0 2
0 3
1 4
1 5
2 6
2 7
2 8
2 9
2 10
3 11
3 4
4 12
5 10
5 9
5 8
5 6
6 7
7 8
8 9
9 10
10 13
10 11
11 13
11 12
12 13

# Unit Distance Graph 557
14 vertices
0 5
0 9
0 10
1 2
1 10
1 9
2 5
2 10
2 13
2 12
2 4
3 5
3 8
3 9
4 9
4 8
5 11
5 10
6 10
6 11
6 13
7 11
7 12
7 13
8 12
8 11

# Embedding 557 (with cost 9.28066e-15)
(0.0158323, -0.0580305, 0.376556) (0.32814, 0.57896, -0.118512) (-0.377663, -0.0480528, 0.211179) (0.282534, -0.119279, 0.280643) (0.527987, 0.289817, -0.0450265) (0.0917102, 0.663574, -0.311579) (-0.248865, 0.469639, -0.100874) (-0.423617, 0.24535, -0.0804911) (-0.416244, 0.197026, -0.360964) (-0.193063, -0.126367, -0.598991) (0.18054, -0.2954, -0.580798) (0.443132, -0.252093, -0.116495) (0.547835, 0.0221928, -0.161002) (0.392149, -0.237969, -0.398181) 


# Original Graph 558 in [550, 575)
14 vertices
0 1
0 2
0 3
0 4
1 5
1 2
2 6
2 3
3 7
3 8
3 9
3 10
4 10
4 11
4 9
4 12
5 7
5 13
5 6
6 13
7 13
7 12
8 12
8 9
9 11
10 11

# Unit Distance Graph 558
14 vertices
0 3
0 8
0 12
0 7
1 3
1 9
1 8
2 4
2 12
2 8
2 9
3 5
3 7
3 12
3 4
4 7
4 13
4 6
5 10
5 11
5 9
6 9
6 11
7 10
10 13
11 13

# Embedding 558 (with cost 9.72935e-15)
(-0.569382, 0.1735, 0.63091) (-0.363451, 0.14687, 0.823013) (-0.485787, -0.656404, 0.999414) (-0.603629, -0.820142, 0.738154) (-0.580312, 0.10405, 0.356939) (0.120789, -0.151684, 0.906626) (-0.221729, -0.533826, 1.03851) (0.273121, -0.363432, 0.587402) (-0.00279648, -0.488355, 0.140066) (-0.267292, -0.469696, 0.0416043) (-0.654914, -0.159674, 0.275578) (-0.461955, -0.273953, 0.10322) (0.19479, -0.389926, 0.316916) (0.0223388, -0.40976, 0.967521) 


# Original Graph 559 in [550, 575)
14 vertices
0 1
0 2
0 3
0 4
1 4
1 5
1 2
2 6
3 7
3 8
3 9
4 9
4 10
4 8
4 11
4 12
5 12
5 13
5 6
6 13
7 12
7 11
8 11
8 10
9 10
12 13

# Unit Distance Graph 559
14 vertices
0 4
0 12
0 7
0 11
1 3
1 8
1 11
1 7
2 4
2 11
2 8
3 5
3 12
3 4
4 7
4 12
4 13
4 6
5 9
5 10
5 8
6 8
6 10
9 13
9 12
10 13

# Embedding 559 (with cost 8.77557e-15)
(-0.282866, 0.453431, -0.642481) (0.408851, 0.696155, -0.492093) (-0.137079, 0.708104, -0.64036) (-0.482747, 0.271007, -0.336201) (0.468116, 0.187571, -0.0380439) (0.212753, 0.989433, -0.348215) (-0.0348213, 0.92896, -0.482338) (-0.215548, 0.847161, 0.274277) (-0.0944678, 0.245429, 0.245143) (-0.155297, 0.0811212, -0.149446) (0.0475691, 0.0887377, 0.0536086) (-0.114574, 0.517975, 0.341141) (-0.037852, 1.03258, 0.135053) (0.0060882, 1.068, -0.14469) 


# Original Graph 560 in [550, 575)
14 vertices
0 1
0 2
0 3
1 4
1 5
2 5
2 6
3 7
3 8
4 8
4 9
4 10
5 11
5 12
5 6
6 7
7 12
7 13
7 8
9 13
9 10
10 13
10 12
10 11
11 12
12 13

# Unit Distance Graph 560
14 vertices
0 10
0 12
0 13
1 7
1 13
1 12
2 9
2 10
2 13
3 10
3 11
3 12
4 5
4 6
4 7
4 12
5 9
5 13
5 7
5 8
6 10
6 9
7 11
7 10
8 12
8 11

# Embedding 560 (with cost 9.21117e-15)
(-0.435389, 0.732763, 0.173635) (-0.422014, 0.398149, 0.33277) (-0.182994, 0.837954, 0.246068) (-0.480581, 0.692746, -0.241106) (-0.388417, -0.0549762, 0.0316832) (0.119113, 0.735393, 0.374801) (-0.0935645, 0.899414, -0.0152446) (-0.161063, 0.699128, -0.584463) (-0.50179, 0.289277, -0.269761) (-0.149677, -0.0940237, -0.114913) (0.116696, -0.0782202, -0.0200346) (0.362527, 0.41252, 0.217852) (0.475005, 0.429757, -0.108091) (0.121601, 0.233848, -0.490327) 


# Original Graph 561 in [550, 575)
14 vertices
0 1
0 2
0 3
0 4
0 5
1 6
1 7
1 8
2 8
2 9
2 3
3 4
4 9
5 9
5 10
6 10
6 11
7 11
7 12
7 8
8 10
8 9
10 13
11 13
11 12
12 13

# Unit Distance Graph 561
14 vertices
0 7
0 8
0 10
0 13
0 12
1 5
1 10
1 8
1 9
2 6
2 11
2 13
2 10
3 11
3 12
3 13
4 7
4 12
4 11
5 8
5 7
6 9
6 8
7 9
8 10
9 11

# Embedding 561 (with cost 9.34851e-15)
(-0.427682, 0.30249, 0.244949) (-0.240554, 0.0648661, 0.522868) (-0.64184, -0.272379, -0.210485) (-0.532004, 0.223954, -0.0200057) (-0.333571, 0.280786, -0.228686) (0.147615, 0.121764, -0.396963) (0.0607547, -0.098669, 0.479576) (-0.24246, -0.666175, 0.0794762) (-0.504671, -0.602504, -0.17345) (-0.130477, 0.164398, -0.466059) (0.334811, -0.0704325, -0.283761) (0.204673, -0.364093, 0.313923) (0.073843, -0.555926, 0.137273) (0.346596, -0.251908, -0.0602357) 


# Original Graph 562 in [550, 575)
14 vertices
0 1
0 2
0 3
0 4
1 5
1 6
1 2
2 7
2 3
3 8
4 9
4 10
4 11
5 11
5 12
5 8
5 6
6 7
7 8
8 13
8 9
9 10
10 13
10 11
11 12
12 13

# Unit Distance Graph 562
14 vertices
0 5
0 8
0 13
0 12
1 8
1 9
1 10
1 13
2 10
2 11
2 12
2 13
3 5
3 12
3 11
4 5
4 6
4 7
4 8
5 9
5 8
6 10
6 9
7 11
7 10
8 11

# Embedding 562 (with cost 9.6378e-15)
(0.470785, 0.17181, -0.345639) (0.0594283, -0.243815, -0.464801) (0.0178899, 0.0175811, -0.665675) (-0.0164489, 0.385386, -0.604729) (0.483774, 0.301819, -0.045585) (-0.312163, -0.292801, 0.0680381) (-0.266911, -0.289512, -0.340201) (-0.295724, 0.00591354, -0.597692) (-0.422412, 0.620909, -0.323088) (-0.123614, 0.673004, -0.109922) (0.0274896, 0.486591, 0.217466) (0.0687804, 0.0474744, 0.332582) (-0.290043, 0.0217385, 0.285724) (-0.346566, 0.400721, 0.183075) 


# Original Graph 563 in [550, 575)
14 vertices
0 1
0 2
0 3
0 4
1 4
1 5
2 6
2 7
3 7
3 8
3 9
3 10
3 11
3 12
4 12
5 12
5 13
6 11
6 10
6 9
7 8
8 9
9 10
11 13
11 12
12 13

# Unit Distance Graph 563
14 vertices
0 3
0 11
0 6
0 10
1 3
1 10
1 9
2 3
2 12
2 11
3 6
3 11
3 13
3 5
4 6
4 9
4 10
5 9
5 8
6 12
7 11
7 12
7 13
8 13
8 12
9 12

# Embedding 563 (with cost 9.92627e-15)
(0.0422414, -0.787503, 0.0246741) (-0.113203, -0.710806, 0.257307) (0.0184154, -0.791066, -0.257141) (0.0295456, 0.200587, -0.128681) (-0.128357, -0.472419, 0.408774) (-0.422297, -0.52747, 0.386849) (-0.778717, -0.348734, -0.340715) (0.0897525, -0.497192, -0.39124) (-0.00819164, -0.22426, -0.471393) (-0.288119, -0.0759549, -0.495268) (-0.577078, -0.141321, -0.4213) (-0.830062, -0.304215, -0.0496239) (-0.255172, -0.194261, 0.497163) (-0.659822, -0.407767, 0.264612) 


# Original Graph 564 in [550, 575)
14 vertices
0 1
0 2
0 3
0 4
1 4
1 5
2 6
2 7
2 8
2 9
2 10
3 10
3 11
4 12
5 12
5 6
6 12
6 7
7 12
7 11
8 11
8 9
9 11
9 13
10 13
11 13

# Unit Distance Graph 564
14 vertices
0 2
0 8
0 11
0 7
1 8
1 9
1 11
2 4
2 12
2 7
2 11
2 3
3 7
3 6
4 9
4 8
5 9
5 13
5 11
6 11
6 13
6 10
7 10
9 12
10 12
12 13

# Embedding 564 (with cost 8.57408e-15)
(-0.318858, -0.190778, -0.336747) (-0.0649379, -0.154076, -0.46065) (0.338146, -0.0398311, 0.401874) (-0.496058, -0.0622447, -0.149126) (0.0487308, 0.0903231, -0.54644) (0.311603, -0.066815, -0.405055) (0.502176, -0.0140749, -0.183879) (0.158931, 0.684655, -0.263711) (0.159922, 0.220747, 0.438764) (-0.104293, 0.333982, 0.411273) (-0.448767, -0.0076464, 0.125418) (-0.135137, 0.737322, -0.0128986) (0.236742, 0.3124, -0.52853) (-0.342977, 0.245264, 0.283516) 


# Original Graph 565 in [550, 575)
14 vertices
0 1
0 2
0 3
0 4
1 4
1 5
1 6
2 7
2 8
2 9
2 10
2 11
3 11
3 12
4 5
5 8
5 6
6 7
7 8
8 12
9 12
9 10
10 13
11 13
11 12
12 13

# Unit Distance Graph 565
14 vertices
0 2
0 9
0 12
0 8
1 9
1 10
1 13
1 12
2 4
2 5
2 8
2 12
2 3
3 8
3 7
4 10
4 9
5 11
5 13
5 10
6 11
6 12
6 13
7 12
7 11
8 11

# Embedding 565 (with cost 9.56468e-15)
(0.418992, -0.309212, -0.418775) (0.273173, 0.175601, -0.575715) (-0.400492, 0.0699119, 0.0110054) (0.475325, -0.384582, -0.151418) (0.441457, -0.0444009, -0.516304) (0.430401, 0.450148, -0.395243) (0.0271708, 0.291497, -0.486461) (-0.291869, 0.253713, -0.21462) (0.443458, 0.605665, -0.0157843) (0.156717, 0.172345, 0.417475) (-0.0530577, -0.00579536, 0.352007) (0.385124, -0.375821, 0.166652) (0.501973, 0.268373, 0.393327) (0.270602, -0.192503, 0.354066) 


# Original Graph 566 in [550, 575)
14 vertices
0 1
0 2
0 3
0 4
1 5
1 6
2 7
2 3
3 7
3 8
3 4
4 9
4 5
5 10
5 6
6 11
6 7
7 12
8 12
8 9
9 12
9 13
9 10
10 13
11 13
11 12

# Unit Distance Graph 566
14 vertices
0 9
0 13
0 11
0 12
1 8
1 9
1 12
2 9
2 10
2 13
3 5
3 6
3 11
3 13
3 10
4 6
4 7
4 12
4 11
5 8
5 12
5 7
6 9
6 8
7 10
7 9

# Embedding 566 (with cost 8.5222e-15)
(0.00139152, 0.620412, 0.225604) (-0.172865, 0.711149, -0.0889509) (0.0292404, 0.323589, 0.241956) (-0.113556, 0.269571, 0.566233) (-0.426379, 0.805076, 0.446854) (-0.654192, 0.85708, -0.0358842) (-0.432031, 0.24471, -0.381372) (-0.199415, -0.0334354, -0.0485102) (-0.550303, 0.0921729, 0.599823) (-0.94295, 0.394833, 0.465047) (-0.896445, 0.670076, 0.0901246) (-0.747328, 0.103362, -0.189219) (-0.664001, -0.123286, 0.161057) (-0.944478, 0.370118, 0.0190055) 


# Original Graph 567 in [550, 575)
14 vertices
0 1
0 2
0 3
0 4
1 5
1 6
1 2
2 7
2 8
3 8
3 9
4 9
4 5
5 9
5 10
6 10
6 11
7 11
7 12
8 12
8 9
9 13
10 13
10 11
11 12
12 13

# Unit Distance Graph 567
14 vertices
0 10
0 11
0 12
0 13
1 8
1 9
1 13
1 12
2 5
2 10
2 13
2 9
3 6
3 11
3 10
4 7
4 12
4 11
5 8
5 12
5 7
6 9
6 8
7 9
8 10
9 11

# Embedding 567 (with cost 9.78615e-15)
(0.209243, -0.25332, -0.192047) (-0.0370012, 0.113431, 0.117556) (-0.335731, -0.278149, -0.471156) (0.0735065, -0.696274, -0.240733) (0.267391, -0.41825, 0.186805) (0.121971, -0.219718, 0.416027) (-0.443733, -0.0155489, 0.277993) (-0.639363, -0.323248, -0.224014) (-0.212246, -0.743178, -0.367739) (0.0633185, -0.875787, 0.224249) (-0.491541, -0.361034, 0.513147) (-0.719109, -0.254645, 0.179653) (-0.69313, -0.633612, 0.0106853) (-0.412795, -0.770509, 0.395817) 


# Original Graph 568 in [550, 575)
14 vertices
0 1
0 2
0 3
0 4
1 4
1 5
2 6
2 7
3 7
3 8
4 8
4 9
5 10
5 11
5 6
6 11
6 7
7 12
7 13
8 13
9 13
9 10
10 13
10 11
11 12
12 13

# Unit Distance Graph 568
14 vertices
0 10
0 11
0 12
0 13
1 7
1 13
1 12
2 9
2 10
2 13
3 5
3 11
3 10
4 6
4 7
4 12
4 11
5 8
5 13
5 7
6 9
6 13
6 8
7 10
7 9
8 11

# Embedding 568 (with cost 9.56448e-15)
(-0.331987, -0.34753, 0.58138) (-0.164414, -0.666346, 0.315818) (-0.0482187, -0.0609722, 0.596188) (-0.463156, 0.0813583, 0.349666) (-0.5241, -0.577136, 0.118962) (0.261782, -0.556352, 0.0893006) (0.274319, -0.0423016, 0.395512) (-0.147892, 0.333219, 0.291365) (-0.616365, -0.100366, -0.0553878) (-0.337309, -0.474248, -0.26731) (0.0741295, -0.418447, -0.329686) (0.376341, -0.2076, -0.110495) (0.066592, 0.17547, -0.172016) (-0.40691, 0.057909, -0.329667) 


# Original Graph 569 in [550, 575)
14 vertices
0 1
0 2
0 3
1 4
1 5
2 6
2 7
2 8
3 9
3 10
4 10
4 5
5 9
5 6
6 8
6 11
6 12
7 12
7 11
7 13
8 13
8 11
8 9
9 10
11 13
11 12

# Unit Distance Graph 569
14 vertices
0 6
0 11
0 8
1 8
1 11
1 13
2 5
2 6
2 8
2 9
3 6
3 12
3 11
4 7
4 13
4 11
5 8
5 13
5 7
6 9
6 8
7 9
7 10
9 12
10 11
10 12

# Embedding 569 (with cost 9.85995e-15)
(-0.707143, -0.178436, 0.256612) (-0.685403, 0.202253, 0.204443) (-0.563611, -0.409136, 0.035354) (-0.450221, 0.0135734, 0.534024) (-0.48984, 0.442869, 0.285223) (-0.370307, 0.565756, -0.0751836) (-0.187048, 0.442006, -0.330374) (-0.269765, -0.425648, -0.1589) (0.262634, -0.0145106, 0.437335) (0.0496225, 0.147725, 0.595577) (-0.284885, 0.266458, 0.562738) (0.14537, -0.10347, -0.26069) (-0.0758547, 0.0561086, -0.39228) (0.194283, -0.24926, 0.0551495) 


# Original Graph 570 in [550, 575)
14 vertices
0 1
0 2
0 3
0 4
0 5
1 6
1 7
1 8
2 8
2 9
2 10
3 10
3 11
3 4
4 12
4 13
5 13
5 9
5 6
6 7
7 9
7 8
10 13
10 11
11 12
12 13

# Unit Distance Graph 570
14 vertices
0 2
0 10
0 13
0 5
0 9
1 10
1 11
1 12
1 13
2 5
2 13
2 4
3 5
3 6
3 7
3 9
4 9
4 7
4 8
5 10
6 11
6 10
7 12
7 11
8 13
8 12

# Embedding 570 (with cost 8.38909e-15)
(0.132491, -0.490771, 0.0530668) (0.0558844, -0.189644, -0.194148) (-0.796307, -0.123765, 0.00166983) (-0.16978, -0.585056, 0.412057) (-0.0147024, -0.376989, 0.571734) (-0.0712563, 0.409762, 0.437159) (-0.0468039, 0.326697, 0.0201605) (-0.287054, 0.196076, -0.201197) (-0.510936, -0.0108597, -0.215477) (-0.546576, 0.240807, -0.00743666) (-0.805412, -0.257102, 0.309456) (-0.504138, -0.327248, 0.622822) (-0.268093, -0.115078, 0.748974) (-0.15995, 0.220956, 0.691754) 


# Original Graph 571 in [550, 575)
14 vertices
0 1
0 2
0 3
0 4
1 5
1 2
2 6
2 7
2 3
3 7
3 4
4 8
5 9
5 10
5 11
5 6
6 11
6 12
6 8
6 7
8 12
8 9
9 10
10 13
11 13
12 13

# Unit Distance Graph 571
14 vertices
0 6
0 12
0 13
0 11
1 6
1 8
1 12
2 8
2 9
2 10
2 13
2 12
3 5
3 11
3 13
3 10
4 5
4 6
4 11
5 8
5 6
5 7
6 9
6 8
7 10
7 9

# Embedding 571 (with cost 9.35063e-15)
(-0.156362, -0.210374, 0.423882) (0.0205579, -0.171735, -0.0305207) (0.286286, -0.172911, 0.587562) (-0.1278, -0.00897125, 0.744501) (-0.376983, 0.285231, 0.640319) (0.0507721, 0.0659363, -0.23657) (0.60344, 0.43389, 0.511205) (0.456206, 0.199247, 0.667781) (-0.388395, 0.561409, 0.512856) (-0.266979, 0.435792, 0.0188985) (-0.0528094, 0.379559, -0.173878) (0.446757, 0.530905, 0.129344) (0.0513114, 0.762732, 0.3242) (0.154011, 0.670902, 0.0674816) 


# Original Graph 572 in [550, 575)
14 vertices
0 1
0 2
0 3
1 3
1 4
2 5
2 6
3 6
3 7
4 8
4 9
4 10
4 11
5 11
5 10
5 12
5 8
6 13
7 13
7 8
8 13
8 12
8 9
9 12
9 10
10 11

# Unit Distance Graph 572
14 vertices
0 8
0 9
0 12
1 5
1 8
1 12
2 4
2 9
2 8
3 5
3 12
3 9
3 10
4 6
4 13
4 8
4 5
5 8
5 7
6 10
6 9
7 10
7 11
8 11
10 13
11 13

# Embedding 572 (with cost 9.66882e-15)
(0.550873, 0.226062, -0.251372) (0.475198, 0.031065, -0.653424) (0.339782, 0.0364968, 0.249477) (0.402704, 0.436051, -0.452123) (0.345043, -0.225879, -0.715474) (0.196482, -0.220506, 0.273414) (0.231637, 0.361412, 0.0859174) (0.0670485, 0.514563, -0.392108) (-0.445627, 0.250773, -0.331228) (-0.268566, -0.305013, -0.46696) (0.0141021, -0.483986, -0.401915) (0.256872, -0.453012, -0.225479) (-0.389034, -0.105326, -0.169171) (-0.0959701, 0.480503, -0.16182) 


# Original Graph 573 in [550, 575)
14 vertices
0 1
0 2
0 3
0 4
1 4
1 5
1 2
2 6
2 3
3 7
4 8
4 9
4 10
4 11
5 11
5 6
6 11
7 12
7 9
7 8
8 9
9 13
10 13
10 11
11 12
12 13

# Unit Distance Graph 573
14 vertices
0 10
0 11
0 12
0 13
1 7
1 9
1 13
1 12
2 4
2 10
2 13
2 9
3 4
3 11
3 10
4 7
4 12
4 11
4 6
5 7
5 8
5 9
6 9
6 8
7 11
8 11

# Embedding 573 (with cost 9.59101e-15)
(-0.507102, 0.0453823, 0.501956) (0.0395822, 0.256127, 0.352158) (-0.328867, -0.216499, 0.508596) (-0.718726, -0.130205, 0.368532) (-0.172689, 0.581264, -0.0737975) (0.14585, -0.199752, 0.156761) (-0.11097, -0.325792, 0.342665) (-0.850677, -0.130213, 0.110953) (-0.607605, 0.356375, -0.193993) (-0.630983, 0.131031, -0.379068) (-0.156661, 0.068472, -0.434344) (0.0670087, -0.381791, -0.196556) (-0.251537, -0.370321, -0.3709) (-0.389492, -0.0911912, -0.481668) 


# Original Graph 574 in [550, 575)
14 vertices
0 1
0 2
0 3
1 3
1 4
2 5
2 6
3 7
3 8
4 9
4 10
4 11
5 11
5 12
5 13
5 9
6 9
6 7
7 8
8 9
9 13
9 10
10 13
10 12
10 11
11 12

# Unit Distance Graph 574
14 vertices
0 9
0 10
0 13
1 5
1 9
1 13
2 4
2 10
2 9
3 5
3 13
3 10
3 12
4 6
4 9
4 5
5 9
5 8
6 11
6 10
7 10
7 11
7 12
8 12
8 11
9 11

# Embedding 574 (with cost 9.28681e-15)
(0.302266, 0.031874, -0.625896) (0.650757, 0.05021, -0.296108) (-0.160948, 0.209734, -0.631359) (0.468648, -0.255648, -0.400754) (0.633886, 0.262263, -0.0268097) (-0.27044, 0.417545, -0.424405) (-0.152727, -0.175759, -0.461984) (0.108527, -0.382881, -0.331041) (0.0638097, -0.443886, -0.0420262) (-0.121657, -0.354822, 0.1931) (0.164686, 0.394086, 0.29599) (0.373281, 0.502442, 0.0512016) (0.0531444, 0.55456, 0.01267) (-0.189864, 0.143109, 0.23749) 
