

# Original Graph 0 in [0, 36)
12 vertices
0 1
0 2
0 3
0 4
1 5
1 6
1 2
2 7
2 3
3 7
4 6
4 8
5 8
5 9
5 10
5 6
6 11
6 7
8 11
8 9
9 10
10 11

# Unit Distance Graph 0
12 vertices
0 5
0 6
0 11
0 10
1 4
1 8
1 11
1 6
2 8
2 9
2 10
2 11
3 5
3 10
3 9
4 6
4 5
5 6
5 7
6 8
7 9
7 8

# Embedding 0 (with cost 8.12969e-15)
(-0.0721047, -0.760482, 0.256607) (0.303793, -0.105769, -0.094069) (0.374961, -0.542674, 0.0865176) (0.312322, -0.679719, 0.336553) (-0.327556, -0.664228, 0.444003) (-0.0359682, 0.225231, 0.0920946) (0.40917, -0.16372, 0.898673) (0.474863, -0.428645, 0.650216) (-0.49665, -0.258104, 0.485659) (-0.364014, 0.0542242, 0.398973) (-0.122934, 0.197753, 0.538036) (0.102223, 0.00220737, 0.879435) 


# Original Graph 1 in [0, 36)
12 vertices
0 1
0 2
0 3
0 4
0 5
1 5
1 6
1 7
2 8
2 3
3 8
3 4
4 9
4 10
4 6
4 5
6 10
7 10
7 11
8 11
8 9
9 11

# Unit Distance Graph 1
12 vertices
0 4
0 10
0 7
0 11
0 9
1 3
1 4
1 9
1 8
2 4
2 6
2 10
3 7
3 10
3 6
4 8
4 11
4 7
5 8
5 9
5 11
6 8

# Embedding 1 (with cost 7.31484e-15)
(0.170097, -0.0848685, -0.0476016) (0.316946, -0.795872, 0.0348867) (-0.346326, -0.156592, -0.208937) (-0.151897, -0.00542478, -0.359296) (0.222329, -0.551938, -0.930278) (0.436763, -0.475082, -0.11956) (0.346319, -0.870982, -0.308388) (-0.258517, -0.980641, -0.165425) (-0.544557, -0.416769, -0.302891) (-0.387977, -0.646455, -0.658481) (0.168234, -0.923825, -0.591797) (-0.498206, -0.791651, -0.279612) 


# Original Graph 2 in [0, 36)
12 vertices
0 1
0 2
0 3
0 4
1 5
1 6
1 7
2 7
2 3
3 7
3 6
4 6
4 8
5 8
5 9
5 6
6 10
8 10
8 11
9 11
9 10
10 11

# Unit Distance Graph 2
12 vertices
0 5
0 6
0 10
0 9
1 4
1 8
1 10
1 6
2 9
2 10
2 11
3 5
3 9
3 11
3 8
4 6
4 5
5 6
6 8
7 8
7 11
7 10

# Embedding 2 (with cost 8.77865e-15)
(-0.695015, -0.1978, 0.569323) (0.121721, -0.135776, 0.391362) (-0.508981, 0.118569, 0.489419) (-0.5132, 0.328558, 0.176056) (-0.833592, -0.424669, 0.328776) (0.126097, -0.429623, 0.0477541) (-0.486646, 0.290295, -0.27823) (-0.190607, 0.132479, 0.439776) (-0.652074, -0.649504, 0.0207884) (-0.095702, -0.513081, -0.166491) (-0.462175, -0.354172, -0.390538) (-0.424194, -0.58851, -0.212613) 


# Original Graph 3 in [0, 36)
12 vertices
0 1
0 2
0 3
0 4
0 5
1 5
1 6
1 7
1 8
2 9
2 10
3 10
3 4
4 10
4 5
5 9
5 6
6 11
6 7
7 11
8 11
8 9

# Unit Distance Graph 3
12 vertices
0 5
0 6
0 11
0 8
0 9
1 2
1 10
1 4
1 5
1 9
2 6
2 5
3 6
3 7
3 11
4 8
4 11
4 7
5 9
5 8
6 10
7 10

# Embedding 3 (with cost 9.47942e-15)
(-0.726393, -0.600141, 0.165453) (-1.15026, -0.196183, -0.0950028) (-0.184304, -0.288338, -0.336734) (-0.331046, -0.436366, 0.211009) (-0.275127, -0.133451, 0.384793) (-0.459396, 0.335963, 0.39441) (-0.871554, 0.369883, -0.0294358) (-1.00921, 0.149693, -0.232418) (-0.531086, 0.0564646, -0.563056) (-0.255731, -0.0346122, -0.511787) (-0.163671, -0.336209, -0.0111481) (-0.760763, 0.210733, -0.418759) 


# Original Graph 4 in [0, 36)
12 vertices
0 1
0 2
0 3
0 4
0 5
1 5
1 6
1 7
1 2
2 7
2 6
2 8
3 8
3 9
4 9
4 10
5 11
5 6
6 7
8 11
9 10
10 11

# Unit Distance Graph 4
12 vertices
0 2
0 8
0 11
0 5
0 6
1 3
1 9
1 10
1 11
1 8
2 5
2 11
2 10
2 4
3 6
3 5
4 6
4 7
5 8
6 9
7 10
7 9

# Embedding 4 (with cost 9.46081e-15)
(-0.0604936, -0.916083, 0.483769) (-0.339452, -0.411332, 0.621349) (-0.661492, -0.367998, -0.0979554) (-0.18686, -0.79571, -0.289129) (0.162671, -0.890157, 0.121374) (0.234374, -0.0135404, 0.16997) (-0.155413, 0.0499947, 0.243595) (-0.496862, -0.155457, 0.280222) (-0.426385, -0.538263, -0.366746) (0.0876349, -0.820105, -0.185188) (0.314071, -0.587066, -0.114875) (0.323861, -0.197484, -0.0957881) 


# Original Graph 5 in [0, 36)
12 vertices
0 1
0 2
0 3
0 4
1 4
1 5
1 6
2 7
2 3
3 8
4 9
5 9
5 10
5 6
6 10
6 11
6 7
7 11
7 8
8 9
9 11
9 10

# Unit Distance Graph 5
12 vertices
0 6
0 11
0 9
0 10
1 7
1 8
1 9
1 11
2 5
2 10
2 9
3 5
3 6
3 10
4 6
4 7
4 11
5 8
5 7
6 9
6 8
7 9

# Embedding 5 (with cost 6.14737e-15)
(0.0279925, 0.469263, 0.0327122) (0.300993, 0.409483, 0.314952) (-0.278671, 0.897458, 0.0636711) (-0.093457, 0.819755, -0.168079) (0.399162, 0.528689, 0.0179753) (0.580516, 0.828237, 0.570629) (0.135168, 1.16634, 0.741651) (-0.285547, 1.21731, 0.256684) (0.177554, 1.22117, -0.255944) (0.641573, 1.24456, -0.11709) (0.594825, 1.16878, 0.467884) (0.0894876, 1.37814, 0.445215) 


# Original Graph 6 in [0, 36)
12 vertices
0 1
0 2
0 3
0 4
1 5
1 3
1 6
2 7
2 8
3 8
3 9
4 9
4 10
4 5
5 11
5 9
6 8
6 7
7 8
9 11
9 10
10 11

# Unit Distance Graph 6
12 vertices
0 1
0 3
0 9
0 5
1 4
1 9
1 3
2 5
2 9
2 11
3 5
3 4
4 6
4 8
5 8
6 10
6 9
7 9
7 10
7 11
8 11
8 10

# Embedding 6 (with cost 9.68983e-15)
(0.593393, 0.399525, -0.494893) (-0.100559, 1.10579, -0.354815) (0.326952, 0.45992, -0.74502) (-0.371887, 0.146302, -0.430751) (0.550275, 0.382393, -0.124353) (-0.0370632, 0.96339, 0.0385683) (-0.119913, 0.93365, -0.621307) (0.048273, 0.617563, -0.817609) (-0.210436, 0.405496, -0.773033) (-0.220914, 0.199309, 0.0499173) (0.198251, 0.367121, 0.138835) (-0.0107928, 0.630911, 0.180556) 


# Original Graph 7 in [0, 36)
12 vertices
0 1
0 2
0 3
0 4
0 5
1 6
1 7
1 8
2 8
2 5
2 9
3 9
3 4
4 10
5 10
5 6
6 11
6 7
7 11
7 8
8 11
9 10

# Unit Distance Graph 7
12 vertices
0 2
0 5
0 6
0 11
0 8
1 2
1 9
1 10
1 5
2 6
2 5
3 6
3 7
3 11
4 7
4 8
4 11
5 8
6 9
7 10
7 9
8 10

# Embedding 7 (with cost 7.86218e-15)
(0.328476, -0.338515, -0.210946) (0.556752, -0.119842, -0.514985) (-0.0674928, 0.578598, -0.164984) (0.0660308, -0.253696, -0.091316) (-0.152831, -0.3117, -0.287091) (-0.379263, -0.0662267, -0.862838) (-0.0831559, 0.0697822, -1.02572) (0.382057, 0.323364, -0.844396) (0.164118, 0.630617, -0.394708) (-0.238157, 0.282694, -0.0610185) (-0.442505, -0.151552, -0.536903) (0.207536, 0.520848, -0.707805) 


# Original Graph 8 in [0, 36)
12 vertices
0 1
0 2
0 3
0 4
0 5
0 6
1 7
1 8
2 8
2 9
2 3
3 9
3 10
3 4
4 7
4 5
5 11
5 6
6 11
7 11
8 10
9 10

# Unit Distance Graph 8
12 vertices
0 1
0 8
0 10
0 3
0 4
0 7
1 4
1 3
2 4
2 5
2 11
2 7
3 7
3 11
3 6
4 8
5 9
5 10
5 8
6 10
6 9
9 11

# Embedding 8 (with cost 9.37365e-15)
(-0.591463, 0.683117, -0.22058) (0.378369, 0.477693, -0.0893264) (-0.249912, 0.753066, 0.373935) (-0.308093, 0.0435183, 0.493993) (-0.312399, -0.213188, 0.124036) (-0.372208, 0.167264, -0.42724) (-0.444187, 0.462114, -0.403925) (0.298242, 0.230329, -0.278962) (0.316433, 0.562277, 0.180821) (-0.1583, 0.300088, 0.540542) (0.103878, 0.37301, 0.427751) (-0.0302432, 0.228553, -0.448642) 


# Original Graph 9 in [0, 36)
12 vertices
0 1
0 2
0 3
0 4
1 5
1 6
2 6
2 7
2 8
3 8
3 9
4 10
4 11
5 11
5 9
5 6
6 8
6 7
7 8
8 9
9 10
10 11

# Unit Distance Graph 9
12 vertices
0 5
0 6
0 8
0 9
1 3
1 9
1 8
2 5
2 9
2 10
2 11
3 6
3 5
4 6
4 7
4 8
5 8
6 10
6 9
7 11
7 10
8 11

# Embedding 9 (with cost 9.80979e-15)
(0.435544, 0.132636, 0.732052) (-0.217444, 0.492831, 0.381674) (0.447292, 0.116716, 0.180022) (0.194787, -0.416706, 0.43466) (0.0149589, -0.0451465, 0.889277) (-0.503366, 0.299233, 0.430895) (-0.218095, 0.395395, 0.0223231) (0.150036, -0.00603756, -0.100786) (0.0697764, -0.35761, -0.0590696) (-0.287493, -0.501742, 0.45859) (-0.26235, -0.263792, 0.772999) (-0.365441, 0.0258236, 0.755525) 


# Original Graph 10 in [0, 36)
12 vertices
0 1
0 2
0 3
0 4
0 5
1 6
1 7
1 8
2 9
2 3
3 9
3 10
4 10
4 7
4 11
4 5
5 6
6 11
7 11
8 10
8 9
9 10

# Unit Distance Graph 10
12 vertices
0 1
0 8
0 10
0 4
0 7
1 4
1 10
1 3
2 4
2 11
2 7
3 7
3 11
3 6
4 9
4 8
5 8
5 9
5 10
6 10
6 9
9 11

# Embedding 10 (with cost 7.14759e-15)
(-0.770016, 0.0442593, 0.485634) (-0.229867, -0.646275, 0.00459158) (-0.407855, 0.130116, 0.545237) (-0.152887, 0.266819, 0.405008) (-0.460186, 0.214213, -0.449845) (-0.887356, -0.0805061, 0.076988) (-0.712167, -0.35946, -0.138112) (-0.331985, -0.458756, -0.25942) (0.0572269, -0.401849, 0.144083) (0.0624958, 0.00714429, 0.377153) (0.0178432, 0.320055, -0.0650157) (-0.545821, -0.194411, -0.390523) 


# Original Graph 11 in [0, 36)
12 vertices
0 1
0 2
0 3
0 4
0 5
0 6
1 6
1 7
1 5
1 2
2 8
3 9
3 10
4 11
4 5
5 7
5 6
6 7
8 11
8 9
9 10
10 11

# Unit Distance Graph 11
12 vertices
0 1
0 2
0 8
0 11
0 4
0 5
1 4
1 11
1 10
1 3
2 5
2 4
3 5
3 7
5 9
5 8
6 8
6 9
6 10
6 11
7 10
7 9

# Embedding 11 (with cost 8.83703e-15)
(-0.0500694, 0.31941, -0.762226) (0.37842, -0.166961, -0.000753762) (0.403929, -0.400606, -0.237382) (0.163231, 0.0675586, -0.948749) (0.944806, 0.32584, -0.661325) (0.845948, 0.48906, -0.351895) (0.231912, 0.417424, -0.186673) (0.543337, 0.324465, -0.0601997) (0.563597, -0.445736, -0.567381) (0.475077, -0.304106, -0.834951) (0.597571, -0.0810928, -0.972659) (0.909921, 0.0455537, -0.82072) 


# Original Graph 12 in [0, 36)
12 vertices
0 1
0 2
0 3
0 4
0 5
1 6
1 7
2 8
2 9
3 9
3 8
3 7
3 4
4 6
4 10
4 5
5 11
6 11
6 10
7 8
8 9
10 11

# Unit Distance Graph 12
12 vertices
0 1
0 7
0 3
0 4
0 6
1 4
1 3
2 4
2 10
2 6
3 6
3 11
3 5
4 8
4 7
5 7
5 8
6 9
8 11
8 10
9 10
9 11

# Embedding 12 (with cost 8.82499e-15)
(-0.534853, -0.0668133, -0.260521) (0.00876019, 0.41771, -0.945883) (-0.696099, 0.113505, -0.454272) (-0.74233, -0.177012, -1.23253) (-0.300452, -0.516785, -1.12225) (-0.165426, -0.255768, -0.419528) (0.174981, 0.0986187, -0.945187) (-0.336999, 0.48134, -1.07316) (-0.674136, 0.399481, -0.977974) (-0.810646, 0.192528, -0.804758) (0.0382422, -0.302196, -0.990868) (0.126737, -0.149433, -0.738609) 


# Original Graph 13 in [0, 36)
12 vertices
0 1
0 2
0 3
0 4
0 5
1 6
1 4
1 2
2 4
2 7
2 3
3 7
4 7
4 8
5 8
5 9
6 9
6 10
6 11
8 11
9 10
10 11

# Unit Distance Graph 13
12 vertices
0 1
0 4
0 8
0 11
0 6
1 5
1 8
1 4
2 5
2 9
2 10
2 11
2 8
3 6
3 11
3 10
4 6
4 9
4 5
6 7
7 10
7 9

# Embedding 13 (with cost 8.60987e-15)
(0.501659, 0.119406, -0.0438745) (0.593814, -0.744662, -0.538741) (0.580531, -0.534733, 0.108767) (0.459302, -0.219754, 0.17035) (-0.24334, -0.547484, -0.028551) (0.245865, 0.191661, -0.491524) (0.431117, -0.568144, -0.766576) (0.212212, -0.449756, 0.201961) (-0.314381, -0.391632, -0.313907) (0.284795, -0.0331472, -0.704222) (0.19708, -0.319863, -0.789451) (-0.051576, -0.440797, -0.660399) 


# Original Graph 14 in [0, 36)
12 vertices
0 1
0 2
0 3
0 4
1 5
1 6
2 6
2 7
2 8
2 9
2 3
3 9
3 10
4 10
4 11
5 9
5 8
6 8
6 7
7 8
9 11
10 11

# Unit Distance Graph 14
12 vertices
0 2
0 9
0 5
0 8
1 2
1 3
1 9
2 5
2 9
2 11
2 4
3 6
3 8
3 5
4 8
4 7
6 10
6 11
6 9
7 11
7 10
8 10

# Embedding 14 (with cost 9.50539e-15)
(0.434614, -0.488425, 0.583765) (0.142214, -0.703851, 0.677165) (-0.277782, 0.203338, 0.701898) (0.222429, 0.227711, 0.322542) (0.428955, -0.35672, 0.269629) (-0.379053, -0.504333, 0.00265159) (-0.273197, -0.491813, 0.808998) (-0.44776, -0.242902, 0.736979) (-0.552541, -0.389538, 0.45828) (-0.194814, -0.285731, -0.166392) (0.338213, -0.0585248, 0.146851) (0.129669, -0.270127, -0.0790076) 


# Original Graph 15 in [0, 36)
12 vertices
0 1
0 2
0 3
0 4
1 5
1 3
1 6
2 7
2 8
3 8
3 6
3 9
4 9
4 10
5 10
5 11
5 9
6 7
7 8
9 11
9 10
10 11

# Unit Distance Graph 15
12 vertices
0 1
0 3
0 9
0 5
1 4
1 9
1 3
2 5
2 9
2 11
3 5
3 10
3 4
4 6
5 8
6 10
6 9
7 9
7 10
7 11
8 11
8 10

# Embedding 15 (with cost 9.30613e-15)
(-0.507015, -0.639951, 0.653913) (0.25665, -0.0107501, 0.509273) (-0.259217, -0.727228, 0.400009) (-0.37484, -0.211153, -0.239765) (-0.659393, -0.359506, 0.707346) (-0.00690313, 0.223058, 0.582477) (0.250581, -0.304241, 0.29638) (0.0566237, -0.578387, 0.257386) (-0.205379, -0.573008, 0.0107378) (-0.607649, 0.132781, 0.0272098) (-0.598889, 0.0302557, 0.70444) (-0.433497, 0.248377, 0.533508) 


# Original Graph 16 in [0, 36)
12 vertices
0 1
0 2
0 3
0 4
0 5
0 6
1 7
1 2
2 8
2 9
2 3
3 9
3 10
3 4
4 10
4 5
5 6
6 11
7 11
7 8
8 9
10 11

# Unit Distance Graph 16
12 vertices
0 3
0 10
0 11
0 7
0 8
0 9
1 3
1 4
1 10
2 4
2 5
2 6
2 11
2 10
3 7
3 11
3 6
4 8
4 7
5 9
5 8
6 9

# Embedding 16 (with cost 9.6594e-15)
(-0.0585163, 0.19685, -1.27159) (-0.390138, 0.480271, -0.733003) (0.120389, 0.730961, -0.76193) (0.54421, 0.234923, -0.474551) (0.288736, -0.253864, -0.719733) (-0.107051, -0.233665, -0.89523) (-0.362831, -0.139409, -0.6673) (-0.445224, 0.320835, -0.35776) (-0.0634075, 0.610714, -0.361264) (0.349328, 0.516164, -0.416194) (0.276411, -0.193486, -0.413999) (-0.418708, -0.0102725, -0.361995) 


# Original Graph 17 in [0, 36)
12 vertices
0 1
0 2
0 3
0 4
0 5
1 5
1 6
1 7
2 7
2 8
3 9
3 4
4 10
4 11
5 11
5 10
5 6
6 8
7 8
8 9
9 10
10 11

# Unit Distance Graph 17
12 vertices
0 5
0 6
0 8
0 9
0 10
1 3
1 4
1 10
1 9
2 5
2 10
2 11
3 6
3 5
4 7
4 8
4 6
5 9
5 8
7 11
7 10
8 11

# Embedding 17 (with cost 9.17061e-15)
(0.615972, -0.0269859, -0.720981) (-0.157866, 0.0691624, -0.317877) (0.132334, -0.00376722, -0.939372) (0.549619, -0.469181, -0.775754) (0.543997, -0.616186, -0.512006) (-0.0198577, -0.252477, 0.0171749) (-0.336881, -0.147943, -0.4427) (-0.193271, -0.012094, -0.814511) (-0.313892, -0.325647, -0.935815) (-0.0336415, -0.778968, -0.832894) (0.158113, -0.87135, -0.442748) (0.255082, -0.635743, -0.174166) 


# Original Graph 18 in [0, 36)
12 vertices
0 1
0 2
0 3
0 4
1 5
1 3
1 6
2 6
2 7
2 3
3 7
3 6
3 8
4 8
4 9
5 10
5 8
6 7
8 11
9 11
9 10
10 11

# Unit Distance Graph 18
12 vertices
0 1
0 3
0 8
0 5
1 4
1 8
1 3
2 5
2 8
2 11
2 10
3 5
3 10
3 9
3 4
4 6
6 9
6 11
6 8
7 9
7 10
7 11

# Embedding 18 (with cost 9.07782e-15)
(-0.57736, -0.131473, 0.862329) (-0.30083, 0.762742, 0.510318) (-0.174509, 0.0707713, 0.95864) (0.216193, -0.0553827, 0.258604) (-0.726591, -0.139308, 0.581272) (-0.526677, 0.610959, 0.194328) (-0.0626888, 0.595778, 0.718691) (0.0835205, 0.233415, 0.770074) (-0.135235, -0.0610461, -0.0318552) (-0.778756, 0.0338168, 0.304629) (-0.69197, 0.34872, 0.149333) (-0.591246, 0.0733146, 0.0496169) 


# Original Graph 19 in [0, 36)
12 vertices
0 1
0 2
0 3
0 4
0 5
1 6
1 7
1 8
2 9
2 3
3 9
3 7
3 10
4 10
4 5
5 10
5 11
6 11
6 10
7 8
8 9
10 11

# Unit Distance Graph 19
12 vertices
0 1
0 7
0 3
0 10
0 6
1 4
1 10
1 3
2 6
2 10
2 11
3 6
3 11
3 5
4 8
4 7
5 7
5 8
5 9
8 10
9 11
9 10

# Embedding 19 (with cost 7.86269e-15)
(-0.580167, -0.37053, -0.250222) (-0.0785656, 0.139017, 0.448889) (-0.49499, 0.122544, -0.322776) (0.130632, 0.279557, -0.518832) (-0.321838, -0.514255, -0.268086) (-0.0951564, -0.603304, -0.107035) (0.157569, -0.145107, 0.386118) (0.02643, 0.383202, 0.00261648) (-0.150323, 0.337876, 0.226338) (-0.320946, 0.369405, -0.160485) (0.415107, -0.29154, -0.306695) (0.165667, -0.43533, 0.179529) 


# Original Graph 20 in [0, 36)
12 vertices
0 1
0 2
0 3
0 4
0 5
0 6
1 6
1 7
1 8
2 8
2 3
3 4
4 8
4 9
5 9
5 10
5 11
6 11
7 11
7 10
8 9
10 11

# Unit Distance Graph 20
12 vertices
0 1
0 8
0 9
0 5
0 10
0 7
1 5
1 9
1 4
2 5
2 11
2 10
3 7
3 10
3 11
4 7
4 11
4 6
5 8
6 9
6 8
8 11

# Embedding 20 (with cost 8.25002e-15)
(0.0531949, -0.479195, 0.0496391) (-0.55807, 0.203173, 0.45055) (-0.656066, -0.327653, 0.305674) (-0.499457, -0.585841, 0.333742) (-0.395507, -0.738511, 0.745178) (0.019988, -0.359153, 1.04185) (0.193537, -0.134029, 0.208868) (-0.0702535, 0.206873, 0.766627) (-0.768336, -0.106295, 0.480954) (-0.234349, -0.564513, 1.0036) (0.0552738, -0.00633638, 0.930775) (0.205943, 0.0534341, 0.63991) 


# Original Graph 21 in [0, 36)
12 vertices
0 1
0 2
0 3
0 4
0 5
0 6
1 7
1 2
2 4
2 8
3 8
3 9
4 9
4 5
5 10
6 10
6 11
6 7
7 11
7 10
8 9
10 11

# Unit Distance Graph 21
12 vertices
0 1
0 2
0 4
0 5
0 10
0 7
1 5
1 4
2 6
2 10
2 5
3 7
3 10
3 11
4 7
4 6
6 8
6 9
7 9
8 11
8 10
9 11

# Embedding 21 (with cost 9.68316e-15)
(-0.0430236, -0.399309, -0.695029) (-0.102599, 0.571364, -0.462123) (-0.269356, 0.569143, -0.799312) (-0.342811, -0.0821718, -0.994116) (-0.919653, 0.0774979, -0.759645) (-0.878408, -0.0340273, -0.284296) (-0.159531, -0.203134, -0.173591) (-0.214777, 0.409732, -0.132932) (-0.437884, 0.293348, -0.995799) (-0.690147, 0.111521, -0.960635) (-0.682122, 0.0359032, -0.0608816) (-0.367224, 0.115837, -0.0142197) 


# Original Graph 22 in [0, 36)
12 vertices
0 1
0 2
0 3
0 4
0 5
1 6
1 7
2 8
2 3
3 8
3 9
3 7
3 4
4 6
4 10
4 11
4 5
5 11
6 10
7 9
8 9
10 11

# Unit Distance Graph 22
12 vertices
0 1
0 7
0 3
0 4
0 6
1 4
1 3
2 4
2 10
2 6
3 6
3 10
3 11
3 5
4 8
4 9
4 7
5 7
5 9
8 11
8 10
9 11

# Embedding 22 (with cost 8.21143e-15)
(-0.163342, -0.186761, -0.320987) (0.0186286, 0.0268946, 0.638825) (0.344503, -0.0327915, -0.234025) (0.570921, 0.448112, -0.0805837) (-0.22024, 0.758504, 0.000319002) (-0.345809, 0.0818596, -0.240158) (-0.169831, 0.27181, 0.567647) (0.301238, 0.083517, 0.52229) (0.536244, 0.105392, -0.0340002) (0.51448, 0.134709, 0.2669) (-0.334525, 0.421024, 0.343013) (-0.421876, 0.386231, 0.0220056) 


# Original Graph 23 in [0, 36)
12 vertices
0 1
0 2
0 3
1 3
1 4
2 5
2 3
3 5
3 6
3 7
3 8
3 9
3 10
3 11
3 4
4 11
5 6
6 7
7 8
8 9
9 10
10 11

# Unit Distance Graph 23
12 vertices
0 3
0 9
0 8
1 3
1 8
1 7
2 3
2 10
2 9
3 5
3 6
3 7
3 8
3 9
3 10
3 11
3 4
4 7
4 6
5 11
5 10
6 11

# Embedding 23 (with cost 9.82388e-15)
(-0.115848, -0.560227, 0.347263) (-0.20501, -0.339281, 0.50184) (-0.0309765, -0.655336, 0.0939519) (0.689502, 0.0226951, 0.239501) (-0.269829, -0.0626615, 0.508568) (0.0239009, -0.593596, -0.181404) (0.0303976, -0.396201, -0.385085) (-0.0136175, -0.125151, -0.456031) (-0.0939231, 0.134283, -0.371885) (-0.185282, 0.30009, -0.157746) (-0.257916, 0.318301, 0.116964) (-0.289555, 0.183606, 0.364217) 


# Original Graph 24 in [0, 36)
12 vertices
0 1
0 2
0 3
0 4
0 5
0 6
0 7
0 8
0 9
1 9
1 2
2 10
3 10
3 4
4 10
4 5
5 6
6 7
7 11
7 8
8 11
9 11

# Unit Distance Graph 24
12 vertices
0 1
0 2
0 10
0 4
0 5
0 6
0 7
0 11
0 9
1 6
1 5
2 7
2 6
3 7
3 8
3 11
4 9
4 11
4 8
5 9
7 10
8 10

# Embedding 24 (with cost 8.23178e-15)
(-0.302532, -0.193707, -0.525668) (0.196937, 0.441582, 0.0633468) (0.361063, 0.18348, 0.120375) (0.227919, -0.316375, 0.0734798) (0.11441, -0.380908, 0.363778) (-0.284664, -0.338018, 0.463703) (-0.53281, -0.125651, 0.445074) (-0.608589, 0.14919, 0.362448) (-0.550853, 0.31086, 0.0829204) (-0.0682111, 0.562136, 0.0857195) (0.350722, -0.097644, 0.225352) (-0.348437, 0.490649, 0.202034) 


# Original Graph 25 in [0, 36)
12 vertices
0 1
0 2
0 3
0 4
0 5
0 6
0 7
1 8
1 2
2 9
3 10
3 4
4 10
4 9
4 5
5 6
6 8
6 11
6 7
7 11
8 11
9 10

# Unit Distance Graph 25
12 vertices
0 1
0 2
0 9
0 4
0 5
0 6
0 8
1 5
1 4
2 6
2 5
3 6
3 11
3 8
4 8
4 11
4 7
6 10
6 9
7 9
7 10
10 11

# Embedding 25 (with cost 8.47773e-15)
(-0.730617, 0.303089, 0.468756) (-0.341176, 0.14352, -0.438368) (-0.0995496, 0.10936, -0.282392) (-0.225512, -0.0742184, 0.446531) (-0.17984, -0.513852, 0.297724) (-0.638286, -0.630069, 0.121351) (-0.923527, -0.445176, -0.165977) (-0.98709, 0.00380116, 0.0142068) (-0.647744, -0.0586735, -0.459823) (0.00378904, -0.078122, -0.0927829) (-0.0219125, -0.19359, 0.185871) (-0.901621, -0.143544, -0.287001) 


# Original Graph 26 in [0, 36)
12 vertices
0 1
0 2
0 3
0 4
0 5
0 6
0 7
1 7
1 8
1 9
2 9
2 8
3 8
3 4
4 10
5 10
5 11
6 11
6 10
6 7
8 9
10 11

# Unit Distance Graph 26
12 vertices
0 1
0 8
0 3
0 4
0 10
0 6
0 7
1 5
1 10
1 4
2 6
2 10
2 11
3 7
3 6
4 7
5 9
5 8
6 8
8 11
9 11
9 10

# Embedding 26 (with cost 9.56847e-15)
(-0.12945, 0.420713, -0.562937) (0.478767, -0.14625, -0.0073954) (0.0754208, -0.0792912, -0.517011) (-0.356979, -0.375897, -0.00289874) (-0.505848, -0.149424, 0.167315) (-0.305908, 0.473302, 0.0136182) (0.214137, 0.353448, 0.373772) (0.431843, 0.191892, 0.232419) (-0.0254102, -0.475493, -0.131671) (0.296131, -0.280505, -0.249677) (-0.435216, 0.0831159, 0.327308) (-0.147102, 0.403044, 0.330241) 


# Original Graph 27 in [0, 36)
12 vertices
0 1
0 2
0 3
0 4
0 5
0 6
0 7
1 8
1 9
2 9
2 3
3 9
3 4
4 10
4 5
5 10
6 10
6 11
7 11
7 8
8 9
10 11

# Unit Distance Graph 27
12 vertices
0 3
0 4
0 10
0 11
0 7
0 8
0 9
1 4
1 5
1 10
2 6
2 11
2 10
3 7
3 11
3 6
4 8
4 7
5 9
5 8
6 9
9 10

# Embedding 27 (with cost 9.78516e-15)
(-0.560839, 0.500083, -0.1666) (-0.11893, -0.14958, -0.236907) (0.130317, 0.132946, -0.469565) (0.416641, 0.411865, -0.358299) (0.412808, 0.66657, -0.0107366) (0.123578, 0.693659, 0.242818) (-0.15459, 0.362807, 0.461022) (-0.0122303, -0.171399, 0.331536) (0.0606701, -0.26934, -0.019242) (0.208266, -0.115418, -0.338751) (0.214777, 0.480458, 0.464299) (0.0527883, 0.12345, 0.52738) 


# Original Graph 28 in [0, 36)
12 vertices
0 1
0 2
0 3
0 4
0 5
0 6
0 7
1 7
1 8
2 9
2 3
3 9
3 10
4 10
4 5
5 10
5 11
5 6
6 11
7 11
7 8
8 9

# Unit Distance Graph 28
12 vertices
0 3
0 10
0 5
0 11
0 7
0 8
0 9
1 4
1 5
1 10
2 5
2 6
2 11
3 7
3 11
3 6
4 8
4 7
5 9
5 8
6 9
7 10

# Embedding 28 (with cost 9.77592e-15)
(-0.00110298, -0.369191, -0.519109) (0.453663, -0.0382916, 0.0644328) (-0.0484128, 0.385772, -0.259506) (-0.279431, 0.48092, -0.0720702) (-0.540421, -0.127817, 0.00292454) (-0.471969, -0.276789, 0.358243) (-0.203732, -0.465625, 0.241492) (0.391449, -0.117732, 0.365578) (0.375811, 0.226286, 0.190358) (0.127373, 0.45464, 0.0329733) (-0.509961, 0.226229, 0.102613) (0.0609136, -0.283645, 0.475293) 


# Original Graph 29 in [0, 36)
12 vertices
0 1
0 2
0 3
0 4
0 5
0 6
0 7
1 7
1 2
2 7
2 8
3 8
3 9
4 10
4 11
5 11
5 7
5 6
6 7
8 9
9 10
10 11

# Unit Distance Graph 29
12 vertices
0 2
0 8
0 9
0 10
0 11
0 5
0 7
1 4
1 11
1 10
2 5
2 11
2 4
3 5
3 6
3 7
4 7
5 8
6 9
6 8
7 10
7 9

# Embedding 29 (with cost 8.93257e-15)
(-0.828773, -0.495729, -0.127643) (-0.493422, 0.192417, 0.223609) (-0.308833, 0.351343, -0.0174998) (-0.342813, -0.0757426, -0.480382) (-0.0950088, -0.60042, -0.23756) (0.0642602, -0.512084, 0.322051) (-0.243361, -0.35902, 0.473486) (-0.274377, 0.0382274, 0.510743) (-0.143487, 0.197301, -0.351458) (0.0095534, -0.0516538, -0.44388) (0.148273, -0.369026, -0.298894) (0.161776, -0.530712, 0.00497749) 


# Original Graph 30 in [0, 36)
12 vertices
0 1
0 2
0 3
0 4
0 5
1 5
1 6
1 7
2 8
2 6
3 6
3 9
4 9
4 10
5 11
5 9
6 8
6 7
7 8
9 11
9 10
10 11

# Unit Distance Graph 30
12 vertices
0 1
0 6
0 3
0 9
0 5
1 4
1 9
1 3
2 5
2 9
2 11
3 5
4 7
4 6
5 6
6 11
6 10
7 10
7 9
8 9
8 10
8 11

# Embedding 30 (with cost 8.76014e-15)
(0.0217179, -0.258949, -0.593598) (-0.0241533, 0.453283, 0.106846) (-0.137733, -0.344285, -0.289478) (0.374007, -0.437699, 0.325064) (0.440192, -0.195093, -0.496472) (0.322557, 0.500603, -0.0169031) (0.0316077, -0.359922, 0.401242) (-0.177731, 0.0631103, 0.24616) (-0.211433, -0.216261, 0.133925) (0.781371, -0.136045, 0.0450113) (0.675736, 0.00389997, -0.271612) (0.63704, 0.25873, -0.0994795) 


# Original Graph 31 in [0, 36)
12 vertices
0 1
0 2
0 3
0 4
1 5
1 2
2 6
2 7
2 8
2 9
2 3
3 10
4 10
4 9
5 11
5 7
5 6
6 7
7 11
8 11
8 9
9 10

# Unit Distance Graph 31
12 vertices
0 2
0 8
0 11
0 7
1 2
1 9
1 8
2 5
2 11
2 8
2 9
2 4
3 5
3 7
3 11
4 7
4 6
5 10
5 9
6 9
6 10
7 10

# Embedding 31 (with cost 8.33716e-15)
(0.277884, 0.286899, -0.424478) (0.190513, 0.61616, -0.545171) (-0.139048, 0.675757, 0.39708) (-0.00477909, 0.225967, 0.207682) (-0.0486831, -0.00229338, -0.332359) (-0.0980017, 0.819546, -0.591676) (-0.279977, 0.9617, -0.201133) (-0.525986, 0.876356, -0.344892) (-0.715167, 0.264052, -0.309026) (-0.521288, -0.0084794, -0.223978) (-0.196114, -0.0256034, -0.0662282) (-0.677099, 0.583115, -0.440725) 


# Original Graph 32 in [0, 36)
12 vertices
0 1
0 2
0 3
0 4
0 5
1 6
1 2
2 6
2 7
2 8
3 8
3 7
4 7
4 9
5 10
5 11
6 11
6 10
7 9
7 8
9 10
10 11

# Unit Distance Graph 32
12 vertices
0 2
0 7
0 9
0 10
0 6
1 4
1 9
1 7
2 5
2 10
2 9
2 4
3 6
3 10
3 11
4 6
5 8
5 7
6 7
7 11
8 11
8 10

# Embedding 32 (with cost 8.67889e-15)
(-0.0534191, -0.843132, 0.397804) (-0.186641, -0.116268, 0.835353) (-0.401043, 0.051701, 0.677859) (-0.344542, -0.477607, 0.120618) (0.0905123, -0.34325, -0.0982773) (0.393491, -0.542807, 0.554265) (0.142782, 0.0400249, 0.823877) (-0.0704254, -0.00797898, -0.15195) (-0.464571, -0.125584, 0.254842) (0.300762, -0.0123805, -0.0316222) (0.529045, -0.0339464, 0.320646) (0.432518, -0.207334, 0.689065) 


# Original Graph 33 in [0, 36)
12 vertices
0 1
0 2
0 3
0 4
0 5
1 6
1 7
2 8
2 9
3 9
3 4
4 9
4 6
4 10
4 5
5 10
6 10
6 7
7 11
8 11
8 9
9 11

# Unit Distance Graph 33
12 vertices
0 4
0 6
0 7
0 11
0 9
1 3
1 4
1 9
2 4
2 10
2 6
3 7
3 6
4 8
4 11
4 7
5 8
5 9
5 11
6 9
8 10
9 10

# Embedding 33 (with cost 8.56449e-15)
(-0.277715, 0.205677, 0.114627) (0.0084332, -0.487856, 0.240361) (0.122887, 0.177101, -0.182517) (0.416932, 0.424752, 0.223752) (0.500604, 0.223396, 0.742247) (0.07577, 0.123437, 0.692125) (0.279194, -0.521801, 0.515411) (0.351534, -0.570586, 0.152865) (0.450932, -0.0490134, -0.218652) (0.700167, 0.155154, -0.088338) (0.254281, -0.13647, 0.757914) (0.510579, -0.387316, -0.0495435) 


# Original Graph 34 in [0, 36)
12 vertices
0 1
0 2
0 3
0 4
0 5
1 6
1 7
1 8
2 9
2 3
3 7
3 10
4 10
4 11
5 11
5 10
5 6
6 10
7 9
7 8
8 9
10 11

# Unit Distance Graph 34
12 vertices
0 1
0 7
0 3
0 10
0 6
1 4
1 10
1 3
2 5
2 6
2 10
3 6
3 5
4 8
4 7
5 7
5 9
7 11
8 11
8 10
9 10
9 11

# Embedding 34 (with cost 9.86996e-15)
(0.327845, -0.708915, 0.352309) (0.459502, 0.111119, 0.909275) (0.185657, -0.727623, 0.769344) (-0.46009, -0.256069, 0.769548) (0.0284483, -0.395654, 0.1627) (0.308633, 0.118926, 0.251433) (0.398891, 0.242352, 0.652382) (-0.0140133, -0.20027, 1.14251) (0.305321, -0.146897, 1.09085) (0.193162, -0.518655, 1.01311) (-0.378984, -0.00193395, 0.376208) (-0.0292051, -0.0606661, 0.152416) 


# Original Graph 35 in [0, 36)
12 vertices
0 1
0 2
0 3
0 4
0 5
1 5
1 3
1 6
2 7
2 8
3 8
3 5
3 9
3 4
4 9
5 9
6 10
6 11
7 11
7 10
8 10
10 11

# Unit Distance Graph 35
12 vertices
0 1
0 6
0 10
0 8
0 3
1 3
1 8
1 2
2 3
2 5
3 7
3 11
3 6
4 6
4 11
4 10
5 8
5 10
5 7
7 9
9 10
9 11

# Embedding 35 (with cost 9.86088e-15)
(-0.248072, 0.0385134, 0.328575) (-0.795447, 0.000461989, -0.507446) (-0.116298, 0.328329, 0.149257) (0.118846, -0.404197, -0.489581) (-0.18684, -0.330634, 0.0986647) (-0.702284, -0.331473, -0.321149) (-0.605813, 0.279777, -0.573541) (-0.163563, 0.493999, -0.152698) (0.202817, 0.0177129, -0.563763) (-0.423554, -0.469479, -0.21685) (-0.0552486, 0.381764, -0.590663) (-0.312572, 0.497011, -0.448322) 
