

# Original Graph 625 in [625, 650)
14 vertices
0 1
0 2
0 3
1 4
1 5
1 6
1 7
2 8
2 9
3 10
3 11
4 11
4 12
4 8
4 5
5 8
5 13
5 6
6 13
6 7
7 8
8 13
9 12
9 10
10 11
11 12

# Unit Distance Graph 625
14 vertices
0 4
0 5
0 8
1 2
1 9
1 12
1 4
1 8
2 5
2 4
3 5
3 13
3 8
4 8
4 7
5 10
5 9
6 9
6 10
6 11
6 12
7 12
7 11
8 11
10 13
11 13

# Embedding 625 (with cost 9.69161e-15)
(0.11354, 0.139409, 0.567693) (0.34416, 0.238236, 0.332238) (0.280486, -0.733456, 0.559748) (-0.158986, -0.0345194, 0.532979) (-0.221101, -0.369811, -0.225219) (0.294868, -0.270206, -0.326363) (0.571147, -0.0832505, 0.000270334) (0.559002, 0.0175849, 0.266067) (0.514712, -0.747101, 0.337126) (-0.0566193, -0.657193, 0.526103) (-0.252169, -0.336752, 0.508096) (-0.379504, -0.321179, 0.1994) (-0.256448, -0.560477, 0.295805) (0.592983, -0.387008, -0.0240609) 


# Original Graph 626 in [625, 650)
14 vertices
0 1
0 2
0 3
0 4
1 4
1 5
1 6
1 2
2 7
2 3
3 8
4 8
4 9
4 10
4 5
5 10
6 10
6 11
6 12
7 13
7 8
8 13
9 12
9 11
10 11
12 13

# Unit Distance Graph 626
14 vertices
0 6
0 12
0 9
0 11
1 4
1 9
1 12
1 13
1 8
2 4
2 10
2 11
2 9
3 6
3 11
3 10
4 7
4 13
4 12
4 6
5 7
5 8
5 13
6 8
7 10
8 10

# Embedding 626 (with cost 8.28691e-15)
(-0.0836446, -0.844251, -0.462892) (0.0604124, -0.551211, -0.927409) (0.207859, -0.799285, -0.53362) (0.0810129, -0.79734, -0.221423) (-0.631367, -0.344492, -0.235521) (-0.351407, -0.220082, -0.744344) (0.164939, 0.108744, -0.636113) (0.343046, -0.513505, -0.0873526) (0.090082, -0.594153, 0.0712283) (-0.00528954, 0.112331, -0.182161) (-0.329328, 0.0431501, -0.575254) (-0.083264, 0.155663, -0.475979) (0.293165, 0.0255457, -0.144352) (0.339043, -0.233486, -0.0210889) 


# Original Graph 627 in [625, 650)
14 vertices
0 1
0 2
0 3
1 4
1 5
1 6
1 7
1 8
1 9
2 9
2 10
3 10
3 4
4 11
4 12
5 12
5 13
5 6
6 13
6 7
7 13
7 8
8 9
9 13
10 11
11 12

# Unit Distance Graph 627
14 vertices
0 5
0 6
0 13
1 2
1 10
1 11
1 12
1 5
1 13
1 9
2 6
2 5
3 6
3 7
3 13
4 7
4 8
4 9
4 13
5 9
6 10
7 11
7 10
8 12
8 11
9 12

# Embedding 627 (with cost 7.96697e-15)
(-0.326193, 0.345175, 0.347065) (-0.257151, 0.114563, 0.7818) (-0.519511, 0.0103422, -0.177526) (-0.140899, 0.380661, 0.0708962) (0.184356, 0.303418, 0.133941) (0.348579, -0.365236, 0.147069) (0.134089, -0.542564, 0.339294) (-0.257246, -0.524235, 0.480318) (-0.503451, -0.353179, 0.443459) (-0.620064, -0.252865, -0.074524) (-0.252645, 0.194459, -0.214993) (0.125511, 0.159479, -0.140996) (0.360455, -0.0806332, 0.0199193) (-0.205828, -0.616754, 0.101696) 


# Original Graph 628 in [625, 650)
14 vertices
0 1
0 2
0 3
1 4
1 5
2 6
2 3
3 7
4 7
4 8
4 9
5 9
5 10
5 6
6 11
6 7
7 11
8 11
8 10
8 12
8 13
9 13
10 13
10 12
10 11
12 13

# Unit Distance Graph 628
14 vertices
0 8
0 12
0 10
1 8
1 10
1 11
2 8
2 13
2 12
3 10
3 12
3 13
4 5
4 6
4 11
4 10
5 8
5 11
5 7
6 9
6 13
6 8
7 10
7 13
7 9
9 11

# Embedding 628 (with cost 9.92995e-15)
(0.248635, -0.211952, -0.164947) (0.00463335, -0.341612, -0.103103) (0.392501, -0.010711, -0.352754) (0.445614, 0.0885552, -0.0931424) (-0.212956, -0.241944, 0.162016) (-0.043688, 0.0664582, -0.774059) (0.319717, 0.130552, -0.597922) (0.440086, 0.325678, 0.0618643) (-0.298384, 0.601859, 0.0312213) (-0.490513, -0.0276992, -0.0335787) (-0.375561, 0.498338, -0.49032) (0.274072, 0.616019, -0.00139397) (-0.462392, 0.489438, -0.214877) (-0.542522, 0.241767, -0.103782) 


# Original Graph 629 in [625, 650)
14 vertices
0 1
0 2
0 3
0 4
1 5
1 6
1 2
2 7
3 7
3 8
4 8
4 9
4 10
4 11
4 5
5 11
6 11
6 10
6 12
7 13
8 13
8 12
9 12
9 10
10 11
12 13

# Unit Distance Graph 629
14 vertices
0 6
0 12
0 9
0 10
1 4
1 9
1 12
1 8
2 4
2 10
2 9
3 6
3 10
3 11
4 7
4 13
4 12
4 6
5 8
5 12
5 13
6 8
7 11
7 10
8 11
11 13

# Embedding 629 (with cost 9.96588e-15)
(-0.28961, 0.426927, 0.0556847) (0.293821, 0.488092, 0.023783) (0.0108883, 0.531435, -0.200485) (-0.410296, 0.199863, -0.249929) (-0.332793, -0.201857, 0.386171) (0.317027, 0.194406, 0.291826) (0.526826, -0.123539, -0.118727) (-0.149579, 0.284585, -0.468117) (-0.462876, -0.100841, -0.260063) (0.0861473, -0.465703, -0.193348) (0.326808, -0.356642, 0.13345) (0.374681, -0.110583, 0.2862) (0.0511051, -0.307624, -0.531127) (-0.124224, -0.03098, -0.576793) 


# Original Graph 630 in [625, 650)
14 vertices
0 1
0 2
0 3
0 4
1 4
1 5
1 2
2 5
2 6
2 7
2 8
3 8
3 9
3 4
4 10
5 10
5 11
6 11
6 12
7 12
7 9
7 8
9 13
10 11
11 13
12 13

# Unit Distance Graph 630
14 vertices
0 6
0 12
0 13
0 11
1 7
1 9
1 13
1 12
2 3
2 4
2 10
2 11
2 13
2 9
3 6
3 11
3 5
4 7
4 12
4 6
5 9
5 7
5 8
7 10
8 11
8 10

# Embedding 630 (with cost 9.06675e-15)
(0.113075, -0.418583, -0.51265) (-0.0796824, -0.42268, -0.162367) (0.0708693, -0.964162, 0.0533214) (0.557372, -0.472441, -0.668846) (0.309536, -0.13278, -0.448516) (0.137943, -0.278979, 0.218088) (0.61319, -0.726371, 0.296765) (0.751819, -0.978033, -0.148627) (0.588602, -0.911911, -0.411439) (0.88507, -0.57465, -0.37721) (0.465987, -0.0457431, 0.0730393) (0.673307, -0.200833, 0.286553) (0.805393, -0.812525, 0.0919215) (0.873906, -0.373823, 0.134756) 


# Original Graph 631 in [625, 650)
14 vertices
0 1
0 2
0 3
1 4
1 5
2 6
2 7
3 7
3 4
4 8
5 9
5 6
6 10
6 11
6 12
6 8
7 8
8 12
9 12
9 13
9 10
10 13
10 11
11 13
11 12
12 13

# Unit Distance Graph 631
14 vertices
0 11
0 12
0 13
1 6
1 12
1 11
2 9
2 13
2 12
3 10
3 11
3 13
4 6
4 11
4 10
5 6
5 8
5 12
6 9
6 12
6 8
7 9
7 10
7 13
8 10
8 9

# Embedding 631 (with cost 9.8033e-15)
(-0.156923, 0.199358, 0.103787) (0.0832148, 0.07106, -0.276794) (-0.324066, -4.53197e-05, 0.456701) (0.109817, 0.280269, 0.168212) (0.25483, 0.207072, -0.0729289) (0.0758048, -0.206747, -0.347333) (-0.362757, -0.274633, 0.5488) (0.21784, 0.231319, 0.429624) (0.591522, 0.0162368, 0.4799) (0.161207, -0.470984, -0.279998) (-0.0400637, -0.707832, 0.202729) (0.209315, -0.698072, 0.349732) (0.63472, -0.283349, 0.478346) (0.277062, -0.701034, 0.0729566) 


# Original Graph 632 in [625, 650)
14 vertices
0 1
0 2
0 3
1 4
1 5
1 6
1 7
2 7
2 8
2 3
3 4
4 5
5 8
6 9
6 10
7 10
7 11
7 8
8 9
9 12
9 13
10 13
10 12
10 11
11 12
12 13

# Unit Distance Graph 632
14 vertices
0 9
0 13
0 12
1 7
1 8
1 9
1 12
1 11
2 6
2 10
2 13
2 9
3 10
3 12
3 13
4 10
4 11
4 12
5 7
5 11
5 10
6 8
6 7
7 9
7 8
8 10

# Embedding 632 (with cost 9.9036e-15)
(-0.756505, 0.0133585, -0.293804) (-0.730614, -0.671555, -0.447807) (-0.676723, 0.168154, -0.0658166) (-0.57711, -0.0269552, -0.508728) (-0.40818, -0.185628, -0.671616) (-0.130546, -0.190034, -0.617751) (-0.604232, -0.814109, -0.238747) (-0.635502, 0.0835171, 0.2009) (0.119834, -0.14667, -0.412682) (0.17818, -0.331215, -0.206432) (-0.429455, -0.780384, 0.132009) (-0.455735, -0.0972944, 0.323339) (-0.022257, -0.433969, 0.216861) (-0.165269, -0.665899, 0.140993) 


# Original Graph 633 in [625, 650)
14 vertices
0 1
0 2
0 3
1 4
1 5
1 6
2 6
2 7
3 7
3 4
4 8
5 9
5 10
6 10
6 11
6 8
6 7
7 8
8 12
9 12
9 13
10 13
10 11
11 13
11 12
12 13

# Unit Distance Graph 633
14 vertices
0 11
0 12
0 13
1 6
1 8
1 12
1 11
2 9
2 13
2 12
3 10
3 11
3 13
4 6
4 11
4 10
5 6
5 7
5 8
6 9
6 12
6 8
7 10
7 13
7 9
8 10

# Embedding 633 (with cost 9.94574e-15)
(0.0162155, -0.262536, -0.398913) (0.207722, 0.0734125, -0.447678) (-0.337582, -0.389515, -0.131859) (0.0945411, -0.483869, -0.183828) (0.392721, -0.368123, -0.0628782) (0.210374, 0.316609, -0.267849) (-0.565074, -0.164984, 0.1405) (-0.0923782, -0.584805, 0.0416564) (0.367434, -0.386226, 0.425949) (0.305054, 0.327831, 0.137277) (-0.200037, 0.399669, 0.180294) (-0.236817, 0.228779, 0.434504) (0.354518, -0.0948733, 0.527068) (0.112296, 0.323962, 0.405319) 


# Original Graph 634 in [625, 650)
14 vertices
0 1
0 2
0 3
1 4
1 5
1 6
2 7
2 8
3 8
3 4
4 9
4 10
5 10
5 11
5 12
6 12
6 7
7 13
7 9
8 9
9 10
10 13
10 11
11 13
11 12
12 13

# Unit Distance Graph 634
14 vertices
0 10
0 11
0 13
1 7
1 9
1 10
1 13
2 5
2 11
2 10
3 11
3 12
3 13
4 6
4 7
4 13
4 12
5 8
5 9
5 7
6 10
6 9
7 10
8 12
8 11
9 12

# Embedding 634 (with cost 9.86045e-15)
(-0.343814, -0.227855, -0.369839) (0.000999496, -0.397515, -0.455519) (-0.40664, 0.192542, -0.103751) (-0.519623, -0.332705, -0.0677382) (-0.412485, -0.562228, 0.154136) (0.400612, -0.38027, 0.0384788) (0.307544, -0.0538402, -0.3182) (-0.204712, 0.413941, 0.0914918) (-0.537697, -0.0344828, 0.0359619) (-0.462119, 0.0446375, 0.31261) (-0.00433666, -0.455652, 0.542775) (0.409715, -0.232238, 0.287561) (0.455357, -0.110867, -0.0535256) (0.249262, 0.165998, 0.332401) 


# Original Graph 635 in [625, 650)
14 vertices
0 1
0 2
0 3
0 4
1 4
1 5
2 5
2 6
2 7
2 8
3 8
3 9
3 10
4 10
5 11
5 12
6 12
6 13
6 7
7 13
7 9
7 8
9 13
9 12
10 11
11 12

# Unit Distance Graph 635
14 vertices
0 6
0 13
0 9
0 12
1 7
1 9
1 13
2 3
2 10
2 11
2 12
2 9
3 6
3 12
3 5
4 6
4 7
4 13
5 9
5 7
5 8
6 10
7 11
7 10
8 12
8 11

# Embedding 635 (with cost 8.56476e-15)
(0.238608, 0.0819191, 0.843485) (0.335212, 0.341858, 0.594875) (-0.132434, -0.169519, 0.708448) (0.826198, -0.319214, 0.466339) (0.573805, 0.192398, 0.677109) (0.219118, 0.430105, 0.201809) (0.0470217, -0.100179, -0.12095) (0.071702, -0.557932, 0.247111) (0.154244, -0.498339, 0.567574) (0.599059, -0.489994, 0.106606) (0.817427, 0.060029, 0.496147) (0.525346, 0.327042, 0.142099) (0.229046, 0.193932, -0.150176) (0.222855, -0.453222, -0.00113099) 


# Original Graph 636 in [625, 650)
14 vertices
0 1
0 2
0 3
0 4
1 5
1 6
1 7
1 2
2 7
2 3
3 8
4 8
4 9
4 5
5 10
6 10
6 11
6 12
7 12
7 8
8 12
9 13
9 10
10 11
11 13
12 13

# Unit Distance Graph 636
14 vertices
0 6
0 12
0 13
0 11
1 4
1 9
1 13
1 12
1 8
2 9
2 10
2 11
2 13
3 6
3 11
3 10
4 7
4 12
4 6
5 7
5 8
5 12
6 8
7 10
7 9
8 10

# Embedding 636 (with cost 5.94535e-15)
(0.126088, -0.203816, -0.061374) (-0.369157, -0.202348, -0.696975) (0.201948, -0.141631, -0.53944) (0.340899, 0.0579724, -0.355867) (-0.0490757, 0.017666, 0.224514) (-0.482294, 0.00504746, -0.0119929) (-0.621984, 0.223956, -0.56872) (0.18273, 0.222708, -0.726393) (0.339348, 0.432594, -0.388965) (-0.343569, 0.391893, 0.106906) (-0.607519, 0.264101, -0.115006) (-0.579277, 0.449045, -0.337477) (0.0526816, 0.685434, -0.512867) (-0.274802, 0.69103, -0.257686) 


# Original Graph 637 in [625, 650)
14 vertices
0 1
0 2
0 3
1 4
1 5
1 6
1 7
2 7
2 8
3 8
3 4
4 9
5 10
5 11
5 6
6 11
6 12
6 7
7 12
7 13
8 13
9 13
9 10
10 12
10 11
11 12

# Unit Distance Graph 637
14 vertices
0 10
0 11
0 12
1 7
1 13
1 9
1 10
1 12
2 5
2 11
2 10
3 6
3 12
3 11
4 6
4 7
4 12
5 8
5 13
5 7
6 9
6 13
6 8
7 10
7 9
8 11

# Embedding 637 (with cost 9.87331e-15)
(0.847948, 0.169354, 0.354069) (0.703642, 0.459923, 0.292781) (0.63261, -0.298538, 0.694004) (0.845225, -0.133184, 0.270902) (0.727395, 0.00565239, 0.0410822) (0.279701, 0.45891, 0.144706) (0.0199967, 0.213787, 0.716558) (0.255576, -0.196979, 0.899177) (0.72524, -0.406632, 0.373467) (0.234717, -0.335602, -0.0909484) (-9.04479e-05, -0.152952, -0.0665851) (-0.127599, 0.0692039, 0.158422) (-0.0918878, -0.0555831, 0.611192) (0.493025, -0.515046, 0.221536) 


# Original Graph 638 in [625, 650)
14 vertices
0 1
0 2
0 3
1 4
1 5
1 2
2 6
3 6
3 7
3 8
3 9
4 9
4 10
4 5
5 11
6 11
6 12
7 12
7 8
8 13
8 10
8 9
10 13
10 12
11 12
12 13

# Unit Distance Graph 638
14 vertices
0 10
0 12
0 13
1 7
1 8
1 13
1 12
2 8
2 10
2 13
3 4
3 5
3 11
3 12
3 10
4 7
4 12
4 6
5 8
5 7
6 10
6 8
6 9
8 11
9 12
9 11

# Embedding 638 (with cost 9.63376e-15)
(0.17622, -0.340452, -0.379741) (0.655224, -0.0868492, -0.229787) (0.476858, -0.466121, -0.289915) (-0.192778, -0.347661, -0.242758) (0.612679, 0.192198, 0.00176593) (0.76032, -0.191584, 0.0165575) (0.416419, -0.785725, 0.0735256) (-0.211558, -0.337776, 0.20117) (-0.176381, -0.0194965, 0.321481) (-0.0100541, 0.107115, -0.0712392) (0.287233, 0.105432, 0.508439) (0.652297, -0.573527, 0.241837) (0.327555, -0.571133, 0.581448) (0.126054, -0.207484, 0.610109) 


# Original Graph 639 in [625, 650)
14 vertices
0 1
0 2
0 3
1 3
1 4
1 5
2 6
2 7
2 8
2 3
3 8
4 8
4 9
4 5
5 10
5 6
6 11
7 11
7 9
8 9
9 12
9 13
10 13
10 11
11 12
12 13

# Unit Distance Graph 639
14 vertices
0 9
0 13
0 12
1 7
1 9
1 12
1 11
2 4
2 5
2 10
2 13
2 9
3 10
3 11
3 12
3 13
4 7
4 11
4 6
5 8
5 9
5 7
6 9
6 8
8 11
8 10

# Embedding 639 (with cost 9.85126e-15)
(-0.087052, -0.449892, 0.202178) (0.322703, -0.401789, 0.218944) (-0.421535, -0.521349, -0.249869) (-0.163286, -0.733135, 0.279284) (0.380164, -0.925912, 0.190139) (0.545848, -0.342597, -0.0703757) (-0.0299656, -0.342848, -0.511166) (-0.269001, -0.691314, -0.533427) (-0.129674, -1.02207, 0.215965) (0.236754, -1.27401, -0.262564) (0.556973, -0.65173, -0.409628) (0.0184826, -0.65061, -0.700588) (0.210062, -0.918685, -0.629661) (0.4561, -0.943382, -0.477127) 


# Original Graph 640 in [625, 650)
14 vertices
0 1
0 2
0 3
0 4
1 5
1 6
2 6
2 3
3 7
4 7
4 8
4 9
4 10
4 5
5 10
5 11
6 12
7 12
8 12
8 11
8 9
9 13
9 10
10 13
10 11
11 13

# Unit Distance Graph 640
14 vertices
0 8
0 9
0 13
0 11
1 4
1 9
1 8
2 9
2 10
2 13
3 10
3 11
3 13
4 6
4 12
4 8
4 11
4 5
5 8
5 12
5 7
6 10
6 9
7 11
7 10
10 12

# Embedding 640 (with cost 8.26204e-15)
(0.0990061, 0.201553, -0.246418) (0.63794, -0.311294, -0.514155) (0.551791, 0.070543, -0.166335) (0.322667, 0.166784, -0.0312538) (-0.232245, 0.0676183, -0.199188) (0.471049, -0.527995, -0.587287) (0.747969, -0.130319, -0.200711) (0.291841, 0.036896, 0.218182) (0.294015, -0.538831, 0.396858) (0.0162094, -0.707793, 0.161301) (-0.061606, -0.693504, -0.366276) (0.280514, -0.774517, -0.366181) (0.474954, -0.321456, 0.391143) (0.0427014, -0.788992, -0.121318) 


# Original Graph 641 in [625, 650)
14 vertices
0 1
0 2
0 3
0 4
1 5
1 6
2 6
2 3
3 7
4 7
4 8
4 9
4 10
5 10
5 11
6 8
6 7
7 8
8 11
8 9
9 12
9 13
10 13
11 13
11 12
12 13

# Unit Distance Graph 641
14 vertices
0 8
0 9
0 12
0 11
1 4
1 9
1 8
2 9
2 13
2 12
3 11
3 12
3 13
4 6
4 8
4 11
4 5
5 8
5 7
6 10
6 13
6 9
7 11
7 13
7 10
8 10

# Embedding 641 (with cost 9.90884e-15)
(0.579062, 0.229291, 0.240924) (0.27826, 0.467536, -0.366629) (0.395597, 0.543691, 0.085662) (0.361971, 0.435086, 0.344649) (0.48832, -0.217415, 0.331022) (0.177938, 0.240407, -0.502082) (0.247546, 0.632, -0.138575) (0.117141, 0.403362, 0.482677) (-0.418858, 0.202142, 0.299399) (-0.354819, -0.114745, 0.143429) (0.280004, -0.367458, -0.133206) (-0.162415, 0.0103312, -0.393323) (-0.238693, -0.192325, -0.150888) (0.00277393, -0.336692, -0.180076) 


# Original Graph 642 in [625, 650)
14 vertices
0 1
0 2
0 3
1 4
1 5
1 2
2 5
2 3
3 6
4 7
4 8
4 9
5 10
6 10
6 7
7 9
7 11
7 8
8 11
8 12
8 9
9 12
9 13
9 10
11 13
12 13

# Unit Distance Graph 642
14 vertices
0 9
0 13
0 12
1 7
1 11
1 13
1 9
2 8
2 12
2 13
2 11
3 8
3 9
3 12
4 6
4 7
4 9
4 10
5 7
5 8
5 11
6 9
6 8
7 10
7 9
8 10

# Embedding 642 (with cost 9.01022e-15)
(0.41448, -0.501617, 0.449262) (0.473117, -0.312815, 0.124747) (0.430856, -0.221049, 0.484946) (0.220797, -0.670399, 0.590087) (0.15909, -0.354453, -0.244631) (0.251676, -0.0107401, 0.547947) (-0.0321202, -0.794021, 0.632989) (-0.274434, -0.859883, 0.501423) (-0.228531, -0.371242, -0.251703) (-0.35593, 0.135865, 0.458464) (-0.0709777, 0.1133, 0.60876) (-0.425431, -0.708588, 0.314421) (-0.404121, -0.245425, -0.0647982) (-0.523783, -0.271026, 0.191406) 


# Original Graph 643 in [625, 650)
14 vertices
0 1
0 2
0 3
1 4
1 5
1 6
2 6
2 7
2 3
3 8
4 8
4 7
4 9
4 10
5 11
5 12
6 7
7 12
7 8
9 12
9 13
9 10
10 11
11 13
11 12
12 13

# Unit Distance Graph 643
14 vertices
0 9
0 13
0 12
1 4
1 9
1 12
1 7
2 9
2 10
2 11
2 13
3 11
3 12
3 13
4 6
4 7
4 12
4 5
5 7
5 8
6 10
6 9
7 11
7 10
8 12
8 11

# Embedding 643 (with cost 9.5247e-15)
(0.607819, -0.429618, -0.175812) (0.557344, -0.324218, -0.513727) (0.36101, -0.553141, 0.105757) (0.563728, -0.239838, 0.191756) (0.357981, 0.341573, 0.205284) (0.281298, -0.147365, -0.663658) (0.0879718, -0.607806, 0.0447395) (-0.161569, -0.511427, 0.155689) (0.464942, 0.0671586, 0.295641) (0.0531898, 0.389026, -0.0267861) (0.127002, 0.328896, -0.303206) (0.0752759, 0.066447, -0.625315) (-0.373087, -0.235948, -0.158049) (-0.18586, 0.156623, -0.338279) 


# Original Graph 644 in [625, 650)
14 vertices
0 1
0 2
0 3
1 4
1 5
2 5
2 6
2 3
3 7
4 8
4 9
4 10
5 6
6 10
6 7
7 8
8 10
8 11
8 12
9 12
9 13
9 10
10 13
10 11
11 13
11 12

# Unit Distance Graph 644
14 vertices
0 10
0 11
0 13
1 8
1 11
1 10
2 9
2 13
2 11
2 12
3 9
3 10
3 13
4 6
4 7
4 8
4 10
5 8
5 12
5 11
6 9
6 12
6 8
7 10
7 9
8 10

# Embedding 644 (with cost 8.96934e-15)
(0.369697, 0.0234047, -0.648595) (0.0665576, 0.20233, -0.605963) (0.466746, -0.276614, -0.663162) (0.653061, -0.186305, -0.413242) (-0.121228, 0.302227, -0.38069) (0.176437, -0.357182, -0.719664) (0.0632485, -0.670712, -0.519826) (0.688412, -0.221087, -0.114935) (0.562285, -0.162569, 0.182138) (-0.219876, 0.197246, -0.111794) (-0.193236, -0.681727, -0.217439) (0.120041, -0.268244, 0.274775) (0.0531605, 0.0290796, 0.19445) (-0.200931, -0.362436, 0.0763256) 


# Original Graph 645 in [625, 650)
14 vertices
0 1
0 2
0 3
1 3
1 4
1 5
2 6
2 7
2 8
3 8
4 8
4 9
4 10
5 10
5 11
5 12
5 6
6 7
7 12
7 9
9 13
9 11
9 10
11 13
11 12
12 13

# Unit Distance Graph 645
14 vertices
0 9
0 11
0 13
1 7
1 9
1 13
1 12
2 5
2 11
2 9
2 10
3 11
3 12
3 13
4 5
4 6
4 7
4 12
5 8
5 9
5 7
6 10
6 9
7 10
8 12
8 11

# Embedding 645 (with cost 9.11505e-15)
(-0.421348, 0.153947, 0.446345) (-0.651837, -0.276162, 0.357117) (-0.297814, 0.387586, 0.345054) (-0.426196, -0.126784, 0.480828) (0.0758452, -0.377306, 0.228401) (-0.861976, -0.301183, -0.110269) (-0.645338, 0.286485, 0.030217) (-0.251911, 0.490392, -0.145331) (-0.0139855, -0.174128, 0.404289) (0.124273, -0.27518, -0.273479) (-0.00492131, -0.47542, -0.0665707) (-0.393606, -0.107565, -0.518456) (-0.343177, 0.223979, -0.451949) (-0.114992, -0.106338, -0.469295) 


# Original Graph 646 in [625, 650)
14 vertices
0 1
0 2
0 3
1 3
1 4
1 5
2 6
2 7
3 7
4 7
4 8
4 5
5 8
5 9
5 10
6 10
6 11
7 8
8 11
8 12
8 9
9 12
9 13
10 13
11 13
12 13

# Unit Distance Graph 646
14 vertices
0 8
0 9
0 12
1 8
1 12
1 13
1 11
2 5
2 9
2 8
3 9
3 13
3 12
4 6
4 11
4 13
4 10
5 7
5 8
5 11
5 6
6 8
7 10
7 13
7 9
8 10

# Embedding 646 (with cost 9.94372e-15)
(0.0190578, 0.0276069, 0.0182902) (-0.256668, 0.229388, -0.390867) (-0.0141993, -0.167309, 0.241112) (-0.0529123, 0.306287, 0.0384249) (-0.443529, 0.538491, -0.0441258) (-0.633367, 0.0713057, -0.507015) (-0.206737, -0.378181, 0.277809) (-0.185547, 0.442129, 0.306586) (-0.817718, 0.400777, 0.418979) (-0.97466, -0.076741, -0.0221606) (-0.506493, -0.457951, 0.0118852) (-0.483579, -0.366454, 0.379512) (-0.943675, -0.0892826, 0.26218) (-0.766775, -0.367819, 0.228112) 


# Original Graph 647 in [625, 650)
14 vertices
0 1
0 2
0 3
1 4
1 5
2 5
2 3
3 6
4 7
4 8
5 8
5 6
6 9
7 10
7 11
7 8
8 11
8 12
8 13
8 10
8 9
9 10
10 13
11 13
11 12
12 13

# Unit Distance Graph 647
14 vertices
0 8
0 13
0 12
1 8
1 10
1 13
2 11
2 12
2 13
3 8
3 12
3 11
4 8
4 9
4 10
5 7
5 11
5 13
5 10
6 7
6 8
6 11
7 9
7 8
8 10
8 9

# Embedding 647 (with cost 9.30749e-15)
(-0.381851, -0.154958, -0.436834) (-0.634568, -0.248713, -0.351008) (-0.13539, -0.24157, -0.328148) (-0.168751, 0.0284344, -0.405761) (-0.85023, -0.208589, -0.172444) (-0.031867, -0.397768, -0.115992) (-0.0572257, 0.248152, -0.266827) (-0.958857, -0.0566628, 0.0400102) (-0.135835, -0.38233, 0.505386) (-0.0968781, 0.439789, -0.0625946) (-0.265851, 0.539853, 0.141142) (-0.788783, 0.0291316, 0.378815) (-0.550669, 0.0979342, 0.515819) (-0.428643, 0.339132, 0.431317) 


# Original Graph 648 in [625, 650)
14 vertices
0 1
0 2
0 3
1 3
1 4
1 5
2 5
2 6
2 7
3 7
4 7
4 8
4 5
5 8
5 9
5 10
5 6
6 11
8 12
9 12
9 13
9 10
10 13
10 11
11 12
12 13

# Unit Distance Graph 648
14 vertices
0 9
0 13
0 12
1 10
1 11
1 12
1 13
2 5
2 9
2 12
2 8
3 9
3 10
3 13
4 5
4 6
4 11
4 10
5 7
5 8
5 12
5 11
5 6
6 8
7 10
7 9

# Embedding 648 (with cost 9.99626e-15)
(0.366542, 0.395624, -0.218428) (0.428172, -0.0254188, -0.323965) (0.278674, 0.582308, -0.0247119) (0.289038, 0.204567, -0.413048) (-0.176823, -0.0428226, -0.522048) (0.365268, -0.375411, 0.249653) (0.106069, 0.58911, 0.199501) (0.0195625, 0.175431, -0.509992) (-0.390141, -0.0907092, -0.340518) (-0.105125, -0.242892, 0.389707) (-0.169907, 0.0940533, 0.468516) (-0.134085, 0.487748, 0.324515) (-0.525491, -0.0120955, -0.0233855) (-0.341057, -0.0695375, 0.313482) 


# Original Graph 649 in [625, 650)
14 vertices
0 1
0 2
0 3
1 3
1 4
1 5
2 6
2 7
3 7
4 7
4 8
5 8
5 9
5 10
5 11
5 12
5 6
6 12
8 9
9 12
9 13
9 10
10 13
10 11
11 13
11 12

# Unit Distance Graph 649
14 vertices
0 9
0 10
0 13
1 9
1 13
1 11
1 12
2 5
2 10
2 9
3 10
3 11
3 13
4 5
4 12
4 11
5 7
5 8
5 9
5 12
5 6
6 9
6 8
7 11
7 10
8 12

# Embedding 649 (with cost 9.61155e-15)
(0.0873829, -0.166559, -0.144612) (-0.240218, 0.114985, 0.0623754) (0.194841, -0.277836, -0.381421) (-0.115131, -0.138444, 0.0508368) (-0.475071, -0.554074, -0.132002) (-0.478953, 0.44237, -0.216178) (0.186674, -0.169948, -0.642802) (-0.202805, -0.507711, -0.0709588) (-0.687465, -0.530408, -0.317303) (-0.772367, -0.444497, -0.573075) (-0.673014, 0.045788, -0.758376) (-0.24347, 0.000764002, -0.931075) (0.0318193, -0.112872, -0.872545) (-0.704856, -0.235167, -0.750954) 
