# Original Graph 100 in [100, 125)
14 vertices
0 1
0 2
0 3
0 4
0 5
1 6
1 7
1 8
1 9
2 10
2 3
3 10
3 4
4 8
5 11
5 6
6 11
6 12
6 7
7 13
8 11
8 9
9 10
11 13
11 12
12 13

# Unit Distance Graph
14 vertices
0 1
0 8
0 11
0 13
0 7
1 5
1 11
1 8
1 4
2 11
2 12
2 13
3 6
3 7
3 13
3 12
4 7
4 6
5 9
5 8
6 8
6 9
6 10
9 11
10 12
10 11

# Embedding (with cost 9.85611e-15)
(0.436109, -0.0865728, 0.0853893) (-0.427113, -0.107062, 0.589798) (0.280075, -0.322162, 0.0976766) (0.0902302, -0.456225, -0.0635249) (-0.108816, -0.321945, -0.333518) (0.381339, 0.190898, 0.0822293) (0.0490848, 0.506488, 0.203851) (-0.448798, 0.225495, 0.431153) (-0.431876, -0.11939, -0.410115) (-0.368089, -0.374645, 0.426494) (-0.144384, -0.47142, 0.282999) (-0.396994, 0.273517, -0.33446) (-0.338786, 0.447069, -0.0613634) (-0.462693, 0.343382, 0.170792) 
# Original Graph 101 in [100, 125)
14 vertices
0 1
0 2
0 3
0 4
1 5
1 6
2 7
2 8
3 9
3 10
4 10
4 11
5 11
5 12
5 10
5 6
6 9
6 13
7 13
7 8
8 9
9 13
9 10
10 12
10 11
11 12

# Unit Distance Graph
14 vertices
0 5
0 6
0 9
0 10
1 3
1 10
1 9
2 5
2 10
2 12
3 6
3 5
4 6
4 13
4 9
5 9
5 8
6 10
7 10
7 11
7 12
8 12
8 11
9 11
10 13
11 13

# Embedding (with cost 8.41665e-15)
(0.622025, 0.465086, -0.050179) (-0.145803, 0.351919, 0.296906) (0.662984, 0.408319, 0.224717) (0.635908, -0.200549, 0.00758574) (0.43844, 0.332445, -0.230096) (-0.295266, 0.129025, 0.163457) (-0.0564992, 0.173994, 0.624262) (0.439491, 0.260878, 0.607397) (0.662191, 0.220737, 0.437072) (0.508101, -0.386557, 0.461411) (0.290781, -0.478458, -0.0493117) (-0.0607579, 0.0536213, -0.233314) (-0.0341482, -0.211207, -0.136109) (0.207579, 0.148441, 0.725333) 
# Original Graph 102 in [100, 125)
14 vertices
0 1
0 2
0 3
0 4
0 5
1 6
1 7
1 8
2 9
2 3
3 9
3 10
4 10
4 7
4 11
4 12
4 5
5 12
6 12
6 11
7 11
8 10
8 13
9 13
9 10
10 13

# Unit Distance Graph
14 vertices
0 1
0 8
0 10
0 4
0 7
1 4
1 10
1 3
2 4
2 11
2 7
3 7
3 11
3 6
4 9
4 13
4 8
5 8
5 13
5 10
6 10
6 9
9 12
9 11
10 12
12 13

# Embedding (with cost 9.8257e-15)
(-0.481324, -0.271351, 0.119694) (0.189991, 0.433141, -0.110582) (-0.333533, -0.387286, -0.0925748) (-0.104921, -0.517881, -0.203232) (0.417453, -0.274773, 0.558088) (-0.325338, -0.165436, 0.383291) (0.120399, 0.265089, 0.376585) (0.366542, 0.245365, 0.238557) (0.291974, 0.18391, -0.321609) (0.0847629, -0.390326, -0.377842) (0.451697, -0.53184, -0.128535) (0.366194, 0.0405437, 0.479565) (-0.043568, 0.0639361, 0.503734) (0.266575, -0.150036, -0.422563) 
# Original Graph 103 in [100, 125)
14 vertices
0 1
0 2
0 3
0 4
0 5
1 6
1 7
1 8
1 2
2 9
2 10
3 11
3 12
4 9
4 8
5 8
5 13
6 13
6 7
7 8
8 13
9 12
9 11
9 10
10 11
11 12

# Unit Distance Graph
14 vertices
0 1
0 2
0 9
0 4
0 8
1 4
1 9
1 12
1 3
2 5
2 8
2 4
3 8
3 7
5 10
5 9
6 9
6 11
6 12
7 12
7 11
8 11
8 10
9 13
10 13
11 13

# Embedding (with cost 8.80159e-15)
(-0.399189, 0.301049, -0.358379) (0.313691, -0.0111162, 0.269597) (0.188397, -0.276328, 0.208522) (-0.396698, 0.0282681, -0.433109) (0.473948, -0.0287875, -0.71732) (-0.106684, 0.490906, -0.360932) (0.364859, 0.290685, 0.0684996) (0.537391, 0.247719, -0.151471) (0.575261, 0.220781, -0.56815) (0.257096, -0.393747, -0.652569) (-0.000505355, -0.48023, -0.147344) (-0.157418, -0.433698, -0.381496) (-0.272626, -0.212336, -0.515096) (0.15081, 0.505022, -0.227225) 
# Original Graph 104 in [100, 125)
14 vertices
0 1
0 2
0 3
0 4
0 5
0 6
1 7
1 8
1 5
1 2
2 9
3 10
3 11
4 12
4 5
5 8
5 7
5 6
6 7
7 8
9 12
9 13
10 13
10 11
11 12
12 13

# Unit Distance Graph
14 vertices
0 1
0 2
0 9
0 12
0 4
0 5
1 4
1 12
1 11
1 3
2 5
2 4
3 5
3 8
5 10
5 13
5 9
6 9
6 13
6 12
7 10
7 11
7 12
7 13
8 11
8 10

# Embedding (with cost 6.01347e-15)
(-0.61862, -0.121417, 0.352514) (-0.437802, 0.541854, -0.373693) (-0.382722, 0.298678, -0.52377) (-0.442648, -0.284508, 0.189425) (0.315396, 0.193833, 0.184494) (0.152822, 0.512123, 0.293319) (-0.548213, 0.290759, 0.371134) (-0.447076, 0.594628, 0.139271) (-0.34289, 0.659921, -0.123786) (-0.184667, 0.0568736, -0.530604) (-0.176016, -0.325886, -0.14212) (0.0708695, -0.245009, -0.0242643) (0.297973, -0.0477126, -0.0404566) (-0.0936367, -0.180187, -0.384889) 
# Original Graph 105 in [100, 125)
14 vertices
0 1
0 2
0 3
0 4
0 5
0 6
1 7
1 2
2 4
2 8
3 9
3 10
4 10
4 8
4 5
5 11
6 11
6 12
7 12
7 13
7 11
8 9
9 10
11 13
11 12
12 13

# Unit Distance Graph
14 vertices
0 1
0 2
0 4
0 5
0 11
0 7
1 5
1 4
2 6
2 11
2 5
3 7
3 11
3 13
4 7
4 12
4 6
6 8
7 10
8 12
8 11
9 11
9 12
9 13
10 13
10 12

# Embedding (with cost 7.12483e-15)
(-0.364834, 0.368803, 0.615315) (0.45533, 0.547456, 0.0717957) (0.583641, 0.383861, 0.298823) (-0.0949355, 0.178074, 0.72649) (0.24389, -0.384499, 0.366334) (-0.0490676, -0.30733, -0.0503696) (-0.404607, 0.345578, 0.150833) (0.247989, 0.459714, -0.169658) (0.521502, 0.17565, 0.487652) (0.288461, 0.058004, 0.666695) (0.211438, -0.20071, 0.580345) (-0.114481, -0.0919759, -0.236158) (-0.247629, 0.329192, -0.13272) (0.00351166, 0.297397, -0.261472) 
# Original Graph 106 in [100, 125)
14 vertices
0 1
0 2
0 3
0 4
0 5
0 6
1 7
1 8
2 9
2 3
3 9
3 4
4 10
4 8
4 5
5 11
5 12
5 13
5 6
6 13
7 13
7 11
8 10
9 10
11 12
12 13

# Unit Distance Graph
14 vertices
0 1
0 8
0 4
0 5
0 11
0 7
1 5
1 4
2 5
2 12
2 11
3 7
3 11
3 12
3 13
4 7
4 13
4 6
5 9
5 10
5 8
6 8
6 10
9 13
9 12
10 13

# Embedding (with cost 7.49972e-15)
(-0.573002, -0.0361799, -0.604973) (0.367415, -0.376088, -0.613806) (-0.348497, 0.1392, -0.417096) (-0.224735, 0.160278, -0.163552) (-0.0841459, -0.177031, 0.255946) (-0.2933, -0.750004, 0.0370721) (-0.573267, -0.327781, -0.603144) (0.235602, -0.623982, -0.579516) (0.397069, -0.181649, -0.410547) (0.0420111, 0.145202, -0.25648) (0.291649, 0.0138995, -0.235483) (0.0776328, -0.765115, -0.39207) (-0.166934, -0.832668, -0.267074) (-0.25548, -0.769033, -0.531568) 
# Original Graph 107 in [100, 125)
14 vertices
0 1
0 2
0 3
0 4
0 5
0 6
1 7
1 8
1 2
2 9
2 10
3 11
3 4
4 11
4 9
5 9
5 12
6 12
6 7
7 12
7 13
8 13
8 12
9 10
10 11
12 13

# Unit Distance Graph
14 vertices
0 1
0 2
0 9
0 5
0 12
0 8
1 5
1 9
1 4
2 6
2 12
2 5
3 8
3 12
3 13
4 8
4 13
4 7
6 10
6 9
7 9
7 10
7 11
10 12
11 13
11 12

# Embedding (with cost 8.85527e-15)
(-0.556011, -0.0955524, 0.750301) (-0.267087, -0.906206, 0.241023) (-0.389345, -0.748751, 0.0116848) (-0.569712, -0.0164492, 0.431618) (-0.345349, 0.0846976, 0.131546) (0.324854, -0.101027, 0.276964) (-0.261093, -0.278983, 0.885109) (-0.00817334, -0.572355, 0.805783) (0.0500013, -0.799581, 0.38004) (0.0843123, -0.00494367, -0.0124419) (-0.43099, -0.428508, -0.0889433) (-0.500693, -0.147086, 0.0464598) (0.381208, -0.321335, 0.484511) (0.211026, -0.628362, 0.558152) 
# Original Graph 108 in [100, 125)
14 vertices
0 1
0 2
0 3
0 4
0 5
1 6
1 7
1 8
2 9
2 10
3 10
3 11
4 11
4 7
4 12
4 6
4 5
5 6
6 12
6 7
7 12
8 11
8 13
9 13
9 10
11 13

# Unit Distance Graph
14 vertices
0 1
0 8
0 11
0 4
0 7
1 4
1 11
1 3
2 4
2 12
2 7
3 7
3 6
4 9
4 13
4 8
5 8
5 13
5 11
6 11
6 13
6 9
6 10
7 10
9 12
10 12

# Embedding (with cost 9.97008e-15)
(0.468397, 0.280246, -0.538018) (-0.259839, 0.64202, 0.0440397) (0.220138, 0.240545, -0.6676) (-0.0874209, -0.159578, -0.528422) (0.0413919, -0.305531, 0.150845) (0.515092, 0.274145, -0.0735096) (0.310388, 0.336263, 0.243517) (-0.12979, 0.481895, 0.237553) (-0.452848, 0.486248, -0.208061) (-0.18902, 0.286514, -0.62142) (-0.00832639, 0.0737994, -0.66727) (-0.274299, -0.317693, -0.236569) (0.112026, 0.150742, 0.322475) (-0.40652, 0.35342, -0.453439) 
# Original Graph 109 in [100, 125)
14 vertices
0 1
0 2
0 3
0 4
0 5
1 6
1 4
1 7
2 8
2 3
3 9
4 9
4 7
4 10
5 10
5 11
6 11
6 12
6 13
7 8
8 9
10 13
10 12
10 11
11 12
12 13

# Unit Distance Graph
14 vertices
0 1
0 4
0 10
0 13
0 6
1 5
1 10
1 4
2 10
2 12
2 13
3 6
3 13
3 12
4 6
4 11
4 5
5 7
6 9
7 11
7 10
8 10
8 11
8 12
9 12
9 11

# Embedding (with cost 9.98687e-15)
(0.227536, 0.0871779, -0.344284) (0.427685, -0.243061, 0.578149) (0.458008, -0.288883, -0.149803) (0.282287, -0.190288, -0.348325) (-0.249235, -0.715605, 0.0138076) (-0.0124028, 0.236167, -0.181235) (0.196503, -0.0774677, 0.64158) (0.503163, -0.429553, 0.358218) (0.51172, -0.45023, 0.0762553) (0.0448142, -0.653033, -0.161983) (-0.480271, -0.382823, 0.183077) (-0.175426, 0.273103, 0.144229) (-0.248962, 0.0763424, 0.455841) (-0.355876, -0.183262, 0.421544) 
# Original Graph 110 in [100, 125)
14 vertices
0 1
0 2
0 3
0 4
0 5
1 6
1 2
2 7
3 7
3 8
3 9
3 10
3 11
4 11
4 12
4 5
5 12
6 13
6 9
6 7
7 8
8 9
10 13
10 11
11 13
12 13

# Unit Distance Graph
14 vertices
0 3
0 10
0 13
0 6
0 9
1 3
1 11
1 10
2 10
2 11
2 13
3 6
3 13
3 12
3 5
4 6
4 7
4 8
4 9
5 9
5 8
6 11
7 12
7 13
7 11
8 12

# Embedding (with cost 8.77951e-15)
(0.092974, -0.674671, -0.582417) (0.141335, -0.692791, -0.0954154) (-0.0201929, -0.873209, -0.24988) (-0.788923, -0.354167, -0.236677) (-0.0806406, -0.119258, -0.647214) (0.144037, -0.366354, -0.596451) (0.028949, -0.27917, 0.333815) (-0.254278, -0.879655, -0.021398) (-0.533861, -0.609295, 0.0974031) (-0.347844, -0.404, 0.273397) (-0.645066, -0.092531, -0.241228) (-0.495325, -0.0234993, -0.478447) (0.148334, -0.0196731, -0.334982) (0.0584137, 0.0634872, 0.0913255) 
# Original Graph 111 in [100, 125)
14 vertices
0 1
0 2
0 3
0 4
0 5
1 6
1 7
2 8
2 3
3 9
4 9
4 10
4 11
4 12
4 5
5 12
5 13
5 6
6 7
7 13
8 13
8 11
9 11
9 10
10 11
12 13

# Unit Distance Graph
14 vertices
0 4
0 12
0 13
0 8
0 11
1 4
1 11
1 10
2 4
2 5
2 12
3 5
3 13
3 12
4 8
4 13
4 7
5 9
5 11
5 8
6 9
6 10
6 11
7 10
7 9
9 13

# Embedding (with cost 9.94125e-15)
(-0.926855, 0.26915, -0.0619882) (-0.924899, 0.0751069, 0.15169) (-0.76406, -0.167881, -0.374523) (-0.676815, 0.131557, -0.427735) (0.0633666, 0.193572, 0.0552657) (-0.416986, 0.0598269, 0.535252) (-0.770636, -0.106571, 0.394356) (-0.71381, -0.377029, 0.320617) (-0.472022, -0.609804, -0.205401) (-0.275129, 0.077715, -0.454474) (0.00846917, 0.0698821, -0.207192) (-0.144509, -0.27377, -0.367228) (-0.0813757, -0.0709265, 0.34973) (-0.523965, -0.59352, 0.243755) 
# Original Graph 112 in [100, 125)
14 vertices
0 1
0 2
0 3
0 4
1 5
1 3
1 6
2 7
2 8
3 8
3 9
3 10
4 10
4 11
4 12
5 12
5 13
5 10
6 9
6 7
7 9
7 8
10 13
10 11
11 12
12 13

# Unit Distance Graph
14 vertices
0 1
0 3
0 10
0 5
1 4
1 10
1 3
2 5
2 10
2 13
3 5
3 12
3 4
4 6
4 9
5 8
6 11
6 10
7 10
7 11
7 12
7 13
8 13
8 12
9 12
9 11

# Embedding (with cost 9.75563e-15)
(0.327404, 0.137696, -0.562323) (-0.0223003, -0.00262641, 0.363969) (0.0941507, 0.366796, -0.451779) (-0.622926, -0.140883, -0.423517) (0.36971, -0.175498, -0.539603) (0.0536642, -0.295411, 0.296447) (-0.133927, 0.243211, 0.216064) (-0.140589, 0.45792, -0.203054) (-0.317256, 0.311778, -0.406219) (-0.36359, 0.302573, -0.0561576) (-0.451896, -0.469854, -0.408783) (0.151222, -0.473565, -0.420272) (0.295697, -0.441152, -0.16667) (0.0540899, -0.48312, 0.0736134) 
# Original Graph 113 in [100, 125)
14 vertices
0 1
0 2
0 3
0 4
0 5
1 6
1 2
2 3
3 6
3 7
3 4
4 7
4 6
4 8
4 9
5 10
5 11
6 12
6 7
8 13
8 9
9 13
9 10
10 11
11 12
12 13

# Unit Distance Graph
14 vertices
0 4
0 8
0 13
0 12
0 6
1 4
1 9
1 8
2 8
2 9
2 13
3 9
3 10
3 11
3 12
3 13
4 6
4 12
4 11
4 5
5 6
5 7
6 10
6 9
7 11
7 10

# Embedding (with cost 9.326e-15)
(-0.0888159, 0.31926, 1.10768) (0.12408, 0.0318726, 0.577997) (0.162384, 0.417807, 0.753484) (0.100638, 0.635909, 0.488335) (-0.517346, 0.752496, 0.314797) (-0.373298, 0.172106, 1.11629) (-0.0625149, -0.132581, 0.215972) (-0.0468015, 0.542417, 0.246656) (-0.765825, 0.443927, 0.382344) (-0.829367, 0.318093, 0.672952) (-0.666506, 0.186663, 0.946231) (-0.494108, -0.037318, 0.927703) (-0.361156, -0.235209, 0.321302) (-0.634827, -0.0261995, 0.344447) 
# Original Graph 114 in [100, 125)
14 vertices
0 1
0 2
0 3
0 4
0 5
1 6
1 2
2 6
2 7
2 8
2 3
3 8
3 9
3 10
3 11
3 4
4 11
4 5
5 12
6 7
7 13
8 13
9 12
9 10
10 11
12 13

# Unit Distance Graph
14 vertices
0 3
0 9
0 12
0 13
0 8
1 3
1 10
1 9
2 4
2 5
2 12
2 9
2 10
2 11
3 6
3 7
3 13
3 12
3 5
4 8
4 13
4 7
5 8
6 11
6 10
7 11

# Embedding (with cost 9.77679e-15)
(0.0172652, -0.609379, 0.137006) (-0.256111, -0.637244, 0.307466) (-0.708908, -0.621185, 0.233173) (-0.633166, -0.274221, -0.544616) (0.0445745, -0.208428, -0.278585) (0.101416, -0.0514182, 0.0962795) (-0.502446, -0.521386, 0.4155) (-0.636347, -0.216718, 0.453724) (-0.888787, -0.190086, 0.0798846) (-0.394292, 0.277888, -0.071268) (-0.356271, 0.120855, -0.336936) (-0.176984, -0.0887052, -0.425251) (-0.356986, 0.314667, 0.214947) (-0.638919, 0.104765, 0.380769) 
# Original Graph 115 in [100, 125)
14 vertices
0 1
0 2
0 3
0 4
1 5
1 3
1 6
2 7
2 8
3 8
3 9
3 6
3 10
4 10
4 11
5 12
5 13
5 10
6 9
7 9
7 8
10 13
10 12
10 11
11 12
12 13

# Unit Distance Graph
14 vertices
0 1
0 3
0 10
0 5
1 4
1 10
1 3
2 5
2 10
2 13
3 5
3 12
3 11
3 4
4 6
5 8
6 11
6 10
7 10
7 12
7 13
8 13
8 12
9 10
9 11
9 12

# Embedding (with cost 9.08222e-15)
(0.00385274, -0.0263362, -0.0206648) (0.775721, 0.318803, 0.513282) (0.0882239, 0.224484, -0.120644) (-0.0148659, 0.906145, 0.340069) (-0.0966979, -0.0852967, 0.238347) (0.608539, 0.230328, 0.73331) (0.708798, 0.503065, 0.309104) (0.276264, 0.470607, -0.0955535) (0.0739524, 0.645304, -0.00290464) (0.541181, 0.576717, 0.0930158) (-0.160787, 0.516773, 0.802698) (-0.0767372, -0.0723802, 0.536694) (0.0707588, 0.00512631, 0.765316) (0.268469, 0.182764, 0.862092) 
# Original Graph 116 in [100, 125)
14 vertices
0 1
0 2
0 3
0 4
0 5
0 6
1 6
1 7
1 8
1 2
2 3
3 9
4 7
4 10
5 11
5 12
6 12
6 11
6 13
7 9
7 8
8 9
10 13
10 11
11 13
11 12

# Unit Distance Graph
14 vertices
0 1
0 7
0 4
0 10
0 13
0 6
1 5
1 11
1 10
1 4
2 10
2 11
2 13
3 6
3 13
3 11
4 6
5 8
5 7
6 7
6 9
7 12
8 12
8 11
9 11
9 12

# Embedding (with cost 9.67632e-15)
(-0.640147, -0.31946, -0.136694) (-0.226619, 0.36181, 0.467347) (-0.539523, -0.0515189, -0.137834) (-0.272547, -0.0300541, -0.232489) (0.340013, -0.353601, 0.0585497) (-0.563649, -0.514998, 0.124391) (-0.300857, -0.0573634, 0.766737) (0.320762, -0.070058, -0.01648) (0.116061, 0.215198, 0.0550504) (0.00277932, 0.0483121, -0.180173) (0.248915, -0.498686, 0.28455) (-0.0979293, -0.626335, 0.551065) (-0.364812, -0.486689, 0.580517) (-0.0710168, -0.37684, 0.683548) 
# Original Graph 117 in [100, 125)
14 vertices
0 1
0 2
0 3
0 4
0 5
1 6
1 7
1 8
2 9
2 10
3 10
3 9
3 7
3 11
4 11
4 5
5 11
5 12
6 12
6 13
6 11
7 8
8 9
9 10
11 13
12 13

# Unit Distance Graph
14 vertices
0 1
0 7
0 3
0 11
0 6
1 4
1 11
1 3
2 6
2 11
2 13
3 6
3 12
3 5
4 8
4 7
5 7
5 8
5 9
6 10
8 11
9 12
9 13
9 11
10 13
10 12

# Embedding (with cost 8.18717e-15)
(-0.193918, 0.666418, -0.107442) (-0.421529, -0.0161012, 0.58708) (-0.377359, 0.295275, -0.243217) (0.317666, -0.191671, -0.0631249) (0.204073, 0.570262, 0.0724911) (0.0208437, 0.717089, 0.23022) (-0.213427, 0.115176, 0.726675) (-0.367516, -0.193304, 0.372914) (-0.512431, -0.124039, 0.140093) (-0.472418, -0.072345, -0.13514) (-0.175916, -0.0871605, -0.251922) (0.48205, -0.0207818, 0.158684) (-0.0243586, 0.571576, 0.485029) (0.031434, 0.245488, 0.668051) 
# Original Graph 118 in [100, 125)
14 vertices
0 1
0 2
0 3
0 4
0 5
1 6
1 7
1 8
2 9
2 10
3 10
3 8
3 7
3 11
4 11
4 5
5 12
6 12
6 13
6 11
7 8
8 9
9 10
11 13
11 12
12 13

# Unit Distance Graph
14 vertices
0 1
0 7
0 3
0 11
0 6
1 4
1 11
1 3
2 6
2 11
2 13
3 6
3 12
3 5
4 8
4 7
5 7
5 8
6 10
8 12
8 11
9 11
9 12
9 13
10 13
10 12

# Embedding (with cost 9.96203e-15)
(-0.0391641, 0.900887, -0.0818431) (-0.329754, -0.029176, -0.306653) (0.172693, 0.697142, -0.0630386) (-0.0457823, 0.194317, 0.625769) (-0.30121, 0.878259, 0.112569) (-0.5323, 0.771798, -0.0298349) (-0.608012, 0.0861423, -0.194107) (-0.0292622, -0.0838339, 0.0920139) (0.0861819, -0.00396251, -0.155038) (0.220162, 0.25534, -0.115184) (0.260614, 0.466689, 0.123183) (-0.452961, 0.322622, 0.621279) (-0.726151, 0.560644, -0.00897699) (-0.730076, 0.344542, 0.183297) 
# Original Graph 119 in [100, 125)
14 vertices
0 1
0 2
0 3
0 4
0 5
1 6
1 7
1 8
2 9
2 3
3 10
4 10
4 7
4 6
4 11
4 5
5 11
5 6
6 11
6 7
8 10
8 12
9 12
9 13
10 13
12 13

# Unit Distance Graph
14 vertices
0 1
0 8
0 10
0 4
0 7
1 4
1 10
1 3
2 4
2 6
2 7
3 7
3 6
4 9
4 12
4 8
5 8
5 12
5 13
5 10
6 10
6 13
6 9
9 11
11 13
11 12

# WARNING: failed to find good embedding
# Embedding (with cost 0.065574)
(-0.305581, -0.694986, 0.107249) (-0.782074, 0.17947, 0.054801) (-0.01124, -0.19724, 0.339053) (0.17873, -0.111617, 0.147793) (-0.0455587, -0.0504598, -0.582053) (-0.474013, -0.218872, -0.518486) (-0.587844, 0.0359339, -0.472478) (-0.703242, 0.144858, -0.238343) (-0.297384, 0.281534, 0.327659) (-0.284048, -0.219776, 0.410242) (0.209633, 0.16587, 0.102564) (-0.320009, 0.0145568, -0.560838) (-0.173896, 0.0407356, 0.409919) (-0.146624, -0.443131, 0.304285) 
# Original Graph 120 in [100, 125)
14 vertices
0 1
0 2
0 3
0 4
0 5
0 6
1 7
1 8
1 9
2 10
2 3
3 10
3 11
3 12
4 12
4 5
5 6
6 12
6 13
7 13
7 12
8 11
8 9
9 11
9 10
12 13

# Unit Distance Graph
14 vertices
0 1
0 8
0 11
0 3
0 12
0 7
1 4
1 12
1 3
2 7
2 12
2 13
3 7
3 13
3 6
4 9
4 8
5 8
5 9
5 11
6 11
6 9
6 10
9 12
10 13
10 12

# Embedding (with cost 9.14632e-15)
(-0.176476, 0.71435, 0.557564) (0.310357, 0.115234, -0.0780875) (-0.269956, 0.804542, 0.102141) (-0.635371, 0.380484, -0.265813) (-0.486043, 0.212284, 0.518845) (-0.285475, 0.406827, 0.626128) (-0.168448, 0.0127291, 0.538388) (0.176711, -0.0898738, 0.0795657) (0.130512, 0.240766, -0.267952) (-0.049862, 0.468531, -0.343758) (-0.238741, 0.705004, -0.179814) (-0.346506, 0.386686, -0.371805) (-0.608462, -0.127232, 0.233331) (0.0038584, -0.135789, 0.304142) 
# Original Graph 121 in [100, 125)
14 vertices
0 1
0 2
0 3
0 4
1 5
1 3
1 6
2 7
2 8
3 8
3 5
3 9
3 4
4 10
5 11
6 8
6 12
7 12
7 13
7 8
8 13
8 12
9 11
9 10
10 11
12 13

# Unit Distance Graph
14 vertices
0 1
0 6
0 8
0 3
1 3
1 8
1 2
2 3
2 5
3 7
3 12
3 6
4 6
4 12
4 8
5 8
5 7
7 9
7 11
8 11
8 10
9 13
9 12
10 12
10 13
11 13

# Embedding (with cost 8.34188e-15)
(0.398627, -0.477724, 0.186427) (0.480289, 0.484489, -0.0733385) (0.128469, -0.442026, 0.060049) (0.0431141, 0.235247, 0.790812) (0.467046, -0.314751, 0.431422) (0.532093, 0.458914, 0.219404) (0.19937, 0.432323, -0.177044) (-0.0982886, -0.263712, -0.0641995) (-0.406714, 0.114844, 0.203406) (0.339284, 0.187803, 0.713402) (0.512368, -0.0271539, 0.570998) (0.536559, 0.264266, 0.499899) (-0.0515632, 0.256823, -0.204462) (-0.237696, 0.0297388, -0.0879152) 
# Original Graph 122 in [100, 125)
14 vertices
0 1
0 2
0 3
0 4
1 5
1 3
1 6
2 7
2 3
3 7
3 8
3 6
3 9
4 9
4 10
5 11
5 9
6 8
6 7
7 8
9 11
9 12
10 12
10 13
11 13
12 13

# Unit Distance Graph
14 vertices
0 1
0 3
0 9
0 5
1 4
1 9
1 3
2 5
2 9
2 11
3 5
3 11
3 13
3 10
3 4
4 6
6 10
6 12
6 9
7 9
7 12
7 13
7 11
8 10
8 13
8 12

# Embedding (with cost 8.64233e-15)
(0.500709, -0.35768, 0.0483128) (-0.370151, -0.682024, -0.321017) (0.511855, -0.375646, -0.233843) (0.0698876, 0.125442, -0.713912) (0.328822, -0.190813, 0.198742) (-0.477826, -0.468982, -0.125125) (-0.130257, -0.606038, -0.586646) (0.335467, -0.436079, -0.550586) (0.0850439, -0.449017, -0.68153) (-0.226563, 0.295054, -0.163849) (0.0649079, -0.108223, 0.258393) (-0.43701, -0.256909, 0.0586567) (-0.186394, 0.132026, 0.085745) (-0.236348, -0.11912, 0.206093) 
# Original Graph 123 in [100, 125)
14 vertices
0 1
0 2
0 3
0 4
0 5
1 6
1 7
1 8
2 9
2 3
3 10
3 7
3 11
4 11
4 5
5 12
5 13
6 13
6 11
7 8
8 10
8 9
9 10
11 13
11 12
12 13

# Unit Distance Graph
14 vertices
0 1
0 7
0 3
0 11
0 6
1 4
1 11
1 3
2 6
2 11
2 13
3 6
3 13
3 5
4 8
4 7
5 7
5 8
5 10
8 12
8 11
9 11
9 12
9 13
10 13
10 12

# Embedding (with cost 9.7855e-15)
(0.801619, -0.715645, -0.456286) (-0.0919538, -0.431135, -0.109036) (0.755948, -0.43293, -0.494611) (0.741619, -0.0177827, 0.257428) (0.830559, -0.780389, 0.0552559) (0.700301, -0.932397, -0.144782) (-0.0319815, -0.628718, 0.0891995) (0.0412226, -0.182693, -0.0851261) (0.211772, -0.0706047, -0.281358) (0.511907, -0.134202, -0.425309) (0.509231, 0.0490149, -0.126826) (0.698154, -0.454607, 0.503482) (0.480651, -0.881406, 0.238551) (0.156741, -0.827027, 0.202267) 
# Original Graph 124 in [100, 125)
14 vertices
0 1
0 2
0 3
0 4
0 5
1 6
1 7
1 2
2 3
3 7
3 8
3 9
3 10
3 4
4 11
4 12
4 5
5 12
6 13
6 9
7 8
8 9
10 13
10 11
11 13
11 12

# Unit Distance Graph
14 vertices
0 3
0 10
0 13
0 6
0 9
1 3
1 4
1 11
1 10
2 10
2 11
2 13
3 6
3 13
3 11
3 12
3 5
4 7
4 8
4 9
4 6
5 9
5 8
7 12
7 11
8 12

# Embedding (with cost 9.61048e-15)
(0.132739, -0.684492, 0.217255) (0.514218, -0.46117, -0.205815) (0.259896, -0.650379, -0.175324) (-0.420712, -0.314069, -0.52872) (-0.28635, -0.385408, 0.388619) (-0.0255162, -0.500754, 0.370707) (0.303912, 0.241083, -0.120399) (0.111543, -0.379342, -0.528793) (-0.132623, -0.239989, -0.588735) (-0.0188111, 0.00256618, -0.493367) (-0.180625, 0.234307, -0.0227686) (-0.0917772, 0.164538, 0.285367) (-0.123597, -0.095061, 0.400666) (0.088571, 0.303687, 0.070453) 
