# Original Graph 300 in [300, 325)
14 vertices
0 1
0 2
0 3
0 4
0 5
1 6
1 7
1 8
1 9
2 10
2 3
3 11
4 12
4 13
5 13
5 6
6 12
6 7
7 12
8 11
8 10
8 9
9 10
10 11
11 12
12 13

# Unit Distance Graph
14 vertices
0 1
0 8
0 11
0 12
0 7
1 4
1 12
1 11
1 3
2 6
2 7
2 12
3 7
3 6
4 9
4 8
5 8
5 10
5 11
6 11
6 10
8 13
9 13
9 12
10 12
10 13

# Embedding (with cost 6.16514e-15)
(0.415787, 0.215328, -0.286182) (0.325573, -0.427444, 0.474545) (0.717838, -0.178664, -0.274676) (0.512132, -0.0189277, -0.418937) (0.0366651, 0.061299, -0.348657) (-0.0333735, 0.0567067, 0.143118) (-0.0165972, -0.236278, 0.401553) (-0.0861786, -0.466923, 0.245385) (0.538183, -0.744543, -0.0338599) (0.679292, -0.549128, 0.114387) (0.775025, -0.438563, -0.175001) (0.125596, -0.725968, -0.458671) (-0.197778, -0.570322, -0.365508) (-0.120844, 0.00248653, -0.121206) 
# Original Graph 301 in [300, 325)
14 vertices
0 1
0 2
0 3
0 4
0 5
1 6
1 3
1 7
2 8
2 9
3 9
3 6
3 10
3 4
4 10
5 10
5 6
6 10
7 11
7 12
8 12
8 13
9 13
9 11
11 13
11 12

# Unit Distance Graph
14 vertices
0 1
0 7
0 11
0 9
0 3
1 3
1 9
1 2
2 3
2 6
3 8
3 12
3 7
4 7
4 12
4 11
5 9
5 11
5 13
6 9
6 13
6 8
8 10
10 13
10 11
10 12

# Embedding (with cost 5.79898e-15)
(0.284293, 0.0483421, -0.589634) (0.333872, -0.917876, -0.336721) (0.325782, 0.0813378, -0.297904) (-0.534786, -0.427159, -0.268684) (-0.168338, -0.206682, -0.665368) (0.0432175, -0.591444, -0.727289) (0.117641, -0.862467, -0.554632) (0.370962, -0.800691, -0.0684509) (0.358353, -0.0489733, -0.0252122) (-0.252983, -0.295072, 0.180691) (-0.233406, -0.529748, -0.672266) (0.119903, -0.452655, 0.260059) (0.38694, -0.503268, 0.111616) (0.163658, -0.182757, 0.177404) 
# Original Graph 302 in [300, 325)
14 vertices
0 1
0 2
0 3
0 4
0 5
1 6
1 7
1 8
2 9
2 3
3 10
3 7
3 11
4 11
4 12
5 12
5 13
6 13
6 11
7 10
7 8
8 9
9 10
11 13
11 12
12 13

# Unit Distance Graph
14 vertices
0 1
0 7
0 3
0 11
0 6
1 4
1 11
1 3
2 6
2 11
2 13
3 6
3 13
3 5
4 8
4 7
5 7
5 10
7 12
8 12
8 11
9 11
9 12
9 13
10 13
10 12

# Embedding (with cost 8.41932e-15)
(0.0745745, -0.344224, 0.0986231) (-0.5224, 0.252898, 0.634409) (-0.0631642, -0.063288, -0.0686533) (0.327776, 0.611451, 0.24887) (0.354678, -0.192287, 0.45401) (0.113422, -0.347069, 0.436732) (-0.304463, 0.157105, 0.87644) (-0.289587, 0.560572, 0.319374) (-0.47692, 0.3461, 0.317689) (-0.26948, 0.223613, -0.0102629) (-0.0436961, 0.596714, 0.14589) (0.467162, 0.396718, 0.643491) (0.292063, -0.139787, 0.733115) (-0.0362094, -0.0236158, 0.930196) 
# Original Graph 303 in [300, 325)
14 vertices
0 1
0 2
0 3
0 4
0 5
1 6
1 7
2 8
2 9
3 9
3 10
4 10
4 11
5 11
5 10
5 6
6 10
6 7
7 12
7 13
8 13
8 12
9 12
9 10
10 11
12 13

# Unit Distance Graph
14 vertices
0 6
0 7
0 12
0 9
0 10
1 3
1 10
1 9
2 5
2 6
2 10
3 7
3 6
4 7
4 13
4 12
5 9
5 12
5 8
6 9
7 10
8 10
8 11
10 13
11 12
11 13

# Embedding (with cost 9.62172e-15)
(0.0392657, 0.281108, 0.565041) (-0.388837, -0.355158, 0.372458) (0.260983, 0.0399585, 0.180847) (-0.0856287, 0.429545, -0.168195) (-0.335067, 0.477529, 0.303368) (-0.733908, 0.117575, 0.245389) (-0.681321, -0.294793, 0.178915) (-0.36299, -0.497631, 0.0836302) (0.182696, -0.192085, -0.00748862) (0.0133705, 0.105078, -0.419004) (-0.568695, 0.434645, -0.21394) (-0.618506, 0.388461, 0.13757) (0.0323761, -0.239891, -0.288489) (-0.0450193, -0.404624, -0.0676824) 
# Original Graph 304 in [300, 325)
14 vertices
0 1
0 2
0 3
0 4
0 5
0 6
1 6
1 7
1 2
2 8
2 9
3 9
3 10
3 11
4 11
4 7
5 7
5 12
6 12
6 13
7 13
8 11
8 10
8 9
9 10
12 13

# Unit Distance Graph
14 vertices
0 1
0 2
0 8
0 11
0 4
0 7
1 4
1 11
1 3
2 5
2 7
2 4
3 7
3 13
3 6
5 9
5 8
6 11
6 8
6 10
7 9
8 12
9 12
9 13
10 13
10 12

# Embedding (with cost 9.0956e-15)
(0.814474, -0.200798, 0.215516) (0.517991, 0.295548, 1.03144) (0.568471, 0.592473, 0.772475) (0.602911, 0.331031, 0.0356885) (-0.145941, 0.0562125, 0.322986) (0.605498, -0.343319, 0.421872) (0.506928, -0.150152, 0.907038) (-0.114523, -0.110593, 0.574443) (0.123257, 0.51969, 0.271343) (0.5216, 0.652433, 0.459818) (0.478182, 0.551903, 0.195496) (-0.0518097, 0.29872, 0.209667) (0.474577, -0.321209, 0.683002) (0.114006, -0.226827, 0.706335) 
# Original Graph 305 in [300, 325)
14 vertices
0 1
0 2
0 3
0 4
0 5
0 6
0 7
0 8
1 9
1 10
1 2
2 10
2 11
3 11
3 4
4 12
4 5
5 13
6 13
6 7
7 12
7 8
8 9
9 10
10 11
12 13

# Unit Distance Graph
14 vertices
0 3
0 4
0 12
0 7
0 8
0 9
0 10
0 11
1 4
1 5
1 13
1 12
2 6
2 7
2 12
2 13
3 8
3 7
4 9
4 8
5 10
5 9
6 11
6 10
7 11
10 13

# Embedding (with cost 9.30235e-15)
(-0.274778, -0.48113, -0.216044) (0.134665, 0.238343, -0.203672) (-0.199583, 0.409382, -0.317615) (-0.677693, 0.422367, -0.0699153) (-0.800639, 0.288241, 0.146639) (-0.677672, -0.177834, 0.204869) (-0.344183, -0.348514, 0.318533) (-0.0375135, 0.0461206, 0.599868) (0.151791, 0.159192, 0.422726) (0.198541, 0.303641, 0.184085) (0.000841721, 0.476235, -0.129516) (-0.436909, 0.505384, -0.193581) (-0.448308, 0.0800535, 0.593252) (-0.519223, -0.161558, 0.438598) 
# Original Graph 306 in [300, 325)
14 vertices
0 1
0 2
0 3
0 4
0 5
0 6
1 6
1 7
1 2
2 8
2 9
3 9
3 10
3 8
3 11
4 11
4 7
5 7
5 12
5 13
6 13
7 12
8 11
8 10
9 10
12 13

# Unit Distance Graph
14 vertices
0 1
0 2
0 8
0 11
0 4
0 7
1 4
1 11
1 3
2 5
2 7
2 4
3 7
3 12
3 13
3 6
5 9
5 10
5 8
6 11
6 8
7 9
8 13
9 12
10 13
10 12

# Embedding (with cost 8.70274e-15)
(0.410795, 0.382765, -0.44724) (-0.233703, 0.403549, 0.317084) (0.00384224, 0.364873, 0.466034) (0.638368, 0.148218, -0.100405) (0.0419643, -0.471471, -0.0808442) (-0.155072, 0.0491183, -0.469404) (-0.324855, 0.370168, 0.051051) (-0.224473, -0.347912, -0.197147) (0.391546, -0.281638, 0.299887) (0.395712, 0.215738, 0.348444) (0.517334, -0.0264495, 0.266911) (0.260657, -0.43885, 0.102676) (-0.314478, -0.0933148, -0.284104) (-0.358746, 0.188917, -0.164483) 
# Original Graph 307 in [300, 325)
14 vertices
0 1
0 2
0 3
0 4
0 5
0 6
1 7
1 8
1 9
2 10
2 11
3 11
3 12
4 12
4 5
5 11
5 13
5 6
6 13
7 13
7 8
8 13
8 9
9 10
10 11
11 12

# Unit Distance Graph
14 vertices
0 5
0 13
0 8
0 9
0 10
0 11
1 4
1 5
1 11
1 12
2 5
2 6
2 13
3 7
3 8
3 13
4 9
4 8
5 10
5 9
6 11
6 10
7 12
7 11
8 12
11 13

# Embedding (with cost 9.39707e-15)
(0.327701, 0.269486, 0.39684) (0.212261, -0.267008, -0.0720104) (-0.263753, 0.0116425, 0.403286) (-0.174815, 0.386552, 0.402818) (-0.198472, 0.643694, -0.0281913) (-0.174045, 0.593003, -0.405399) (0.0778156, 0.404417, -0.450563) (0.0845851, -0.109454, -0.425849) (-0.0802838, -0.308499, -0.3099) (-0.285287, -0.350419, -0.0930214) (-0.490626, -0.216209, 0.0895275) (-0.646871, 0.168432, 0.196847) (-0.39, 0.468697, 0.23786) (0.0215657, 0.140776, -0.546407) 
# Original Graph 308 in [300, 325)
14 vertices
0 1
0 2
0 3
0 4
0 5
1 5
1 6
1 7
2 8
2 9
2 3
3 10
4 10
4 11
5 11
5 10
6 10
6 7
7 12
7 13
8 13
8 12
9 12
9 10
10 11
12 13

# Unit Distance Graph
14 vertices
0 6
0 7
0 12
0 9
0 10
1 2
1 3
1 10
1 9
2 6
2 10
2 5
3 7
3 6
4 7
4 13
4 12
5 9
5 12
5 8
7 10
8 10
8 11
10 13
11 12
11 13

# Embedding (with cost 9.71078e-15)
(0.127537, 0.117794, 0.665552) (-0.146735, -0.500102, 0.0469521) (0.468402, -0.0600994, 0.701172) (0.387728, 0.171572, 0.559986) (0.0918466, 0.297199, 0.17693) (-0.199333, -0.0647928, -0.0432127) (0.0992937, -0.510998, -0.111508) (0.215644, -0.69072, 0.0837083) (0.551287, -0.423528, 0.511656) (0.794844, -0.170292, -0.0212577) (0.489568, 0.206605, -0.262374) (-0.0382956, 0.167742, -0.0386097) (0.68314, -0.507028, 0.117006) (0.478331, -0.616004, 0.306122) 
# Original Graph 309 in [300, 325)
14 vertices
0 1
0 2
0 3
0 4
0 5
0 6
1 7
1 8
1 2
2 9
2 10
3 10
3 11
3 12
4 12
4 8
5 8
5 13
6 13
6 7
7 13
8 13
9 12
9 11
9 10
11 12

# Unit Distance Graph
14 vertices
0 1
0 2
0 9
0 12
0 4
0 8
1 4
1 12
1 3
2 5
2 8
2 4
3 8
3 13
3 7
5 10
5 9
6 9
6 11
6 12
7 12
7 11
8 10
9 13
10 13
11 13

# Embedding (with cost 9.83223e-15)
(-0.451022, -0.109897, -0.211039) (0.242739, 0.139207, 0.464714) (0.088981, 0.376416, 0.475907) (-0.419503, 0.488194, -0.198342) (0.349112, 0.421844, -0.488597) (0.321887, -0.0775239, -0.384146) (-0.134772, -0.263758, -0.107954) (0.216873, -0.208916, 0.131906) (0.495927, 0.144383, -0.407583) (0.0130242, 0.678287, 0.193221) (-0.239924, 0.594495, 0.0983047) (-0.0200749, 0.729578, -0.119261) (0.186488, 0.63679, -0.400876) (0.280738, -0.223747, -0.145399) 
# Original Graph 310 in [300, 325)
14 vertices
0 1
0 2
0 3
0 4
0 5
0 6
0 7
1 7
1 5
1 2
2 8
3 9
3 10
4 10
4 5
5 7
5 11
6 11
6 7
7 11
8 12
8 13
8 9
9 13
10 12
12 13

# Unit Distance Graph
14 vertices
0 1
0 2
0 8
0 12
0 10
0 4
0 5
1 4
1 10
1 3
2 5
2 4
3 5
3 7
5 9
5 8
6 8
6 13
6 12
7 10
7 12
7 13
7 9
8 11
9 11
11 13

# Embedding (with cost 6.82903e-15)
(-0.0800362, 0.656517, 0.067885) (0.0279915, -0.193427, -0.447794) (-0.260203, -0.166581, -0.470677) (-0.432723, 0.5178, 0.0831463) (-0.198466, -0.224593, 0.525728) (0.0882729, -0.246464, 0.463231) (0.330502, 0.188156, 0.0898381) (0.358921, -0.0564968, -0.125377) (-0.508902, -0.152833, -0.333397) (-0.572031, 0.300965, -0.0508902) (-0.466963, -0.195252, 0.421123) (0.318571, -0.0636124, 0.220974) (-0.588575, -0.199513, 0.160625) (-0.638014, -0.00686605, -0.0649013) 
# Original Graph 311 in [300, 325)
14 vertices
0 1
0 2
0 3
0 4
0 5
1 6
1 7
1 8
2 9
2 10
3 10
3 7
3 11
4 11
4 12
5 12
5 13
5 6
6 13
6 11
7 9
7 8
8 9
9 10
11 13
11 12

# Unit Distance Graph
14 vertices
0 1
0 7
0 3
0 11
0 6
1 4
1 11
1 3
2 6
2 11
2 13
3 6
3 5
4 8
4 7
5 7
5 9
5 10
6 10
7 12
8 12
8 11
9 13
9 11
9 12
10 13

# Embedding (with cost 8.93154e-15)
(0.239462, -0.587184, -0.00788822) (-0.230963, 0.153699, 0.47148) (0.422577, -0.360348, 0.100347) (0.254807, 0.339849, -0.382555) (0.025201, -0.439254, -0.291925) (-0.488256, -0.192597, 0.0228579) (-0.46654, 0.0702676, 0.255399) (0.306626, 0.390846, 0.189463) (0.120043, 0.236168, 0.439382) (0.423593, 0.112016, 0.298072) (0.504591, -0.0847488, 0.0740839) (-0.141493, 0.179843, -0.524167) (-0.238299, -0.238612, -0.364468) (-0.46059, 0.0287599, -0.16159) 
# Original Graph 312 in [300, 325)
14 vertices
0 1
0 2
0 3
0 4
0 5
0 6
1 7
1 8
2 8
2 9
2 3
3 10
3 11
3 4
4 12
5 12
5 10
6 10
6 13
7 13
7 9
7 8
8 9
9 13
10 11
11 12

# Unit Distance Graph
14 vertices
0 2
0 3
0 10
0 6
0 13
0 9
1 3
1 11
1 10
2 6
2 10
2 5
3 7
3 13
3 6
4 7
4 9
4 13
5 9
5 8
7 12
7 11
8 10
8 11
8 12
9 12

# Embedding (with cost 5.68887e-15)
(-0.342779, -0.220372, -0.342578) (-0.0666012, -0.41567, -0.376284) (0.122543, -0.810195, 0.31741) (-0.205831, -0.48719, 0.61139) (-0.439676, -0.1337, 0.0973148) (-0.0473654, 0.173777, 0.263287) (0.44822, 0.122751, 0.163966) (0.479548, -0.464361, -0.116439) (0.275332, -0.69279, -0.117407) (0.358779, -0.73325, 0.152167) (0.237396, 0.182019, 0.365573) (-0.152813, -0.107443, 0.571114) (-0.286697, 0.0133414, 0.313292) (0.560116, -0.129061, 0.0774722) 
# Original Graph 313 in [300, 325)
14 vertices
0 1
0 2
0 3
0 4
0 5
1 5
1 3
1 6
2 7
2 8
3 8
3 5
3 9
3 4
4 10
5 10
5 9
6 11
6 12
7 12
7 13
8 11
9 10
11 13
11 12
12 13

# Unit Distance Graph
14 vertices
0 1
0 6
0 11
0 8
0 3
1 3
1 8
1 2
2 3
2 5
3 7
3 12
3 6
4 6
4 12
4 11
5 8
5 11
5 13
5 7
7 9
9 13
9 12
10 11
10 12
10 13

# Embedding (with cost 9.14348e-15)
(0.251595, 0.960028, 0.00222856) (0.663971, 0.0970917, -0.289812) (0.504624, 0.993203, 0.124426) (0.223051, 0.162868, 0.605321) (0.0721261, 0.737758, -0.0184135) (0.277242, 0.111198, -0.288328) (0.932823, 0.234503, -0.0954586) (0.759128, 0.87171, 0.146884) (0.480031, 0.260591, 0.679432) (0.0685728, 0.154657, 0.0521775) (0.0513295, 0.364729, -0.136637) (0.764511, 0.309332, 0.56215) (1.02422, 0.447932, 0.0791413) (0.923821, 0.620151, 0.279919) 
# Original Graph 314 in [300, 325)
14 vertices
0 1
0 2
0 3
0 4
0 5
1 6
1 7
1 8
2 8
2 5
2 9
2 10
2 3
3 10
4 10
4 9
4 5
5 11
6 12
6 7
7 13
8 13
9 10
11 13
11 12
12 13

# Unit Distance Graph
14 vertices
0 2
0 5
0 11
0 13
0 8
1 2
1 9
1 4
1 5
2 6
2 12
2 11
2 5
3 11
3 12
3 13
4 8
4 13
4 7
5 8
6 10
6 9
7 9
7 10
10 13
10 12

# WARNING: failed to find good embedding
# Embedding (with cost 0.0623472)
(0.63803, 0.697403, 0.138853) (1.09753, 0.0126625, -0.0560604) (0.352335, 0.193325, -0.67519) (0.439589, 0.603765, -0.317673) (0.357687, 0.641459, -0.0495854) (0.147776, -0.150957, 0.225685) (0.856246, -0.0998559, 0.172253) (0.922989, -0.20859, -0.0801795) (0.939227, -0.100393, -0.383452) (0.199678, 0.462606, -0.267509) (0.339024, 0.422824, -0.510408) (0.651142, -0.27719, 0.0917236) (0.53751, -0.123984, 0.300567) (0.375898, -0.302208, 0.151847) 
# Original Graph 315 in [300, 325)
14 vertices
0 1
0 2
0 3
0 4
1 5
1 6
1 7
2 7
2 8
2 9
2 10
2 3
3 11
4 12
4 9
5 13
5 8
5 6
6 8
7 8
8 13
9 13
9 12
10 12
10 11
11 12

# Unit Distance Graph
14 vertices
0 2
0 9
0 13
0 8
1 2
1 10
1 12
1 9
2 5
2 13
2 9
2 4
3 5
3 8
3 13
4 8
4 7
5 11
5 10
6 10
6 11
6 12
7 9
7 12
8 12
8 11

# Embedding (with cost 8.16966e-15)
(0.431892, -0.161286, 0.521546) (0.561522, 0.0651088, 0.340338) (-0.0850144, 0.626194, 0.857227) (0.181069, -0.108118, 0.73161) (-0.152479, -0.167988, 0.253303) (0.189693, 0.461688, -0.0901238) (0.379192, 0.541822, 0.120325) (0.209898, 0.686988, 0.624384) (0.188943, 0.771916, 0.256766) (-0.387939, 0.14243, 0.0361246) (-0.358308, 0.206235, 0.706393) (-0.215224, -0.0428785, 0.672408) (-0.435242, -0.00778042, 0.306433) (-0.195912, 0.321739, -0.0888218) 
# Original Graph 316 in [300, 325)
14 vertices
0 1
0 2
0 3
0 4
0 5
1 6
1 7
1 2
2 7
2 8
3 9
3 10
3 11
4 12
4 5
5 12
5 10
5 6
6 9
6 8
6 7
8 9
10 13
11 13
11 12
12 13

# Unit Distance Graph
14 vertices
0 3
0 10
0 5
0 6
0 9
1 3
1 11
1 13
1 10
2 5
2 10
2 13
2 12
3 6
3 5
4 6
4 8
4 9
5 9
5 8
6 12
6 11
7 11
7 12
7 13
8 12

# Embedding (with cost 8.25425e-15)
(-0.381022, 0.641122, -0.447042) (-0.258352, 0.494124, -0.657816) (0.0584134, 0.504364, -0.736271) (0.521704, 0.524772, -0.0328574) (-0.367183, 0.452413, -0.014138) (-0.0993042, -0.255633, -0.105772) (0.12269, -0.212828, -0.57759) (-0.0231344, 0.234703, -0.762229) (0.468398, 0.428949, -0.563004) (0.588817, 0.441415, -0.307298) (0.117356, -0.0210894, 0.112507) (0.32538, 0.43997, 0.152322) (-0.134139, 0.32138, 0.227804) (0.136759, 0.239739, 0.224893) 
# Original Graph 317 in [300, 325)
14 vertices
0 1
0 2
0 3
0 4
0 5
1 6
1 3
1 7
2 8
2 9
3 9
3 6
3 10
3 4
4 10
4 5
5 10
5 6
7 11
7 12
8 12
8 13
8 9
9 11
11 13
12 13

# Unit Distance Graph
14 vertices
0 1
0 7
0 11
0 9
0 3
1 3
1 9
1 2
2 3
2 6
3 8
3 12
3 7
4 7
4 12
4 13
4 11
5 8
5 9
5 11
5 13
6 9
6 8
8 10
10 13
10 12

# Embedding (with cost 9.85558e-15)
(0.273783, 0.457256, 0.359757) (-0.461376, 1.09493, 0.129727) (0.261989, 0.421373, -0.0221412) (-0.658052, 0.119345, 0.227467) (-0.0155763, 0.460534, 0.602717) (-0.276563, 0.83625, 0.577674) (-0.436255, 0.999153, 0.4005) (-0.390777, 1.00793, -0.145336) (0.0993707, 0.515371, -0.291642) (-0.57187, 0.117836, -0.0521477) (-0.297365, 0.51447, 0.62629) (-0.498932, 0.346265, -0.265218) (-0.175344, 0.799299, -0.32449) (-0.231834, 0.524717, -0.371508) 
# Original Graph 318 in [300, 325)
14 vertices
0 1
0 2
0 3
0 4
0 5
1 6
1 7
1 8
2 8
2 5
2 9
2 10
2 3
3 10
3 9
4 9
4 5
5 11
6 12
6 13
7 13
7 11
7 8
9 10
11 12
12 13

# Unit Distance Graph
14 vertices
0 2
0 5
0 11
0 7
0 8
1 2
1 9
1 4
1 5
2 6
2 12
2 11
2 5
3 7
3 11
3 12
3 13
4 8
4 7
5 8
6 10
6 9
7 9
9 13
10 13
10 12

# Embedding (with cost 9.64568e-15)
(0.0699611, -0.76555, -0.37971) (-0.164803, -0.819822, -0.0567832) (-0.315354, 0.148744, -0.254812) (0.0903642, -0.221965, -0.5357) (0.527508, -0.0984064, -0.0730675) (0.482357, -0.134659, 0.277486) (-0.129547, -0.71946, 0.205294) (-0.364678, -0.243987, 0.354497) (-0.466313, -0.00607377, -0.0114634) (0.362258, -0.00211, -0.288201) (0.0213116, 0.0333371, -0.435438) (0.281867, -0.242115, 0.445585) (0.0884243, -0.448337, 0.438339) (-0.18422, -0.500938, 0.384505) 
# Original Graph 319 in [300, 325)
14 vertices
0 1
0 2
0 3
0 4
0 5
1 5
1 3
1 6
2 7
2 8
3 8
3 5
3 9
3 10
4 10
4 9
5 9
6 11
6 12
6 13
7 13
7 11
8 11
9 10
11 12
12 13

# Unit Distance Graph
14 vertices
0 1
0 6
0 11
0 8
0 3
1 3
1 8
1 2
2 3
2 5
3 7
3 13
3 6
4 6
4 12
4 11
5 8
5 11
5 7
6 10
7 9
9 11
9 12
9 13
10 13
10 12

# Embedding (with cost 8.81989e-15)
(0.123512, 0.319396, -0.381379) (0.0653406, -0.678459, -0.411412) (-0.150552, 0.291531, -0.299562) (0.275359, -0.215546, 0.449753) (0.338703, 0.206379, -0.202876) (0.403176, -0.540721, -0.3268) (-0.205929, -0.62317, -0.326266) (-0.359717, 0.101751, -0.254521) (-0.138436, -0.191059, 0.437657) (0.544604, -0.243315, -0.00325741) (0.445713, -0.106899, 0.229457) (-0.440473, -0.3071, 0.156603) (-0.429589, -0.429635, -0.130667) (-0.416813, -0.180737, -0.27114) 
# Original Graph 320 in [300, 325)
14 vertices
0 1
0 2
0 3
0 4
0 5
0 6
0 7
1 7
1 2
2 8
2 3
3 9
3 10
4 10
4 5
5 10
5 9
5 11
6 11
6 12
7 12
7 13
8 13
8 12
9 11
12 13

# Unit Distance Graph
14 vertices
0 2
0 3
0 9
0 11
0 6
0 12
0 8
1 5
1 11
1 9
2 6
2 11
2 5
3 7
3 12
3 6
4 8
4 12
4 13
5 8
5 13
5 7
7 10
7 9
10 13
10 12

# Embedding (with cost 8.49581e-15)
(0.0824662, 0.756465, 0.548472) (-0.0102985, 0.936537, 0.188552) (0.0792519, 0.477668, -0.411872) (0.0883598, 0.200992, -0.283041) (-0.055918, 0.193317, 0.448901) (-0.395176, 0.0267852, 0.344185) (-0.779037, 0.519101, 0.0996183) (-0.289094, 1.00645, 0.173871) (-0.275162, 0.701802, -0.383791) (-0.382697, 0.0171961, 0.0615377) (-0.0725786, 0.030668, 0.205083) (-0.644718, 0.163671, 0.202353) (-0.714659, 0.751724, -0.0553236) (-0.433616, 0.886799, -0.164635) 
# Original Graph 321 in [300, 325)
14 vertices
0 1
0 2
0 3
0 4
1 5
1 6
1 7
2 7
2 8
2 6
2 9
2 10
2 3
3 10
4 11
4 12
5 13
5 6
6 13
6 8
7 8
9 13
9 12
9 11
10 11
11 12

# Unit Distance Graph
14 vertices
0 2
0 9
0 13
0 6
1 2
1 10
1 11
1 9
2 5
2 13
2 9
2 12
2 4
3 5
3 6
3 13
4 6
4 8
5 10
6 11
6 10
7 9
7 11
7 12
8 12
8 11

# Embedding (with cost 9.91556e-15)
(0.460079, 0.466553, 0.0167919) (0.7741, 0.54323, 0.348702) (0.907268, -0.421647, 0.122255) (0.666465, -0.270327, -0.0456548) (0.224176, 0.308518, 0.106584) (0.708407, 0.325743, 0.756181) (0.840335, 0.101068, 0.866395) (1.02813, 0.183311, 0.345048) (1.068, -0.0600682, 0.496589) (0.177477, -0.151568, 0.750319) (0.420495, -0.352884, 0.0804802) (0.107323, -0.196049, 0.254501) (0.0682849, -0.0420326, 0.512128) (0.398007, -0.0244583, 0.885731) 
# Original Graph 322 in [300, 325)
14 vertices
0 1
0 2
0 3
0 4
0 5
1 6
1 7
1 8
2 8
2 9
2 10
2 11
2 3
3 11
4 12
4 5
5 10
6 13
6 7
7 13
7 9
7 8
8 9
10 13
10 12
11 12

# Unit Distance Graph
14 vertices
0 2
0 10
0 13
0 7
0 9
1 2
1 11
1 12
1 10
2 6
2 13
2 10
2 5
3 6
3 7
3 13
4 7
4 8
4 9
5 9
5 8
6 11
7 12
7 11
8 10
8 12

# Embedding (with cost 8.96652e-15)
(-0.524169, -0.00489265, -0.051425) (-0.324575, -0.518903, -0.00141825) (-0.0246915, -0.191437, -0.89743) (-0.351262, 0.136534, -0.495295) (-0.181193, 0.21937, -0.0500643) (0.154005, 0.169438, 0.0179045) (0.228092, -0.493595, 0.021701) (0.169019, -0.689246, -0.277592) (-0.0416006, -0.65987, -0.505533) (0.0321673, -0.477177, -0.735119) (0.471846, 0.0815338, -0.0734531) (-0.0557416, 0.225958, -0.612082) (0.131891, 0.308801, -0.32783) (0.451485, -0.221741, -0.0186019) 
# Original Graph 323 in [300, 325)
14 vertices
0 1
0 2
0 3
0 4
0 5
0 6
1 7
1 8
1 2
2 9
2 3
3 9
3 10
3 11
3 4
4 11
5 11
5 10
5 6
6 12
7 13
7 8
8 13
8 9
10 12
12 13

# Unit Distance Graph
14 vertices
0 3
0 10
0 12
0 13
0 8
0 9
1 3
1 11
1 5
1 10
2 5
2 6
2 12
2 10
3 7
3 13
3 12
3 6
4 7
4 8
4 13
5 9
5 8
6 9
7 11
8 11

# Embedding (with cost 9.91453e-15)
(0.0156605, -0.0788978, 0.87848) (-0.483943, 0.179924, 0.825587) (-0.736514, -0.419927, 0.739663) (-0.589735, -0.72537, 0.414185) (-0.243044, -0.64456, 0.411507) (-0.00874938, -0.271202, 0.0701556) (0.0557098, 0.0339812, 0.331803) (-0.634716, 0.257641, 0.592137) (-0.841934, 0.156215, 0.421038) (-0.905596, -0.181591, 0.503326) (-0.239614, -0.151678, -0.085645) (-0.128158, -0.504783, 0.189511) (-0.399893, 0.165959, 0.00248922) (-0.635794, 0.249078, 0.194347) 
# Original Graph 324 in [300, 325)
14 vertices
0 1
0 2
0 3
0 4
0 5
1 5
1 6
1 7
2 7
2 8
2 9
3 9
3 8
3 10
4 10
4 6
4 11
5 11
5 12
6 12
6 13
7 10
7 8
8 9
11 13
12 13

# Unit Distance Graph
14 vertices
0 1
0 7
0 10
0 4
0 6
1 4
1 10
1 3
2 4
2 11
2 13
2 6
3 6
3 12
3 5
4 7
5 10
5 7
5 8
6 9
7 11
8 12
8 13
8 11
9 13
9 12

# Embedding (with cost 8.81347e-15)
(-0.406852, -0.797712, 0.186891) (-0.361987, 0.0952059, 0.63487) (-0.861537, -0.471527, 0.378419) (-0.928993, -0.172079, -0.144273) (-0.422881, 0.0382587, -0.361649) (-0.0849781, -0.582545, 0.200918) (-0.0787407, 0.14255, 0.277722) (-0.758663, 0.0517239, 0.580195) (-0.955854, -0.128819, 0.389881) (-0.990281, -0.241748, 0.131404) (-0.700892, 0.0228873, -0.303167) (-0.156355, -0.0733084, -0.208216) (0.00627957, -0.306471, 0.183148) (-0.0121394, -0.0429392, 0.0704638) 
