

# Original Graph 175 in [175, 200)
14 vertices
0 1
0 2
0 3
0 4
0 5
0 6
0 7
0 8
0 9
1 9
1 10
2 10
2 11
3 11
3 4
4 11
4 12
5 12
5 6
6 12
6 7
7 13
7 8
8 13
9 13
9 10

# Unit Distance Graph 175
14 vertices
0 2
0 11
0 4
0 12
0 6
0 7
0 13
0 9
0 10
1 5
1 6
1 12
2 7
2 6
3 7
3 8
3 13
4 9
4 13
4 8
5 10
5 9
6 10
7 11
8 11
9 12

# Embedding 175 (with cost 6.73982e-15)
(-0.0454222, 0.715281, 0.589878) (0.606559, 0.249505, 0.66938) (0.431381, -0.0370589, 1.04446) (-0.0623214, 0.0670572, 1.07617) (-0.164796, -0.193223, 0.99034) (-0.317679, -0.0901405, 0.494956) (-0.181557, -0.224681, 0.276927) (0.0881757, -0.153146, 0.112399) (0.275164, 0.0801175, 0.134933) (0.675257, 0.0285055, 0.495217) (0.620432, 0.00792257, 0.827116) (0.159991, -0.11433, 1.10906) (-0.256325, -0.252769, 0.725521) (0.505183, -0.0521759, 0.261482) 


# Original Graph 176 in [175, 200)
14 vertices
0 1
0 2
0 3
1 3
1 4
2 5
2 3
3 5
3 6
3 7
3 8
3 9
3 10
3 11
3 12
3 13
3 4
4 13
5 6
6 7
7 8
8 9
9 10
10 11
11 12
12 13

# Unit Distance Graph 176
14 vertices
0 3
0 10
0 9
1 3
1 9
1 8
2 3
2 11
2 10
3 5
3 6
3 7
3 8
3 9
3 10
3 11
3 12
3 13
3 4
4 8
4 7
5 12
5 11
6 13
6 12
7 13

# WARNING!!: failed to find good embedding for graph 176!!!


# Original Graph 177 in [175, 200)
14 vertices
0 1
0 2
0 3
0 4
0 5
0 6
0 7
0 8
0 9
0 10
0 11
1 11
1 2
2 3
3 12
4 12
4 5
5 12
5 6
6 7
7 8
8 9
9 13
9 10
10 13
11 13

# Unit Distance Graph 177
14 vertices
0 1
0 2
0 3
0 12
0 5
0 6
0 7
0 8
0 9
0 13
0 11
1 7
1 6
2 8
2 7
3 9
3 8
4 9
4 10
4 13
5 11
5 13
5 10
6 11
9 12
10 12

# WARNING!!: failed to find good embedding for graph 177!!!


# Original Graph 178 in [175, 200)
14 vertices
0 1
0 2
0 3
0 4
0 5
0 6
0 7
0 8
0 9
1 9
1 2
2 10
3 11
3 4
4 11
4 10
4 5
5 6
6 7
7 12
7 13
7 8
8 13
9 12
10 11
12 13

# Unit Distance Graph 178
14 vertices
0 1
0 2
0 10
0 4
0 5
0 6
0 7
0 12
0 9
1 6
1 5
2 7
2 6
3 7
3 13
3 12
4 9
4 12
4 13
4 8
5 9
7 11
7 10
8 10
8 11
11 13

# WARNING!!: failed to find good embedding for graph 178!!!


# Original Graph 179 in [175, 200)
14 vertices
0 1
0 2
0 3
0 4
0 5
0 6
0 7
0 8
0 9
1 10
1 11
1 2
2 3
3 4
4 12
4 13
5 13
5 12
6 12
6 7
7 8
8 11
9 11
9 10
10 11
12 13

# Unit Distance Graph 179
14 vertices
0 1
0 2
0 3
0 4
0 12
0 6
0 7
0 8
0 11
1 6
1 12
1 5
2 7
2 6
3 8
3 7
4 9
4 11
4 8
5 11
5 10
9 13
9 12
10 12
10 13
11 13

# Embedding 179 (with cost 9.62046e-15)
(0.298491, -0.423817, 0.0727204) (0.665386, 0.460536, -0.215909) (0.716342, 0.484698, 0.0733865) (0.591794, 0.488698, 0.357832) (0.346618, 0.472088, 0.514351) (0.0205009, 0.0784343, 0.445998) (-0.278811, 0.392025, 0.106266) (-0.245833, 0.377065, -0.176881) (-0.0560427, 0.384782, -0.396826) (0.394122, 0.0388777, -0.385689) (0.488816, 0.325397, -0.402348) (0.222763, 0.408799, -0.475929) (-0.151354, 0.421893, 0.359801) (0.0876063, 0.351839, 0.513256) 


# Original Graph 180 in [175, 200)
14 vertices
0 1
0 2
0 3
0 4
0 5
0 6
0 7
0 8
0 9
1 9
1 10
2 10
2 11
3 11
3 4
4 11
4 5
5 6
6 12
6 7
7 12
8 12
8 13
9 13
10 11
12 13

# Unit Distance Graph 180
14 vertices
0 1
0 10
0 11
0 4
0 5
0 6
0 12
0 13
0 9
1 6
1 5
2 6
2 7
2 12
3 8
3 13
3 12
4 9
4 13
4 8
5 9
6 10
7 11
7 10
8 11
11 12

# Embedding 180 (with cost 9.07439e-15)
(-0.46049, -0.308434, 0.788789) (0.491577, -0.46294, 1.05279) (0.231371, -0.717679, 0.718479) (0.206618, -0.611621, 0.342678) (0.31913, -0.415432, 0.171744) (0.278564, -0.0612629, 0.162126) (0.271477, 0.20957, 0.346187) (0.144031, 0.270521, 0.592652) (0.169946, 0.163639, 0.973256) (0.470567, -0.192398, 1.13472) (0.481902, -0.640527, 0.828948) (0.422719, -0.686395, 0.511143) (0.353436, 0.272529, 0.786213) (0.430447, 0.0709686, 1.03836) 


# Original Graph 181 in [175, 200)
14 vertices
0 1
0 2
0 3
0 4
0 5
0 6
0 7
0 8
0 9
1 9
1 2
2 9
2 3
3 10
4 10
4 11
5 12
5 13
6 13
6 7
7 9
7 8
8 9
10 11
11 12
12 13

# Unit Distance Graph 181
14 vertices
0 2
0 3
0 10
0 11
0 12
0 13
0 6
0 7
0 9
1 5
1 13
1 12
2 6
2 13
2 5
3 7
3 6
4 7
4 8
4 9
5 9
7 10
8 11
8 10
9 12
9 11

# Embedding 181 (with cost 7.45155e-15)
(-0.589902, 0.482078, -0.00581473) (-0.0869418, -0.200771, -0.16251) (0.197919, -0.11209, -0.167996) (0.332273, 0.145215, -0.195856) (0.0927097, 0.60437, -0.245896) (-0.206173, 0.65288, -0.669525) (-0.327448, 0.243788, -0.940874) (-0.404157, -0.0158239, -0.852923) (-0.438368, -0.163658, -0.603791) (-0.210156, -0.324619, -0.45862) (0.349342, 0.391585, -0.336922) (0.249942, 0.559218, -0.543133) (0.0630562, 0.590402, -0.755422) (-0.152508, 0.465937, -0.90494) 


# Original Graph 182 in [175, 200)
14 vertices
0 1
0 2
0 3
0 4
0 5
0 6
0 7
0 8
0 9
1 9
1 10
2 11
2 3
3 11
3 4
4 12
5 12
5 6
6 12
6 13
6 7
7 13
8 13
8 9
9 10
10 11

# Unit Distance Graph 182
14 vertices
0 3
0 4
0 12
0 6
0 13
0 8
0 9
0 10
0 11
1 5
1 6
1 12
2 6
2 7
2 13
3 8
3 13
3 7
4 9
4 8
5 10
5 9
6 11
6 10
7 11
9 12

# Embedding 182 (with cost 9.38133e-15)
(-0.437775, 0.296922, 0.0752061) (0.279361, 0.102068, 0.413236) (-0.157745, -0.309832, 0.522206) (-0.118055, -0.583573, 0.425218) (-0.177803, -0.667373, 0.125698) (-0.175109, -0.38828, -0.330415) (0.0892571, -0.375427, -0.444586) (0.14702, -0.0939099, -0.405423) (0.518979, 0.0302609, -0.0410384) (0.51351, 0.0441138, 0.251685) (0.332254, -0.175039, 0.504517) (0.128923, -0.373161, 0.554624) (-0.112736, -0.619842, -0.156945) (0.409814, -0.102189, -0.274514) 


# Original Graph 183 in [175, 200)
14 vertices
0 1
0 2
0 3
0 4
0 5
0 6
0 7
1 8
1 2
2 9
3 10
3 4
4 10
4 11
4 9
4 5
5 6
6 8
6 12
6 13
6 7
7 13
8 12
9 11
10 11
12 13

# Unit Distance Graph 183
14 vertices
0 1
0 2
0 9
0 4
0 5
0 6
0 8
1 5
1 4
2 6
2 5
3 6
3 12
3 8
4 8
4 12
4 13
4 7
6 10
6 11
6 9
7 9
7 11
10 13
10 12
11 13

# WARNING!!: failed to find good embedding for graph 183!!!


# Original Graph 184 in [175, 200)
14 vertices
0 1
0 2
0 3
0 4
0 5
0 6
0 7
1 7
1 2
2 8
2 9
3 10
3 8
4 8
4 5
5 11
6 11
6 12
7 13
7 11
8 10
8 9
9 10
11 13
11 12
12 13

# Unit Distance Graph 184
14 vertices
0 1
0 2
0 8
0 4
0 5
0 11
0 7
1 5
1 4
2 6
2 11
2 5
3 7
3 11
3 13
4 7
6 9
6 8
7 8
8 13
8 12
9 12
9 11
10 11
10 12
10 13

# Embedding 184 (with cost 5.59882e-15)
(0.656595, -0.647276, -0.335191) (0.627876, 0.348047, -0.42743) (0.335466, 0.299453, -0.359278) (0.304276, -0.462372, -0.166277) (0.409137, -0.0793209, 0.449787) (0.748846, -0.0672592, 0.474173) (0.982599, -0.421835, -0.112373) (0.906882, 0.320772, -0.319742) (0.141482, -0.00667984, 0.234277) (0.165561, 0.152108, -0.167489) (0.117519, -0.13547, -0.0425525) (1.04611, 0.028891, 0.290169) (1.11466, -0.0984839, 0.023338) (1.06186, 0.187501, -0.105141) 


# Original Graph 185 in [175, 200)
14 vertices
0 1
0 2
0 3
0 4
0 5
0 6
0 7
1 8
1 9
2 9
2 10
3 11
3 12
4 12
4 5
5 12
5 6
6 8
6 13
6 7
7 13
8 13
8 9
10 12
10 11
11 12

# Unit Distance Graph 185
14 vertices
0 2
0 10
0 12
0 5
0 6
0 8
0 9
1 4
1 5
1 12
2 6
2 5
3 6
3 13
3 8
4 9
4 8
5 9
6 11
6 10
7 10
7 11
7 12
8 12
11 13
12 13

# Embedding 185 (with cost 8.32395e-15)
(0.0750363, -0.448627, 0.339863) (0.138106, 0.378794, 0.327454) (0.522195, 0.374913, -0.00917972) (0.392095, -0.271078, -0.217841) (-0.00444686, -0.259429, -0.429084) (-0.253215, -0.0200233, -0.501891) (-0.460622, 0.245596, -0.140891) (-0.320552, 0.0507605, 0.245304) (-0.0521131, 0.530628, 0.182092) (0.311906, 0.501566, 0.137314) (0.533322, 0.218534, -0.247393) (0.47452, -0.0367597, -0.354862) (0.257376, -0.0598632, -0.563251) (-0.279096, 0.362128, 0.167585) 


# Original Graph 186 in [175, 200)
14 vertices
0 1
0 2
0 3
0 4
0 5
0 6
0 7
0 8
0 9
1 10
1 2
2 3
3 11
3 12
4 12
4 5
5 11
5 6
6 7
7 13
8 13
8 9
9 13
9 10
10 13
11 12

# Unit Distance Graph 186
14 vertices
0 1
0 2
0 3
0 11
0 5
0 6
0 7
0 13
0 10
1 6
1 5
2 7
2 6
3 8
3 13
3 7
4 9
4 10
4 13
5 10
5 9
8 12
8 11
9 11
9 12
12 13

# Embedding 186 (with cost 8.98537e-15)
(0.250253, 0.0814795, 0.343356) (0.377811, -0.165722, -0.617175) (0.323204, 0.11155, -0.653526) (0.133126, 0.32223, -0.620138) (-0.0947188, 0.408384, -0.107453) (-0.517515, 0.141383, -0.294565) (-0.541091, -0.148627, -0.223059) (-0.405053, -0.420258, -0.221297) (0.171397, -0.44887, 0.0154247) (0.224149, -0.52812, -0.253342) (0.276071, -0.42417, -0.518996) (-0.324368, 0.284701, -0.449431) (-0.0655068, 0.411422, -0.435989) (-0.165826, -0.57253, -0.288428) 


# Original Graph 187 in [175, 200)
14 vertices
0 1
0 2
0 3
0 4
0 5
0 6
0 7
1 8
1 2
2 8
2 3
3 9
3 10
4 10
4 9
5 9
5 11
6 11
6 12
7 12
7 13
8 13
8 12
9 11
9 10
12 13

# Unit Distance Graph 187
14 vertices
0 2
0 3
0 9
0 11
0 6
0 12
0 8
1 5
1 11
1 9
2 6
2 11
2 5
3 7
3 12
3 6
4 8
4 12
4 13
5 8
7 10
7 9
8 9
9 13
10 13
10 12

# Embedding 187 (with cost 9.36973e-15)
(0.107228, -0.161088, -0.586225) (-0.418441, -0.4651, -0.118984) (-0.40385, -0.479473, 0.212168) (-0.0535042, -0.300393, 0.390893) (0.28153, -0.0172862, -0.119756) (0.0461037, 0.401262, 0.0643593) (-0.475834, 0.474227, -0.0798522) (-0.569104, 0.0623557, -0.385361) (-0.66502, -0.301126, 0.0334709) (0.110927, 0.260577, 0.320519) (0.194534, -0.0218598, 0.254768) (-0.239242, 0.498144, 0.0811365) (-0.674381, 0.275615, -0.140828) (-0.717697, -0.0353319, -0.154687) 


# Original Graph 188 in [175, 200)
14 vertices
0 1
0 2
0 3
0 4
0 5
0 6
0 7
1 8
1 9
2 10
2 11
3 11
3 5
3 4
4 5
5 7
5 12
5 6
6 12
7 12
7 8
8 9
9 13
10 13
10 11
11 13

# Unit Distance Graph 188
14 vertices
0 3
0 5
0 7
0 8
0 9
0 13
0 11
1 3
1 4
1 5
2 5
2 12
2 7
3 8
3 7
4 9
4 8
5 10
5 13
5 9
6 10
6 11
6 13
7 11
10 12
11 12

# Embedding 188 (with cost 8.22495e-15)
(0.733097, -0.075324, -0.0881514) (0.319562, -0.672121, 0.0923316) (0.344142, -0.0269635, 0.133367) (-0.231126, 0.0538357, -0.319651) (0.0354961, 0.0210713, -0.570081) (0.0486359, -0.281488, -0.787444) (0.356225, -0.401932, -0.683231) (0.189731, -0.848161, -0.415989) (0.113036, -0.859737, -0.103001) (-0.0170862, -0.704093, 0.116484) (-0.0483969, -0.171475, 0.201739) (-0.259346, -0.0765783, 0.0345558) (0.209731, -0.648541, -0.638368) (-0.152041, -0.458328, 0.176121) 


# Original Graph 189 in [175, 200)
14 vertices
0 1
0 2
0 3
0 4
0 5
0 6
0 7
1 8
1 2
2 8
2 9
2 10
3 10
3 4
4 10
4 11
4 12
4 5
5 12
6 11
6 13
6 7
7 13
8 9
9 13
11 12

# Unit Distance Graph 189
14 vertices
0 2
0 10
0 4
0 11
0 6
0 13
0 9
1 4
1 12
1 11
2 6
2 11
2 12
2 5
3 6
3 7
3 13
4 8
4 9
4 13
4 7
5 9
5 8
6 10
7 10
8 12

# Embedding 189 (with cost 9.33076e-15)
(0.189452, -0.63856, -0.382705) (0.168379, -0.227697, -0.766268) (0.192557, 0.289594, -0.754887) (0.142495, 0.18889, -0.170181) (0.427124, 0.206219, 0.0967312) (0.428156, -0.277094, 0.0346433) (1.0478, -0.130019, -0.450765) (0.857328, -0.353593, -0.611461) (0.386159, 0.0879391, -0.895404) (0.688697, 0.0841265, -0.860699) (0.175701, 0.3593, -0.446629) (0.944418, -0.017717, -0.171566) (0.712019, -0.011614, 0.044758) (0.939217, -0.0677117, -0.717347) 


# Original Graph 190 in [175, 200)
14 vertices
0 1
0 2
0 3
0 4
0 5
0 6
0 7
1 8
1 9
2 10
2 11
3 11
3 12
4 12
4 5
5 12
5 13
5 6
6 13
7 13
7 8
8 13
8 9
9 10
10 11
11 12

# Unit Distance Graph 190
14 vertices
0 5
0 13
0 8
0 9
0 10
0 11
0 12
1 4
1 5
1 12
2 5
2 6
2 13
3 7
3 8
3 13
4 9
4 8
5 10
5 9
6 11
6 10
7 12
7 11
8 12
11 13

# Embedding 190 (with cost 9.03578e-15)
(0.53788, 0.847876, -0.167883) (0.244467, 0.168361, 0.0550445) (0.378943, 0.5649, 0.47985) (0.157037, 0.911285, 0.540667) (-0.175233, 1.0539, 0.254204) (-0.444087, 0.892486, 0.015835) (-0.316794, 0.730877, -0.219007) (-0.0509457, 0.294099, -0.218164) (-0.0772081, 0.0844692, 0.0292917) (0.0806356, 0.0880224, 0.294233) (0.136533, 0.275792, 0.547408) (0.0733425, 0.670815, 0.699789) (-0.168736, 0.943337, 0.533245) (-0.376679, 0.443444, -0.163798) 


# Original Graph 191 in [175, 200)
14 vertices
0 1
0 2
0 3
0 4
0 5
1 6
1 3
1 7
2 8
2 3
3 9
3 7
3 4
4 10
5 10
5 6
6 10
7 11
8 11
8 12
8 13
8 9
9 13
9 12
11 12
12 13

# Unit Distance Graph 191
14 vertices
0 3
0 7
0 11
0 12
0 9
1 2
1 3
1 9
1 8
2 7
2 3
3 8
3 11
3 7
4 8
4 12
4 11
5 9
5 12
5 13
6 8
6 9
6 13
8 10
10 13
10 12

# Embedding 191 (with cost 7.73745e-15)
(0.419373, -0.0170606, 0.199715) (-0.398155, -0.327646, 0.246437) (0.455515, -0.112638, -0.227924) (-0.290135, 0.553551, -0.213807) (-0.136691, 0.451353, 0.119515) (0.152704, -0.0108981, 0.366531) (-0.213057, -0.151535, 0.380667) (-0.475491, -0.408679, -0.014415) (0.267985, -0.227938, -0.492695) (-0.207243, 0.289802, -0.516656) (-0.0867921, 0.153213, 0.361037) (-0.352141, -0.442763, -0.273088) (-0.216626, -0.32229, -0.509044) (-0.0612759, -0.0988368, -0.606341) 


# Original Graph 192 in [175, 200)
14 vertices
0 1
0 2
0 3
0 4
0 5
1 6
1 2
2 6
2 7
2 8
3 9
3 7
4 7
4 10
5 11
5 12
6 13
6 11
7 10
7 9
7 8
8 9
10 11
11 13
11 12
12 13

# Unit Distance Graph 192
14 vertices
0 2
0 7
0 10
0 11
0 6
1 4
1 10
1 7
2 5
2 11
2 10
2 4
3 6
3 11
3 13
4 6
5 8
5 7
6 7
7 13
7 12
8 12
8 11
9 11
9 12
9 13

# Embedding 192 (with cost 9.66792e-15)
(-0.574803, -0.15325, 0.550769) (0.159052, 0.186083, 0.435251) (0.408147, -0.10033, 0.374673) (-0.276031, -0.530426, 0.401652) (-0.390615, -0.430742, -0.128127) (-0.571008, 0.0840211, 0.289403) (0.227664, 0.299616, 0.162234) (-0.00325745, -0.633051, -0.114909) (0.30616, -0.396017, 0.301241) (0.0342426, -0.597604, 0.279376) (-0.229112, -0.236183, -0.383907) (-0.242555, 0.129302, -0.349106) (-0.384383, 0.278417, 0.0399174) (-0.0547524, 0.358834, 0.00133717) 


# Original Graph 193 in [175, 200)
14 vertices
0 1
0 2
0 3
0 4
0 5
1 6
1 7
2 8
2 9
3 10
3 4
4 10
4 9
4 6
4 11
4 5
5 11
6 11
6 12
6 7
7 12
8 13
8 9
9 13
9 10
12 13

# Unit Distance Graph 193
14 vertices
0 4
0 6
0 12
0 13
0 9
1 4
1 9
1 10
2 4
2 11
2 6
3 6
3 7
3 12
4 8
4 13
4 12
4 7
5 8
5 9
5 13
6 10
6 9
7 10
8 11
9 11

# Embedding 193 (with cost 7.84262e-15)
(0.614238, -0.791122, -0.0925006) (0.454866, -0.382901, 0.260816) (0.315674, -0.599963, -0.372541) (0.0115266, -1.09026, -0.0537674) (-0.265988, -1.07548, 0.287425) (0.0380072, -0.980801, 0.40737) (0.0215258, -0.275987, 0.526634) (0.142074, -0.162563, 0.296008) (-0.0256564, -0.379086, -0.388799) (-0.288101, -0.489113, -0.400031) (-0.245098, -0.978669, -0.133025) (-0.0656032, -0.747214, 0.540117) (-0.0887939, -0.108192, 0.105872) (-0.177797, -0.184077, -0.15713) 


# Original Graph 194 in [175, 200)
14 vertices
0 1
0 2
0 3
0 4
0 5
1 6
1 2
2 7
2 8
2 9
2 10
2 3
3 4
4 11
5 11
5 10
6 12
6 13
6 8
6 7
7 8
8 13
9 12
9 10
10 11
12 13

# Unit Distance Graph 194
14 vertices
0 2
0 9
0 12
0 13
0 8
1 2
1 10
1 9
2 6
2 12
2 9
2 10
2 5
3 6
3 13
3 12
4 6
4 8
4 13
5 8
5 7
6 11
6 10
7 10
7 11
8 11

# Embedding 194 (with cost 8.70757e-15)
(0.745553, 0.243779, -0.458498) (0.563146, 0.0297961, -0.608981) (-0.121115, 0.742653, -0.455284) (0.404574, 0.721576, -0.264707) (0.555498, 0.575437, -0.0612477) (0.652905, 0.279061, -0.0240352) (0.173182, -0.20828, -0.55076) (-0.194275, 0.368562, -0.547748) (-0.243632, 0.10006, -0.429226) (0.073013, 0.0730266, 0.261594) (0.286705, 0.264942, 0.322838) (0.493451, 0.3974, 0.177649) (-0.0388607, -0.119923, 0.0439115) (-0.16348, -0.100385, -0.22353) 


# Original Graph 195 in [175, 200)
14 vertices
0 1
0 2
0 3
0 4
0 5
1 6
1 7
2 8
2 3
3 8
3 9
3 10
3 11
4 11
4 10
5 10
5 12
6 13
6 9
6 7
7 9
8 9
10 13
10 12
10 11
12 13

# Unit Distance Graph 195
14 vertices
0 3
0 10
0 13
0 6
0 9
1 3
1 11
1 10
2 10
2 12
2 13
3 6
3 13
3 12
3 5
4 6
4 7
4 9
5 9
5 8
6 11
7 10
7 11
8 12
8 10
9 10

# Embedding 195 (with cost 8.56715e-15)
(-0.568772, 0.0918868, 0.0603138) (-0.301571, 0.29905, 0.316333) (-0.149355, -0.302061, 0.309313) (0.238465, -0.498179, 0.046545) (-0.189686, -0.118454, -0.33871) (-0.16337, 0.343448, -0.314275) (0.330546, 0.469694, 0.280516) (0.179326, 0.299626, 0.491374) (0.14366, -0.261167, 0.420689) (0.326364, 0.039962, 0.503072) (0.264711, 0.132003, -0.490773) (0.182575, -0.356224, -0.263511) (0.147659, 0.437316, -0.294926) (0.341089, 0.491832, -0.0501303) 


# Original Graph 196 in [175, 200)
14 vertices
0 1
0 2
0 3
0 4
0 5
1 6
1 7
2 8
2 9
3 9
3 4
4 9
4 6
4 10
4 11
4 5
5 11
6 10
6 7
7 12
8 13
8 9
9 13
9 12
10 11
12 13

# Unit Distance Graph 196
14 vertices
0 4
0 6
0 7
0 12
0 9
1 3
1 4
1 9
2 4
2 10
2 6
3 7
3 6
4 8
4 13
4 12
4 7
5 9
5 12
5 13
6 9
8 11
8 10
9 10
9 11
11 13

# Embedding 196 (with cost 9.89091e-15)
(0.854985, -0.0761828, 0.271976) (0.564498, -0.00355274, 0.815067) (0.542181, 0.14247, 0.138146) (0.0919036, -0.344128, 0.00225536) (0.109602, -0.741342, 0.316332) (0.636689, -0.509381, 0.387681) (0.178171, -0.229733, 0.991938) (0.103484, 0.0573393, 0.918055) (0.224671, 0.239647, 0.160069) (-0.115739, 0.076373, 0.0864458) (0.218248, -0.502343, 0.830449) (0.347418, -0.659135, 0.580929) (-0.0262794, 0.185897, 0.66528) (-0.014513, 0.249361, 0.372026) 


# Original Graph 197 in [175, 200)
14 vertices
0 1
0 2
0 3
0 4
0 5
0 6
1 6
1 7
2 7
2 8
3 8
3 9
3 10
4 10
4 11
4 12
5 12
5 13
6 13
6 9
7 9
8 9
10 11
11 13
11 12
12 13

# Unit Distance Graph 197
14 vertices
0 3
0 10
0 11
0 13
0 6
0 9
1 4
1 11
1 10
2 11
2 12
2 13
3 6
3 13
3 5
4 7
4 9
4 6
5 9
5 8
6 10
7 12
7 11
8 13
8 12
9 12

# Embedding 197 (with cost 9.29063e-15)
(-0.656687, -0.0527215, -0.319244) (-0.611256, -0.129778, 0.308142) (-0.692796, 0.2694, 0.0739458) (-0.127025, 0.628136, 0.186613) (0.119605, 0.147436, -0.315553) (-0.0462899, -0.320966, -0.117834) (-0.179573, -0.313144, 0.520126) (-0.629051, 0.173341, 0.346899) (-0.457673, 0.509286, 0.258259) (-0.355735, 0.369799, 0.535685) (0.107713, 0.499634, 0.0133137) (0.28911, 0.122933, -0.0460892) (0.195633, -0.146977, -0.119247) (0.056947, -0.346127, 0.316869) 


# Original Graph 198 in [175, 200)
14 vertices
0 1
0 2
0 3
0 4
0 5
0 6
0 7
1 7
1 8
1 2
2 9
2 3
3 9
3 10
4 10
4 11
5 11
5 12
6 12
6 13
7 13
7 8
8 13
8 12
9 11
9 10

# Unit Distance Graph 198
14 vertices
0 1
0 2
0 9
0 11
0 5
0 12
0 8
1 5
1 11
1 4
2 6
2 12
2 5
3 6
3 13
3 8
3 12
4 8
4 7
6 9
7 11
7 9
7 10
8 10
9 13
10 13

# Embedding 198 (with cost 9.81102e-15)
(0.0029593, 0.228523, -1.13668) (0.86098, -0.141881, -0.780872) (0.878204, 0.259752, -0.654011) (0.658624, 0.487278, -0.569496) (0.0537101, 0.44802, -0.762645) (0.0604372, -0.0744149, -0.185407) (0.0423018, -0.200397, -0.953228) (0.605252, -0.383142, -0.83316) (0.371053, -0.469315, -0.522248) (0.406722, 0.394838, -0.237063) (0.373154, 0.530417, -0.499183) (0.163705, 0.19868, -0.150137) (0.145555, -0.334884, -0.322901) (0.307471, -0.416953, -0.812514) 


# Original Graph 199 in [175, 200)
14 vertices
0 1
0 2
0 3
0 4
0 5
0 6
0 7
1 8
1 9
2 9
2 10
2 11
3 11
3 4
4 10
4 5
5 12
5 6
6 13
7 13
7 12
7 8
8 12
9 10
10 11
12 13

# Unit Distance Graph 199
14 vertices
0 1
0 9
0 10
0 4
0 5
0 12
0 8
1 5
1 4
2 5
2 6
2 13
2 12
3 7
3 8
3 12
4 8
4 7
5 9
6 10
6 9
7 10
7 11
10 13
11 12
11 13

# Embedding 199 (with cost 9.31556e-15)
(-0.0917365, -0.466036, -0.685515) (0.0648593, -0.0163762, 0.193851) (0.255231, -0.510674, 0.118672) (0.00441258, -0.797024, -0.246006) (-0.515586, -0.829162, 0.144238) (-0.739662, -0.596153, 0.064993) (-0.541275, -0.260995, -0.431999) (-0.363948, 0.12382, -0.118116) (-0.180881, 0.112962, 0.124926) (0.185741, -0.268, 0.254585) (-0.00919853, -0.723428, 0.277261) (0.117366, -0.741773, 0.0200362) (-0.661416, -0.115622, 0.0579068) (-0.572753, -0.0549775, -0.208105) 
