# Original Graph 600 in [600, 625)
14 vertices
0 1
0 2
0 3
0 4
1 4
1 5
1 6
1 7
2 8
2 3
3 9
4 9
4 10
4 11
4 6
4 5
5 6
6 11
6 7
7 11
7 10
8 12
8 13
9 13
10 12
12 13

# Unit Distance Graph
14 vertices
0 4
0 11
0 7
0 10
1 4
1 10
1 12
1 13
1 9
2 4
2 6
2 11
3 6
3 7
3 11
4 8
4 12
4 10
4 7
5 8
5 13
5 12
6 9
6 13
6 8
7 9

# Embedding (with cost 9.79682e-15)
(-0.181373, 0.332656, 0.698259) (-0.381538, 0.633492, 0.587189) (0.179236, 0.180945, 0.53294) (-0.0481387, -0.02848, 0.374701) (-0.471908, 0.0404533, -0.212898) (-0.518753, 0.675331, 0.212819) (-0.342317, 0.854757, 0.00952742) (0.138981, 0.825547, -0.110711) (0.362134, 0.212369, 0.311334) (-0.152952, -0.126675, -0.0210011) (0.337617, 0.617999, -0.107489) (-0.145325, 0.791344, -0.189607) (0.426468, 0.392717, 0.0494583) (0.252094, 0.0533012, 0.0754372) 
# Original Graph 601 in [600, 625)
14 vertices
0 1
0 2
0 3
0 4
1 5
1 2
2 6
2 7
2 8
2 9
2 3
3 9
3 7
3 10
4 11
4 12
5 12
5 13
6 13
6 10
7 10
7 9
7 8
8 9
11 13
11 12

# Unit Distance Graph
14 vertices
0 2
0 7
0 10
0 6
1 3
1 10
1 7
2 4
2 11
2 13
2 6
2 10
2 3
3 6
3 13
3 5
4 8
4 7
5 7
5 9
7 12
8 12
8 11
9 13
9 11
9 12

# Embedding (with cost 9.95702e-15)
(-0.439907, -0.0295813, 0.531096) (-0.196973, -0.0691527, -0.255299) (-0.357793, -0.389041, -0.398445) (-0.800439, -0.334629, 0.496599) (-0.413507, 0.216983, 0.395048) (-0.244387, 0.188681, -0.14912) (-1.00212, 0.350425, -0.20342) (-1.18516, -0.149473, -0.124814) (-0.918302, -0.457698, -0.143458) (-0.920355, -0.490227, 0.1375) (-1.16883, 0.13275, -0.133971) (-0.573094, 0.447018, 0.106184) (-0.324973, 0.311946, 0.0923581) (-0.769718, 0.470443, -0.0957823) 
# Original Graph 602 in [600, 625)
14 vertices
0 1
0 2
0 3
0 4
1 4
1 5
1 6
1 2
2 7
3 8
3 9
3 10
4 10
4 11
4 12
4 13
5 13
5 6
6 7
7 13
8 13
8 12
9 11
9 10
10 11
11 12

# Unit Distance Graph
14 vertices
0 4
0 13
0 8
0 12
1 3
1 9
1 11
1 12
1 8
2 4
2 12
2 11
3 5
3 13
3 4
4 8
4 13
4 7
5 10
5 9
6 9
6 10
6 11
7 11
7 10
10 13

# Embedding (with cost 9.99706e-15)
(0.81284, -0.210652, -0.260267) (0.741418, 0.581477, -0.124527) (0.940669, -0.0021678, -0.118161) (0.604762, -0.408669, -0.155125) (0.0326861, 0.41084, -0.188804) (0.72484, 0.425364, 0.383364) (0.833066, 0.4813, 0.128103) (0.920261, 0.235299, 0.237101) (0.43161, 0.0121388, 0.636966) (0.252818, -0.291011, -0.130447) (0.0627342, -0.0845691, -0.165803) (-0.037996, -0.00816737, 0.0872116) (0.0579866, 0.0274762, 0.350872) (0.605682, 0.233595, 0.611358) 
# Original Graph 603 in [600, 625)
14 vertices
0 1
0 2
0 3
0 4
1 4
1 5
2 6
2 3
3 7
3 4
4 8
4 9
4 10
4 11
4 12
5 12
5 11
5 13
6 8
6 7
7 8
8 9
9 13
10 13
10 11
11 12

# Unit Distance Graph
14 vertices
0 4
0 10
0 13
0 9
1 4
1 9
1 8
2 4
2 11
2 10
3 5
3 13
3 10
3 11
4 6
4 8
4 9
4 13
4 5
5 8
5 7
6 12
6 11
7 11
7 12
8 12

# Embedding (with cost 9.96488e-15)
(0.619897, 0.714184, -0.268501) (0.405802, 0.845242, -0.438204) (0.619225, 0.472474, -0.0803575) (0.497673, 0.649663, 0.402421) (0.0556648, 1.09277, 0.465196) (0.131083, 0.858872, -0.504135) (0.348815, 0.194203, 0.138646) (0.41009, 0.389644, 0.333709) (0.0759659, 0.133822, 0.182353) (-0.172363, 0.204367, 0.066777) (-0.364474, 0.650701, -0.104235) (-0.275213, 0.90918, -0.176628) (-0.0474487, 0.98637, -0.325516) (-0.306582, 0.367999, -0.120876) 
# Original Graph 604 in [600, 625)
14 vertices
0 1
0 2
0 3
1 4
1 5
2 5
2 6
2 3
3 7
4 8
4 9
4 10
4 5
5 10
5 9
5 11
5 8
5 12
6 13
6 7
7 13
8 12
8 11
9 11
9 10
12 13

# Unit Distance Graph
14 vertices
0 5
0 8
0 11
1 5
1 12
1 8
2 4
2 9
2 11
2 8
3 5
3 11
3 9
4 6
4 13
4 12
4 5
5 8
5 12
5 13
5 7
6 10
6 9
7 9
7 10
10 13

# Embedding (with cost 9.82275e-15)
(0.182344, 0.260655, 0.176567) (0.1982, 0.457495, -0.0295284) (-0.406004, 0.159233, 0.477831) (0.0684927, 0.0160833, 0.268521) (0.110396, 0.543079, -0.287671) (-0.777918, 0.539711, 0.171552) (-0.317762, -0.084013, 0.363049) (-0.111822, -0.205098, 0.211259) (-0.456431, -0.157289, -0.469413) (-0.441568, 0.434903, -0.482763) (-0.25124, 0.604095, -0.359504) (-0.535391, 0.169166, -0.513713) (-0.419358, -0.303098, -0.22983) (-0.289618, -0.319883, 0.021012) 
# Original Graph 605 in [600, 625)
14 vertices
0 1
0 2
0 3
1 3
1 4
2 5
2 6
3 6
3 7
3 4
4 7
4 8
5 9
5 10
5 11
6 11
6 12
6 13
6 9
6 8
7 8
8 9
9 13
10 12
10 11
12 13

# Unit Distance Graph
14 vertices
0 6
0 9
0 13
1 6
1 13
1 12
2 6
2 8
2 9
3 5
3 10
3 12
3 13
3 9
4 6
4 12
4 10
4 11
5 7
5 8
5 6
6 9
6 8
7 11
7 10
8 11

# WARNING: failed to find good embedding
# Embedding (with cost 0.00212389)
(-0.22126, 0.435646, 0.163349) (0.0390504, 0.504403, 0.0766824) (-0.428302, 0.246526, 0.200321) (0.364887, 0.347407, 0.452394) (0.290826, 0.42683, -0.0477384) (-0.511899, -0.0194482, 0.152682) (0.288616, -0.219793, 0.718475) (0.432736, 0.33293, 0.178192) (0.389188, -0.0869858, -0.264719) (0.242262, -0.328406, -0.276075) (-0.304951, -0.342766, 0.151196) (-0.398548, -0.175739, 0.359382) (-0.0652617, -0.492422, 0.138861) (0.133204, -0.47786, -0.0621354) 
# Original Graph 606 in [600, 625)
14 vertices
0 1
0 2
0 3
1 3
1 4
1 5
2 5
2 6
3 7
3 4
4 7
4 8
5 8
5 9
5 10
5 11
5 12
6 12
6 13
6 9
7 8
8 9
9 10
10 13
11 13
11 12

# Unit Distance Graph
14 vertices
0 5
0 10
0 9
1 6
1 9
1 10
1 13
2 5
2 9
2 8
3 5
3 11
3 13
3 10
4 6
4 13
4 11
4 12
5 7
5 8
5 9
5 6
6 8
7 12
7 11
8 12

# WARNING: failed to find good embedding
# Embedding (with cost 0.052717)
(-0.240437, -0.382105, 0.30692) (0.244595, -0.25674, -0.0446399) (-0.493509, -0.292144, 0.395586) (0.0311992, -0.417116, -0.138137) (-0.0694237, -0.235867, -0.480191) (-0.118677, 0.575487, 0.0576563) (-0.712843, -0.203053, 0.240811) (-0.33504, -0.179715, -0.559531) (0.158999, -0.235583, -0.313388) (-0.585342, -0.0399928, -0.564254) (-0.471712, 0.425023, -0.245305) (-0.310057, 0.394505, 0.263653) (-0.48921, 0.00329692, 0.404706) (-0.388175, 0.501664, 0.0138237) 
# Original Graph 607 in [600, 625)
14 vertices
0 1
0 2
0 3
1 3
1 4
1 5
2 5
2 6
2 7
2 8
2 3
3 9
3 4
4 9
4 10
5 11
5 12
5 6
6 12
7 12
7 13
8 13
8 11
8 10
9 10
11 13

# Unit Distance Graph
14 vertices
0 8
0 11
0 13
1 2
1 8
1 13
1 7
2 5
2 11
2 8
2 10
2 4
3 5
3 12
3 7
3 13
3 11
4 7
4 12
4 6
5 9
5 10
5 8
6 10
6 9
9 12

# Embedding (with cost 8.12527e-15)
(0.695165, -0.114913, 0.379873) (0.17995, -0.42072, -0.0254078) (0.574377, 0.138484, 0.703782) (0.807726, -0.00344225, 0.139835) (0.516773, 0.0635134, -0.291738) (-0.130367, -0.346713, 0.186172) (-0.0597105, -0.12166, 0.504112) (-0.0368278, 0.427935, 0.457076) (0.141754, 0.576827, -0.0840576) (0.704595, 0.129345, -0.0898863) (0.344277, 0.432019, -0.22406) (-0.132622, 0.314523, 0.0188285) (-0.122134, 0.154429, 0.472154) (-0.0332794, 0.536817, 0.168644) 
# Original Graph 608 in [600, 625)
14 vertices
0 1
0 2
0 3
0 4
1 4
1 5
2 6
2 7
2 8
2 9
3 10
3 11
3 4
4 11
5 9
5 12
5 13
5 6
6 13
7 13
7 12
8 12
8 9
9 11
9 10
10 11

# Unit Distance Graph
14 vertices
0 5
0 12
0 8
0 9
1 2
1 9
1 8
2 5
2 9
2 11
2 4
3 5
3 13
3 7
3 12
4 8
4 12
4 7
5 10
5 9
6 9
6 10
6 11
7 11
10 13
11 13

# Embedding (with cost 9.87296e-15)
(-0.493269, -0.441068, 0.180257) (-0.139641, 0.361706, 0.00169708) (-0.508046, -0.444612, 0.464439) (-0.27683, -0.451114, -0.00154893) (-0.0518337, 0.16608, -0.182806) (-0.120622, 0.470591, 0.353501) (-0.384039, 0.132273, 0.574522) (-0.05455, 0.0835222, 0.813777) (0.366148, -0.218169, 0.640386) (0.481064, -0.327857, 0.37483) (0.348746, -0.383978, 0.131227) (0.295874, -0.201568, -0.0783705) (0.202399, -0.0243543, 0.765403) (-0.166182, 0.291915, 0.6585) 
# Original Graph 609 in [600, 625)
14 vertices
0 1
0 2
0 3
1 4
1 5
1 6
1 7
1 8
2 8
2 9
3 9
3 10
4 11
4 8
4 5
5 8
5 12
6 12
6 7
7 8
8 12
9 13
9 10
10 13
10 11
11 13

# Unit Distance Graph
14 vertices
0 4
0 5
0 8
1 2
1 9
1 13
1 11
1 4
1 8
2 5
2 4
3 5
3 12
3 8
4 8
5 9
6 9
6 10
6 13
7 10
7 11
7 13
8 11
8 10
9 12
10 12

# Embedding (with cost 9.87194e-15)
(-0.279351, 0.422692, -0.282862) (-0.178212, 0.699131, -0.0363543) (0.160895, -0.229925, -0.184207) (-0.376113, 0.0537681, -0.314436) (-0.437273, -0.0337279, 0.592775) (-0.217321, 0.126353, 0.670204) (0.0267844, 0.623069, 0.172237) (0.255813, 0.459587, 0.143607) (0.480676, -0.0161741, 0.196466) (-0.112514, -0.278048, -0.238352) (-0.426095, -0.193302, -0.186147) (-0.495911, -0.166717, 0.350133) (0.00269099, 0.281068, 0.582694) (-0.438145, -0.258343, 0.088852) 
# Original Graph 610 in [600, 625)
14 vertices
0 1
0 2
0 3
0 4
1 5
1 6
2 7
2 8
2 9
2 10
3 10
3 11
3 8
3 12
3 4
4 5
5 13
5 6
6 13
6 12
7 12
7 8
8 11
9 11
9 10
12 13

# Unit Distance Graph
14 vertices
0 3
0 12
0 7
0 8
1 3
1 8
1 11
2 3
2 4
2 5
2 13
2 12
3 7
3 12
3 6
4 8
4 7
5 9
5 11
5 8
6 11
6 9
6 10
9 13
10 12
10 13

# Embedding (with cost 9.82863e-15)
(0.532617, 0.133149, -0.337218) (0.472023, 0.0342385, -0.0792542) (0.476662, 0.387779, -0.446914) (-0.454005, 0.0220365, -0.456512) (-0.304697, -0.19526, -0.224329) (-0.176262, -0.202612, 0.027565) (0.109334, 0.112011, 0.364801) (-0.101759, 0.685456, 0.203638) (-0.183274, 0.789359, -0.098705) (0.0393821, 0.62492, -0.490788) (0.219457, 0.425212, -0.57848) (-0.200682, 0.714271, -0.370844) (-0.0961012, 0.456712, 0.369903) (-0.105647, -0.0313009, 0.249713) 
# Original Graph 611 in [600, 625)
14 vertices
0 1
0 2
0 3
0 4
1 5
1 6
2 7
2 8
2 9
2 10
2 3
3 10
3 9
3 8
3 11
3 4
4 5
5 12
6 12
6 13
7 11
7 8
8 9
9 10
11 13
12 13

# Unit Distance Graph
14 vertices
0 3
0 11
0 7
0 8
1 3
1 8
1 9
2 3
2 4
2 5
2 12
2 13
2 11
3 7
3 11
3 13
3 6
4 8
4 7
5 9
5 8
6 9
6 10
9 12
10 13
10 12

# Embedding (with cost 9.93692e-15)
(0.847434, 0.0579336, 0.169399) (0.750082, 0.14012, -0.0831242) (0.629468, -0.0281465, 0.524885) (0.363418, -0.782072, -0.0757928) (0.552825, -0.444732, -0.380975) (0.52438, -0.174258, -0.458786) (0.528706, 0.188219, -0.252473) (-0.15165, 0.0506859, 0.127233) (-0.116502, -0.168752, 0.308835) (0.0771746, -0.418656, 0.401608) (0.287919, -0.591356, 0.325701) (-0.100427, 0.10103, -0.146358) (0.355585, 0.0563757, -0.433157) (0.11947, 0.157762, -0.31496) 
# Original Graph 612 in [600, 625)
14 vertices
0 1
0 2
0 3
0 4
1 5
1 6
1 7
1 8
1 9
2 9
2 3
3 10
3 4
4 11
5 12
5 9
5 6
6 13
7 13
7 9
7 8
8 9
9 13
10 12
10 11
11 12

# Unit Distance Graph
14 vertices
0 5
0 6
0 13
0 9
1 2
1 3
1 10
1 12
1 5
1 9
2 6
2 5
3 7
3 13
3 6
4 7
4 9
4 13
5 9
7 11
7 10
8 10
8 11
8 12
9 12
9 11

# Embedding (with cost 9.98587e-15)
(-0.137115, 0.361373, 0.51546) (-0.0525457, 0.750532, 0.474685) (0.228584, -0.0230497, -0.0932385) (0.219309, -0.157338, 0.155519) (0.0744298, 0.085006, 0.582224) (0.860672, 0.357399, 0.581835) (0.832292, 0.587326, 0.419575) (0.491219, 0.794522, 0.0140037) (0.214747, 0.801281, 0.0733125) (0.41926, 0.359307, -0.315468) (0.400512, -0.134962, 0.371539) (0.456103, -0.0034366, 0.615692) (0.71095, 0.119141, 0.610403) (0.725634, 0.704933, 0.144476) 
# Original Graph 613 in [600, 625)
14 vertices
0 1
0 2
0 3
0 4
0 5
1 5
1 2
2 6
2 3
3 7
4 8
4 9
4 10
4 11
5 11
5 10
5 12
5 13
6 13
6 7
7 13
8 13
8 9
9 12
10 12
10 11

# Unit Distance Graph
14 vertices
0 5
0 13
0 8
0 9
0 12
1 4
1 9
1 8
2 4
2 10
2 12
2 9
3 5
3 12
3 10
4 6
4 13
4 5
5 8
5 13
5 7
6 11
6 10
7 10
7 11
11 13

# Embedding (with cost 9.98578e-15)
(0.495655, -0.00255002, -0.216238) (0.0522193, -0.523719, -0.497046) (0.0661547, -0.280851, -0.641339) (0.192421, 0.0858133, -0.514559) (0.304576, 0.0771308, 0.261437) (-0.168093, -0.737148, -0.0755106) (-0.134088, -0.0782857, -0.623673) (-0.249143, 0.156762, -0.516367) (-0.469464, 0.216354, -0.0726193) (-0.429574, 0.0579866, 0.158312) (-0.105187, -0.334994, 0.342383) (0.154227, -0.200544, 0.326025) (-0.352956, -0.222824, 0.26474) (-0.479611, 0.172043, -0.351786) 
# Original Graph 614 in [600, 625)
14 vertices
0 1
0 2
0 3
0 4
1 4
1 5
1 2
2 6
2 7
2 8
2 9
2 3
3 9
3 10
3 11
4 12
4 5
5 12
5 13
6 13
6 11
7 11
7 10
8 10
8 9
12 13

# Unit Distance Graph
14 vertices
0 2
0 7
0 11
0 6
1 3
1 11
1 7
1 10
2 4
2 12
2 13
2 6
2 11
2 3
3 6
3 13
3 5
4 8
4 10
4 7
5 10
5 8
5 9
8 12
9 13
9 12

# WARNING: failed to find good embedding
# Embedding (with cost 0.0284996)
(-0.509564, -0.45322, -0.247841) (0.209904, -0.594217, -0.603631) (0.300698, -0.88054, 0.15393) (-0.537747, -0.361389, 0.0181907) (-0.329587, -0.415942, -0.462826) (0.229051, -0.313585, -0.63328) (0.371149, -0.0891951, -0.380373) (0.276354, -0.110501, 0.269639) (0.261119, -0.651417, 0.314978) (0.0384559, -0.790251, 0.209403) (0.224525, -0.370519, 0.368152) (0.232389, 0.115182, 0.104914) (0.110522, -0.100698, -0.489648) (0.300146, 0.0834082, -0.167848) 
# Original Graph 615 in [600, 625)
14 vertices
0 1
0 2
0 3
0 4
1 4
1 5
1 6
1 2
2 6
3 7
3 8
3 9
3 4
4 9
4 10
4 11
4 12
5 13
5 6
6 13
7 12
7 11
8 10
8 9
10 11
12 13

# Unit Distance Graph
14 vertices
0 4
0 12
0 7
0 11
1 3
1 8
1 10
1 11
1 7
2 4
2 11
2 10
3 5
3 13
3 12
3 4
4 7
4 12
4 13
4 6
5 9
5 8
6 10
6 8
6 9
9 13

# WARNING: failed to find good embedding
# Embedding (with cost 0.0243084)
(0.323987, 0.0394045, 0.193507) (0.211833, -0.676979, 0.550979) (0.148306, -0.226233, 0.416121) (0.37926, 0.0784818, -0.0811166) (0.878398, -0.778342, 0.0107484) (-0.0342835, -0.728876, 0.346599) (0.0302246, -0.479039, 0.462445) (-0.0149875, -0.666901, -0.425794) (0.648064, -0.420046, -0.316348) (0.823393, -0.538444, -0.12862) (0.531954, -0.666786, -0.391432) (0.260798, -0.726602, -0.445247) (-0.0819637, -0.82856, 0.0862344) (-0.130106, -0.739051, -0.177717) 
# Original Graph 616 in [600, 625)
14 vertices
0 1
0 2
0 3
0 4
1 4
1 5
1 6
1 2
2 6
2 3
3 7
3 8
3 9
4 9
4 10
4 11
5 12
5 6
6 12
7 12
7 13
8 10
8 9
10 13
11 13
11 12

# Unit Distance Graph
14 vertices
0 7
0 13
0 11
0 12
1 3
1 8
1 10
1 13
1 7
2 4
2 11
2 13
2 10
3 5
3 12
3 11
3 4
4 7
4 12
4 6
5 9
5 8
6 10
6 8
6 9
9 12

# Embedding (with cost 9.37895e-15)
(0.083244, -0.564732, 0.248029) (0.415688, -0.346618, 0.103126) (0.0415136, -0.162732, 0.594268) (-0.49915, -0.200679, 0.479656) (-0.0201223, -0.550585, -0.32539) (0.323161, 0.209009, 0.0847363) (0.288293, 0.111377, 0.357754) (-0.320653, 0.327632, 0.0466523) (-0.56847, -0.229079, -0.0296044) (-0.405259, -0.453706, -0.089087) (-0.478216, -0.0781796, -0.255869) (-0.079891, 0.249929, -0.30849) (0.120873, 0.39473, -0.0312832) (-0.355265, 0.177934, -0.25809) 
# Original Graph 617 in [600, 625)
14 vertices
0 1
0 2
0 3
0 4
1 4
1 5
1 2
2 6
2 3
3 7
3 8
3 9
3 4
4 9
4 8
4 10
5 11
5 6
6 11
7 12
7 13
8 13
8 9
10 13
10 12
11 12

# Unit Distance Graph
14 vertices
0 7
0 13
0 10
0 12
1 3
1 8
1 13
1 7
2 4
2 10
2 13
2 8
3 5
3 11
3 12
3 10
3 4
4 7
4 12
4 11
4 6
5 9
5 8
6 8
6 9
9 11

# Embedding (with cost 8.62302e-15)
(-0.440223, -0.142259, 0.0482777) (-0.141957, -0.0640323, 0.250134) (0.00757127, -0.208996, -0.341933) (-0.251197, 0.0451254, -0.73787) (-0.721787, 0.310016, 0.103782) (0.144403, 0.0830841, 0.179769) (0.206266, -0.0149239, -0.0782379) (0.0106483, 0.527964, -0.541227) (-0.474375, 0.667197, -0.345518) (-0.650004, 0.449247, -0.304837) (-0.0140586, 0.754122, -0.073724) (0.276489, 0.345195, 0.0568037) (0.222245, 0.59986, -0.0536752) (-0.212578, 0.765714, -0.303521) 
# Original Graph 618 in [600, 625)
14 vertices
0 1
0 2
0 3
1 3
1 4
1 5
1 6
1 7
1 8
2 8
2 9
3 9
3 10
4 11
4 12
4 5
5 12
5 6
6 8
6 7
7 8
8 12
9 13
10 13
10 11
11 13

# Unit Distance Graph
14 vertices
0 4
0 5
0 12
1 2
1 9
1 13
1 11
1 4
1 12
1 8
2 5
2 4
3 5
3 6
3 8
3 12
4 8
5 9
6 10
6 13
6 9
7 10
7 11
7 13
8 11
8 10

# Embedding (with cost 9.63561e-15)
(-0.166912, 0.511782, -0.674623) (0.286971, 0.451491, -0.49617) (-0.515211, -0.0174513, -0.865759) (-0.297072, 0.621923, -0.410995) (-0.288897, -0.103074, 0.104525) (0.0366852, -0.255557, -0.0665617) (0.205511, -0.242496, -0.397278) (0.190683, -0.105556, -0.675358) (-0.300068, -0.259624, -0.883082) (-0.669791, 0.187555, -0.618417) (-0.496874, 0.440444, -0.196662) (-0.486427, 0.0998448, 0.0312772) (-0.218073, -0.341862, -0.156286) (-0.666924, 0.234132, -0.289192) 
# Original Graph 619 in [600, 625)
14 vertices
0 1
0 2
0 3
0 4
1 4
1 5
2 6
2 7
2 3
3 7
3 8
3 9
3 10
3 11
3 4
4 11
5 11
5 12
6 13
6 8
7 8
8 9
9 13
10 13
10 12
11 12

# Unit Distance Graph
14 vertices
0 3
0 10
0 13
0 9
1 3
1 9
1 8
2 3
2 11
2 12
2 10
3 6
3 13
3 10
3 12
3 5
4 6
4 8
4 9
4 13
5 8
5 7
6 11
7 12
7 11
8 11

# Embedding (with cost 8.66285e-15)
(-0.0658218, -0.0400381, -0.178187) (-0.201308, 0.297461, -0.263512) (0.112443, -0.169898, 0.184831) (-0.827035, 0.0242534, 0.46712) (-0.508118, 0.26211, -0.216441) (-0.266286, 0.619802, -0.108104) (0.16208, 0.161969, 0.518955) (-0.138306, -0.158512, 0.506589) (-0.182517, 0.0405757, 0.702747) (-0.211875, 0.339071, 0.735566) (-0.160007, 0.766705, 0.40516) (-0.537306, 0.539659, -0.0878481) (-0.241962, 0.763832, 0.134384) (-0.0195665, 0.601802, 0.587254) 
# Original Graph 620 in [600, 625)
14 vertices
0 1
0 2
0 3
0 4
1 4
1 5
1 6
2 6
2 7
3 8
3 9
3 10
4 10
4 11
4 12
4 13
5 13
5 7
6 7
7 13
8 13
8 12
9 12
9 11
9 10
11 12

# Unit Distance Graph
14 vertices
0 4
0 13
0 8
0 12
1 3
1 9
1 12
1 8
2 4
2 12
2 11
3 5
3 13
3 4
4 8
4 13
4 7
5 10
5 9
6 9
6 11
6 12
7 11
7 9
7 10
10 13

# Embedding (with cost 7.5697e-15)
(-0.398652, 0.256234, 0.395616) (0.414086, 0.0531031, 0.538343) (-0.191307, 0.483573, 0.474755) (-0.448679, 0.145405, 0.0412348) (0.453035, -0.241996, 0.233149) (0.395108, 0.643804, 0.24029) (0.099489, 0.489915, 0.544563) (0.142213, 0.700566, 0.355487) (0.248335, 0.58327, -0.293191) (-0.149909, -0.00963057, -0.285049) (-0.0874232, -0.176999, -0.0654006) (0.156369, -0.069404, -0.282436) (0.182331, 0.231545, -0.417925) (0.369581, 0.712386, -0.0535415) 
# Original Graph 621 in [600, 625)
14 vertices
0 1
0 2
0 3
0 4
1 5
1 6
1 2
2 7
2 8
2 9
2 10
3 10
3 11
3 12
4 13
4 5
5 6
6 13
6 7
7 13
7 12
8 12
8 11
8 9
9 11
9 10

# Unit Distance Graph
14 vertices
0 2
0 8
0 12
0 7
1 3
1 12
1 8
1 11
2 4
2 13
2 7
2 12
2 3
3 7
3 6
4 9
4 8
5 8
5 9
5 11
6 11
6 9
6 10
7 10
9 13
10 13

# Embedding (with cost 9.51506e-15)
(-0.335574, 0.488675, -0.304324) (0.211466, 0.795599, 0.253026) (0.103342, 0.39619, 0.589432) (-0.371343, 0.165337, -0.25991) (-0.102773, 0.641822, -0.357765) (0.212473, 0.806511, -0.158815) (0.473267, 0.68991, -0.152877) (0.626842, 0.223666, -0.244944) (0.344294, -0.168179, 0.0217494) (0.00170398, 0.0141493, 0.41367) (-0.231455, 0.109662, 0.255386) (-0.0579271, -0.139194, 0.0215335) (0.511189, -0.0357407, -0.214991) (0.499491, 0.466991, -0.32602) 
# Original Graph 622 in [600, 625)
14 vertices
0 1
0 2
0 3
0 4
1 5
1 6
1 2
2 7
2 8
2 9
2 10
3 10
3 9
3 11
3 4
4 5
5 12
6 12
6 13
7 13
7 8
8 11
8 9
9 10
11 13
12 13

# Unit Distance Graph
14 vertices
0 7
0 8
0 11
0 13
1 3
1 11
1 8
1 9
2 3
2 4
2 5
2 12
2 13
2 11
3 7
3 13
3 6
4 8
4 7
5 9
5 8
6 9
6 10
9 12
10 13
10 12

# Embedding (with cost 9.41275e-15)
(-0.312472, -0.181933, -0.193753) (-0.0565719, 0.229002, -0.089712) (0.157237, -0.0051256, -0.589879) (-0.150482, -0.763823, -0.0156949) (-0.257994, -0.452652, 0.202146) (-0.141629, -0.224837, 0.33878) (0.23373, 0.116201, 0.263481) (0.67695, -0.203322, -0.0502707) (0.644318, -0.470622, -0.228563) (0.398395, -0.600141, -0.41456) (0.141563, -0.520294, -0.502274) (0.556319, -0.516956, 0.170886) (0.118219, -0.100057, 0.40484) (0.540054, -0.126304, 0.325964) 
# Original Graph 623 in [600, 625)
14 vertices
0 1
0 2
0 3
1 3
1 4
1 5
1 6
2 7
2 8
3 8
3 9
4 10
4 11
5 11
5 7
5 6
6 7
7 12
7 8
8 13
9 13
9 10
10 13
10 12
10 11
11 12

# Unit Distance Graph
14 vertices
0 10
0 11
0 12
1 7
1 8
1 13
1 10
1 12
2 4
2 11
2 10
3 5
3 7
3 12
3 11
4 8
4 7
5 9
5 13
5 8
6 9
6 10
6 13
7 10
7 9
8 11

# Embedding (with cost 9.8576e-15)
(-0.210189, 0.659206, 0.117471) (-0.263341, 0.535911, -0.206993) (0.0549945, 0.385978, 0.477664) (-0.509084, 0.645359, 0.22821) (-0.554149, -0.0683598, -0.172352) (-0.00451467, -0.150624, -0.106188) (0.161359, 0.0408345, 0.0535029) (0.192925, -0.0167955, 0.490386) (-0.332335, 0.250815, 0.74902) (-0.742575, 0.318456, 0.378818) (-0.786111, -0.132165, 0.322522) (-0.409888, -0.300155, -0.0818943) (-0.264207, -0.320847, 0.308726) (-0.683435, 0.0944977, 0.585898) 
# Original Graph 624 in [600, 625)
14 vertices
0 1
0 2
0 3
1 4
1 5
2 6
2 7
2 8
2 9
3 10
3 11
4 11
4 12
5 12
5 13
6 13
6 7
7 13
7 10
7 8
8 10
8 9
9 10
10 13
10 11
12 13

# Unit Distance Graph
14 vertices
0 7
0 10
0 13
1 7
1 8
1 10
2 4
2 12
2 13
2 10
2 11
3 6
3 7
3 13
4 8
4 7
5 8
5 9
5 10
6 11
6 10
7 11
8 12
9 13
9 12
10 13

# Embedding (with cost 9.52441e-15)
(0.0144881, -0.216357, 0.655199) (-0.211775, -0.430995, 0.71943) (0.196025, -0.163266, 0.4449) (-0.571978, -0.0106239, 0.383181) (-0.767055, -0.432059, 0.460009) (-0.374761, -0.862339, 0.285168) (-0.0674671, -0.771435, -0.0250293) (-0.0935031, -0.611675, -0.256975) (-0.127601, -0.0158729, -0.186433) (-0.0516938, 0.0606462, 0.0760584) (-0.65158, 0.0399856, -0.0452586) (-0.793564, -0.166051, 0.300999) (-0.62079, -0.725692, 0.31648) (-0.316978, -0.900977, 0.00602622) 
