# Original Graph 200 in [200, 225)
14 vertices
0 1
0 2
0 3
0 4
0 5
1 5
1 6
1 7
2 8
2 6
3 6
3 9
4 9
4 10
5 11
5 9
6 8
6 12
6 7
7 12
8 12
9 11
9 13
9 10
10 13
11 13

# Unit Distance Graph
14 vertices
0 1
0 6
0 3
0 9
0 5
1 4
1 9
1 3
2 5
2 9
2 11
3 5
4 7
4 6
5 6
6 11
6 13
6 10
7 10
7 9
8 9
8 13
8 11
9 12
10 12
12 13

# WARNING: failed to find good embedding
# Embedding (with cost 0.00816197)
(0.116503, -0.53514, 1.02437) (0.0372294, 0.256033, 0.420262) (0.174307, -0.638196, 0.558639) (-0.371774, -0.617262, 0.155552) (-0.415125, -0.452845, 0.941542) (-0.209783, 0.285092, 0.554948) (-0.0604433, -0.559563, 0.0418451) (0.0935475, -0.0526988, 0.177772) (0.130671, -0.575682, 0.249728) (-0.768527, -0.309824, 0.615513) (-0.154947, -0.46071, 1.0522) (-0.442759, 0.144464, 0.640327) (0.0852192, -0.32823, 0.114423) (-0.601013, -0.243269, 0.833479) 
# Original Graph 201 in [200, 225)
14 vertices
0 1
0 2
0 3
0 4
0 5
1 6
1 7
1 2
2 8
2 9
3 10
3 8
4 8
4 7
5 7
5 11
6 11
6 12
6 7
7 12
8 13
8 9
9 13
9 10
10 13
11 12

# Unit Distance Graph
14 vertices
0 1
0 2
0 8
0 4
0 7
1 4
1 8
1 3
2 5
2 7
2 4
3 7
3 6
5 9
5 8
6 8
6 13
6 10
7 10
7 9
8 11
9 11
9 12
10 12
11 13
12 13

# Embedding (with cost 9.74375e-15)
(0.33338, 0.0683006, 0.494182) (0.473342, 0.388616, -0.442733) (0.81839, 0.107747, -0.379437) (0.51917, -0.218325, 0.350692) (0.0218751, -0.487995, -0.276208) (0.118111, 0.172286, 0.331509) (0.143171, 0.37351, -0.362299) (-0.166144, -0.0665337, -0.361561) (0.388286, -0.590183, -0.256408) (0.818127, -0.216203, -0.267702) (0.686014, -0.336044, 0.0869813) (0.0217672, 0.275557, 0.0844103) (-0.084129, 0.213851, -0.236274) (0.642208, -0.469342, -0.160901) 
# Original Graph 202 in [200, 225)
14 vertices
0 1
0 2
0 3
0 4
0 5
0 6
0 7
0 8
1 9
1 2
2 10
2 11
3 11
3 4
4 12
4 5
5 13
6 13
6 7
7 8
8 13
8 9
9 13
10 12
10 11
11 12

# Unit Distance Graph
14 vertices
0 1
0 2
0 10
0 12
0 4
0 5
0 13
0 9
1 5
1 4
2 6
2 13
2 5
3 8
3 9
3 13
4 9
4 8
6 11
6 10
7 10
7 11
7 12
8 12
8 11
11 13

# Embedding (with cost 9.92057e-15)
(0.401092, -0.107133, -0.858777) (-0.2037, 0.109908, -0.0925397) (0.028769, 0.048106, 0.056251) (0.646443, 0.0270234, -0.268181) (0.594522, 0.683195, -0.277428) (0.397337, 0.814273, -0.470195) (0.10459, 0.491912, -0.836659) (0.0111263, 0.226728, -0.867355) (-0.257677, 0.280844, -0.6119) (-0.320757, 0.280453, -0.285444) (0.280536, 0.171324, 0.0940755) (0.52805, 0.097425, -0.0211455) (0.558025, 0.49115, -0.0730104) (0.112046, 0.810384, -0.585619) 
# Original Graph 203 in [200, 225)
14 vertices
0 1
0 2
0 3
0 4
0 5
0 6
1 7
1 8
1 9
1 2
2 3
3 9
3 10
3 11
3 4
4 5
5 12
5 6
6 12
7 13
7 8
8 10
9 10
11 13
11 12
12 13

# Unit Distance Graph
14 vertices
0 3
0 11
0 13
0 7
0 8
0 10
1 3
1 4
1 5
1 12
1 11
2 11
2 12
2 13
3 7
3 13
3 12
3 6
4 8
4 7
5 9
5 10
5 8
6 10
6 9
9 12

# WARNING: failed to find good embedding
# Embedding (with cost 0.0219201)
(0.671947, 0.70076, -0.696397) (-0.159004, 0.612869, -0.888496) (0.470642, 0.821614, -0.538693) (0.0693525, 0.585178, 0.0939833) (0.324873, 0.594391, -0.0269469) (0.665535, 0.196205, -0.499503) (0.693981, 0.420005, -0.670102) (0.062308, -0.0484932, -0.700485) (-0.271601, 0.371332, -0.793722) (-0.20476, 0.640744, -0.290271) (-0.290046, 0.492639, -0.51564) (0.204381, -0.0925022, -0.277103) (0.341405, -0.167139, -0.513013) (-0.164244, 0.119284, -0.723393) 
# Original Graph 204 in [200, 225)
14 vertices
0 1
0 2
0 3
0 4
0 5
1 6
1 7
1 8
2 9
2 7
3 7
3 4
4 6
4 5
5 6
7 10
7 8
8 11
8 9
9 11
9 12
9 10
10 12
10 13
11 13
12 13

# Unit Distance Graph
14 vertices
0 7
0 8
0 11
0 13
0 10
1 2
1 7
1 10
1 9
2 8
2 7
3 8
3 9
3 11
4 9
4 12
4 13
4 11
5 10
5 13
5 12
6 9
6 10
6 12
7 9
7 8

# Embedding (with cost 9.56127e-15)
(-0.0705211, -0.604064, -0.138648) (-0.736919, -0.38558, -0.648617) (-0.223139, -0.480539, 0.204034) (0.00533568, 0.0306601, -0.442287) (-0.0163731, -0.246294, -0.524114) (-0.127489, -0.501347, -0.472914) (-0.457554, -0.428418, -0.66145) (-0.180565, 0.374486, -0.312803) (-0.955793, -0.245336, -0.434635) (-0.536568, -0.305822, 0.327856) (-0.457161, 0.304642, 0.0187137) (-0.946832, -0.123989, -0.178734) (-0.634558, 0.0149721, 0.217228) (-0.814072, 0.0498195, 0.00123582) 
# Original Graph 205 in [200, 225)
14 vertices
0 1
0 2
0 3
0 4
0 5
1 5
1 6
1 7
2 8
2 9
3 10
3 11
4 11
4 12
5 6
6 12
6 11
6 7
7 9
7 8
8 9
9 13
9 10
10 13
11 13
11 12

# Unit Distance Graph
14 vertices
0 6
0 7
0 9
0 13
0 11
1 3
1 11
1 13
1 10
2 6
2 11
2 12
3 7
3 6
4 7
4 8
4 9
5 9
5 10
5 13
6 10
6 9
7 11
8 12
8 11
9 12

# Embedding (with cost 8.87618e-15)
(-0.502779, -0.567387, 0.37522) (0.203153, -0.103477, 0.376668) (-0.448173, -0.0592183, 0.674902) (-0.779129, -0.193729, 0.212422) (-0.411096, -0.323413, -0.135581) (0.0932257, -0.312885, 0.179907) (0.137164, 0.00895354, -0.133017) (0.0576212, 0.243982, 0.541447) (-0.227564, 0.24409, 0.667075) (-0.490515, 0.420867, 0.527549) (-0.735115, 0.234076, 0.301092) (-0.482154, 0.172393, -0.297312) (-0.158175, -0.0628587, -0.282118) (-0.619993, 0.380964, 0.0804476) 
# Original Graph 206 in [200, 225)
14 vertices
0 1
0 2
0 3
0 4
0 5
0 6
1 7
1 8
1 9
2 9
2 8
2 3
3 10
3 11
3 4
4 11
5 12
5 10
6 10
6 13
7 13
7 8
8 13
8 9
10 12
11 12

# Unit Distance Graph
14 vertices
0 2
0 3
0 10
0 6
0 13
0 8
1 3
1 11
1 12
1 10
2 6
2 10
2 5
3 7
3 13
3 6
4 7
4 8
4 13
5 8
5 9
7 11
8 12
8 11
9 10
9 12

# WARNING: failed to find good embedding
# Embedding (with cost 0.0037776)
(0.0627107, -0.397285, 0.920807) (0.69498, -0.437993, 0.336942) (0.82225, 0.226332, 0.735315) (0.612772, 0.432071, 0.823126) (0.0790366, -0.119946, 0.973878) (-0.107349, 0.113295, 0.385421) (0.134052, 0.0532002, 0.0308813) (0.584182, -0.284884, 0.126511) (0.829309, -0.189847, 0.317462) (0.880149, -0.025457, 0.541942) (-0.00116599, 0.260175, 0.168277) (0.0723249, 0.143397, 0.870896) (-0.0982331, 0.0570071, 0.662457) (0.368403, -0.104438, 0.0157303) 
# Original Graph 207 in [200, 225)
14 vertices
0 1
0 2
0 3
0 4
1 5
1 6
2 6
2 7
2 8
3 9
3 7
3 10
4 10
4 11
5 12
5 13
6 13
6 7
7 10
7 9
7 8
8 9
10 13
11 13
11 12
12 13

# Unit Distance Graph
14 vertices
0 6
0 7
0 10
0 13
1 3
1 10
1 7
2 4
2 11
2 13
2 10
3 6
3 13
3 5
4 7
4 6
5 7
5 9
6 10
7 12
7 11
8 11
8 12
8 13
9 13
9 12

# Embedding (with cost 9.98618e-15)
(-0.147533, -0.21543, -0.240619) (0.0342718, -0.000395692, -0.267475) (-0.152921, -0.187968, 0.205849) (0.344974, -0.787815, 0.264911) (0.678716, -0.549727, -0.21547) (0.345176, 0.0497715, -0.281394) (0.477384, 0.190126, 0.426467) (0.280555, -0.278722, 0.660899) (0.0622019, -0.389978, 0.496569) (0.228519, -0.615186, 0.456321) (0.685841, -0.700995, 0.0234169) (0.745585, -0.275047, -0.224388) (0.627047, -0.0187421, -0.240407) (0.788263, 0.0613263, -0.0222369) 
# Original Graph 208 in [200, 225)
14 vertices
0 1
0 2
0 3
0 4
0 5
1 6
1 7
1 8
2 9
2 3
3 7
3 10
3 4
4 11
5 12
5 10
5 13
6 13
6 7
7 9
7 8
8 9
10 13
10 12
10 11
11 12

# Unit Distance Graph
14 vertices
0 3
0 10
0 13
0 6
0 7
1 3
1 4
1 11
1 10
2 5
2 13
2 10
3 6
3 13
3 5
4 7
4 6
5 7
5 9
7 12
7 11
8 10
8 11
8 12
9 10
9 12

# Embedding (with cost 9.72789e-15)
(0.185567, -0.137835, -0.246959) (-0.410714, -0.760554, 0.00885746) (0.276806, -0.635379, -0.103786) (0.40632, -0.660258, 0.576657) (0.2587, -0.0222838, 0.091578) (-0.372833, -0.0606643, 0.39388) (-0.541336, -0.597017, 0.263691) (0.0139915, -0.974818, 0.272677) (-0.164025, -0.894273, 0.0444092) (0.10928, -0.840726, -0.00495572) (-0.0350662, -0.175575, 0.727668) (0.125384, 0.016813, 0.337948) (-0.106802, -0.0107524, 0.509293) (-0.532581, -0.35723, 0.413443) 
# Original Graph 209 in [200, 225)
14 vertices
0 1
0 2
0 3
0 4
0 5
1 5
1 6
1 7
2 8
2 9
3 10
3 11
4 12
4 13
4 5
5 13
5 6
6 9
6 8
6 7
7 8
9 10
10 13
11 13
11 12
12 13

# Unit Distance Graph
14 vertices
0 5
0 6
0 9
0 10
0 13
1 3
1 11
1 13
1 10
2 4
2 5
2 13
3 6
3 5
4 9
4 6
4 8
5 10
5 9
6 12
6 11
7 11
7 12
7 13
8 13
8 12

# Embedding (with cost 9.7668e-15)
(-0.616326, 0.0189155, -0.286036) (-0.0988863, 0.183248, 0.430238) (-0.66035, -0.178584, 0.104688) (-0.426093, -0.235853, -0.416693) (0.247248, 0.0498156, -0.247589) (0.25848, 0.212436, 0.158108) (-0.207726, -0.33858, 0.553752) (-0.293685, -0.0466886, 0.50458) (-0.514672, -0.166562, 0.362868) (-0.183976, -0.674557, 0.290305) (-0.0413708, -0.733592, 0.0351472) (-0.0956966, -0.310174, -0.439547) (0.169178, -0.219584, -0.364825) (0.228469, -0.510872, -0.210884) 
# Original Graph 210 in [200, 225)
14 vertices
0 1
0 2
0 3
0 4
0 5
1 6
1 7
1 8
2 9
2 10
3 11
3 4
4 12
4 7
4 13
5 13
5 6
6 7
7 13
7 8
8 9
9 12
9 10
10 12
10 11
11 12

# Unit Distance Graph
14 vertices
0 4
0 7
0 8
0 9
0 12
1 3
1 4
1 12
1 11
2 4
2 13
2 7
3 8
3 7
4 9
4 8
5 9
5 10
5 12
6 10
6 11
6 12
7 11
7 10
9 13
10 13

# Embedding (with cost 9.74633e-15)
(-0.369759, -0.0984413, 0.0878339) (-0.387997, 0.637434, -0.238349) (-0.492427, 0.0122131, -0.553637) (-0.0553184, -0.295763, -0.374253) (0.479942, 0.159146, -0.372228) (-0.100902, 0.239302, 0.162059) (-0.0776626, 0.51296, 0.0419094) (0.196584, 0.661389, -0.231405) (-0.374805, 0.62354, -0.604061) (-0.401482, 0.401104, -0.777873) (-0.314836, 0.00526657, -0.78634) (-0.0554731, -0.213527, -0.644912) (0.134719, -0.026887, -0.772621) (0.341552, 0.341999, -0.111235) 
# Original Graph 211 in [200, 225)
14 vertices
0 1
0 2
0 3
0 4
0 5
0 6
1 7
1 8
1 2
2 8
2 9
3 9
3 8
3 4
4 8
4 10
5 10
5 11
6 12
6 7
7 13
8 9
10 13
11 13
11 12
12 13

# Unit Distance Graph
14 vertices
0 1
0 8
0 4
0 10
0 13
0 7
1 5
1 10
1 4
2 5
2 11
2 13
2 10
3 6
3 7
3 13
3 12
4 7
4 6
5 8
6 8
8 12
8 11
9 11
9 12
9 13

# Embedding (with cost 9.8671e-15)
(-0.678408, -0.0883109, 0.39895) (0.19683, -0.56088, 0.295814) (0.193912, -0.229217, 0.389223) (-0.207175, 0.217648, 0.290832) (-0.117042, 0.0705917, -0.413219) (-0.670058, -0.274574, -0.112272) (-0.286111, -0.763139, 0.112433) (0.036028, -0.741938, 0.149244) (0.248133, 0.0807379, 0.0628791) (0.0808723, 0.107867, 0.289347) (-0.252591, -0.160873, -0.502945) (-0.524584, -0.462062, -0.266174) (-0.382482, -0.669339, -0.136393) (-0.297462, -0.441948, -0.455346) 
# Original Graph 212 in [200, 225)
14 vertices
0 1
0 2
0 3
0 4
0 5
0 6
1 7
1 2
2 8
2 9
3 9
3 10
3 11
4 11
4 10
4 12
5 12
5 8
5 6
6 13
7 13
7 8
8 13
9 10
10 12
10 11

# Unit Distance Graph
14 vertices
0 2
0 9
0 10
0 12
0 5
0 8
1 4
1 12
1 10
2 5
2 12
2 4
3 5
3 6
3 13
3 8
4 8
4 7
5 9
6 10
6 9
7 10
7 11
8 11
10 13
11 13

# Embedding (with cost 9.45849e-15)
(0.329072, -1.06484, -0.621026) (0.185609, -0.559348, 0.0529428) (-0.081909, -0.569439, 0.144266) (-0.441607, -0.918141, -0.29392) (-0.239536, -0.887361, -0.790656) (-0.0202282, -0.137535, -0.755542) (0.455549, -0.593902, -0.593888) (0.291537, -0.365146, -0.123383) (0.180865, -0.13558, -0.282632) (-0.319489, -0.675103, 0.0327884) (-0.543609, -0.576653, -0.63112) (-0.46897, -0.841323, -0.564841) (-0.263997, -0.278722, -0.795056) (0.407334, -0.396633, -0.379525) 
# Original Graph 213 in [200, 225)
14 vertices
0 1
0 2
0 3
0 4
0 5
1 5
1 6
1 7
2 8
2 9
3 10
3 11
4 11
4 12
4 13
5 13
5 12
5 6
6 9
6 7
7 8
8 9
9 10
10 12
11 12
12 13

# Unit Distance Graph
14 vertices
0 5
0 6
0 9
0 10
0 12
1 3
1 11
1 12
1 10
2 5
2 12
2 13
3 6
3 5
4 6
4 7
4 8
4 9
5 10
5 9
6 11
7 12
7 11
8 13
8 12
9 13

# Embedding (with cost 9.60255e-15)
(-0.00278761, -0.0833847, 0.373901) (-0.129983, 0.706984, 0.491536) (-0.286038, 0.199908, 0.0248297) (0.316149, 0.0639192, -0.130905) (0.533357, 0.130615, 0.257422) (0.315966, 0.858978, 0.475627) (-0.104816, 0.899677, 0.221652) (-0.289867, 0.691025, 0.16663) (-0.340283, 0.505451, -0.0528222) (-0.101587, 0.562348, -0.383244) (0.16403, 0.478251, -0.436493) (0.55297, 0.186686, -0.0211677) (0.659059, 0.506208, -0.0890678) (0.56453, 0.60392, 0.361443) 
# Original Graph 214 in [200, 225)
14 vertices
0 1
0 2
0 3
0 4
0 5
1 5
1 3
1 6
2 7
2 8
3 8
3 5
3 9
3 10
3 4
4 10
5 9
6 11
6 12
7 13
7 11
8 11
9 10
11 13
11 12
12 13

# Unit Distance Graph
14 vertices
0 1
0 6
0 11
0 8
0 3
1 3
1 8
1 2
2 3
2 5
3 7
3 13
3 12
3 6
4 6
4 12
4 11
5 8
5 11
5 7
7 9
9 11
9 13
10 11
10 12
10 13

# WARNING: failed to find good embedding
# Embedding (with cost 0.00976031)
(0.424602, 0.257103, -0.0724287) (-0.0683698, -0.612223, -0.0952793) (0.179226, 0.348356, 0.0346388) (0.400887, -0.325612, 0.739513) (0.580377, -0.0393925, 0.332759) (0.175957, -0.651351, 0.0417365) (-0.382565, -0.260922, 0.174773) (-0.0815524, 0.310473, 0.137398) (-0.21835, 0.0286251, 0.65867) (0.379025, -0.554761, 0.335485) (0.536557, -0.263894, 0.499129) (-0.408286, 0.0510134, 0.450287) (-0.269203, -0.425828, -0.0251154) (-0.309692, 0.159005, 0.208178) 
# Original Graph 215 in [200, 225)
14 vertices
0 1
0 2
0 3
0 4
0 5
1 6
1 7
1 8
2 9
2 3
3 7
3 10
4 10
4 11
5 12
5 10
5 6
6 10
7 9
7 13
7 8
8 13
9 13
10 12
10 11
11 12

# Unit Distance Graph
14 vertices
0 1
0 7
0 3
0 10
0 6
1 4
1 10
1 3
2 5
2 6
2 10
3 6
3 5
4 8
4 7
5 7
5 9
7 12
7 11
8 11
8 10
9 10
9 12
10 13
11 13
12 13

# Embedding (with cost 9.37033e-15)
(0.290121, 0.354023, 0.403366) (-0.257368, -0.0191515, -0.345631) (0.437243, 0.38467, 0.0777192) (0.610366, -0.44994, -0.0977198) (0.287721, -0.0296444, 0.492681) (-0.336136, -0.244964, 0.151517) (-0.354006, -0.188198, -0.136168) (0.398835, -0.0593501, -0.500683) (-0.00644654, 0.0834745, -0.456355) (0.407088, 0.324227, -0.200106) (0.375759, -0.610536, 0.153783) (0.188307, -0.297691, 0.447406) (-0.0608839, -0.386709, 0.324844) (0.261951, 0.204654, -0.41412) 
# Original Graph 216 in [200, 225)
14 vertices
0 1
0 2
0 3
0 4
0 5
0 6
1 7
1 8
1 9
2 10
2 3
3 4
4 8
4 11
5 11
5 12
6 12
6 11
6 13
6 7
7 13
8 10
8 9
9 10
11 13
11 12

# Unit Distance Graph
14 vertices
0 1
0 8
0 4
0 11
0 13
0 7
1 5
1 11
1 4
2 6
2 13
2 11
3 6
3 7
3 13
4 7
4 6
5 9
5 8
6 8
6 10
8 12
9 12
9 11
10 11
10 12

# Embedding (with cost 6.47815e-15)
(0.0629153, -0.480132, 0.20552) (0.001308, -0.393288, -0.788795) (-0.374948, -0.398267, -0.0829699) (-0.415361, -0.131078, 0.0131004) (-0.432899, 0.288052, -0.199525) (0.228089, -0.251573, 0.174785) (0.508089, -0.013943, -0.352301) (0.226439, -0.226378, -0.747827) (-0.483386, -0.00175949, -0.482023) (-0.261002, -0.348353, -0.692062) (-0.433889, -0.328755, -0.46879) (0.193358, 0.411753, -0.227524) (0.406079, -0.0161494, -0.0252461) (0.36314, 0.0489424, -0.588171) 
# Original Graph 217 in [200, 225)
14 vertices
0 1
0 2
0 3
0 4
0 5
1 5
1 6
1 3
1 7
2 8
2 9
3 10
3 6
3 11
3 4
4 11
5 6
6 11
7 12
7 13
8 13
8 12
9 12
9 10
10 12
12 13

# Unit Distance Graph
14 vertices
0 1
0 7
0 12
0 10
0 3
1 3
1 10
1 9
1 2
2 3
2 6
3 8
3 13
3 7
4 7
4 13
4 12
5 9
5 10
5 12
6 9
6 12
6 8
8 11
11 12
11 13

# Embedding (with cost 9.24111e-15)
(0.351124, 0.731005, 0.756728) (-0.454549, 0.81306, 0.170079) (0.473027, 0.578193, 0.460664) (-0.288241, -0.0336015, 0.675555) (0.0117605, 0.469963, 0.910301) (-0.246909, 0.87754, 0.609865) (-0.512068, 0.644432, 0.619411) (-0.267287, 0.677425, -0.0272976) (0.335251, 0.503459, 0.107379) (0.213024, 0.0715512, 0.237247) (-0.0998256, -0.0909283, 0.408777) (-0.372301, 0.426588, 0.809847) (0.0855484, 0.204747, -0.05106) (0.0606305, 0.51022, -0.0876922) 
# Original Graph 218 in [200, 225)
14 vertices
0 1
0 2
0 3
0 4
0 5
1 6
1 7
1 8
2 9
2 10
3 10
3 7
3 11
4 11
4 12
5 13
5 6
6 13
6 11
7 10
7 9
7 8
8 9
11 13
11 12
12 13

# Unit Distance Graph
14 vertices
0 1
0 7
0 3
0 11
0 6
1 4
1 11
1 3
2 6
2 11
2 13
3 6
3 5
4 8
4 7
5 7
5 10
6 10
7 13
7 12
8 12
8 11
9 11
9 12
9 13
10 13

# Embedding (with cost 9.1314e-15)
(-0.462618, 0.153972, -0.369841) (0.170503, 0.555301, 0.292044) (-0.142765, 0.0988663, -0.412847) (-0.0120353, -0.42778, 0.307315) (-0.572106, -0.0165474, -0.0565547) (-0.452655, 0.461278, 0.183096) (-0.112427, 0.552444, 0.477854) (0.419919, -0.0138003, 0.0694542) (0.333519, 0.378359, 0.0980181) (0.286167, 0.208818, -0.158319) (0.245926, -0.212791, -0.0569342) (-0.262682, -0.325143, 0.484837) (-0.540498, -0.0389687, 0.346881) (-0.432965, 0.219617, 0.53647) 
# Original Graph 219 in [200, 225)
14 vertices
0 1
0 2
0 3
0 4
0 5
0 6
1 6
1 7
2 7
2 3
3 7
3 8
3 9
4 10
4 5
5 11
6 12
6 8
6 7
7 8
9 13
9 10
10 13
11 13
11 12
12 13

# Unit Distance Graph
14 vertices
0 3
0 9
0 13
0 12
0 6
0 8
1 9
1 10
1 13
2 11
2 12
2 13
3 6
3 12
3 11
3 5
4 6
4 7
4 8
5 8
5 7
6 10
6 9
7 11
7 13
7 10

# Embedding (with cost 8.67278e-15)
(-0.288075, 0.742311, 0.721641) (-0.0797969, 0.209916, 0.484021) (-0.275111, 0.588792, 0.145842) (-0.731108, 0.436841, -0.121217) (-0.755575, 0.679125, 0.646168) (-0.55096, 0.641422, 0.840913) (-0.368334, -0.234822, 0.524742) (-0.177151, 0.0512626, 0.125386) (-0.337653, -0.14163, 0.256678) (-0.955844, 0.420735, 0.050319) (-1.03159, 0.500628, 0.386163) (-0.871898, 0.175772, 0.833781) (-0.644623, -0.18948, 0.653536) (-1.07554, 0.149327, 0.553502) 
# Original Graph 220 in [200, 225)
14 vertices
0 1
0 2
0 3
0 4
0 5
0 6
1 7
1 8
2 8
2 9
2 10
3 10
3 4
4 11
5 11
5 9
5 12
6 12
6 7
7 12
7 13
7 8
8 13
9 11
9 10
12 13

# Unit Distance Graph
14 vertices
0 2
0 9
0 5
0 12
0 13
0 8
1 5
1 9
1 11
2 6
2 12
2 5
3 7
3 13
3 12
4 7
4 8
4 13
5 8
6 10
6 9
7 11
7 9
7 10
8 11
10 12

# Embedding (with cost 8.79919e-15)
(0.200454, 0.182879, 0.0999944) (0.352286, -0.433087, -0.109972) (0.0955017, -0.398644, -0.706738) (0.0271438, 0.244368, -0.347918) (0.267308, 0.412355, -0.442116) (0.864041, 0.238274, -0.646051) (0.722519, -0.137974, 0.0273613) (0.758879, -0.406831, -0.146665) (0.30389, -0.582645, -0.535045) (0.44801, 0.211537, -0.868455) (-0.00122517, 0.00755971, -0.647187) (0.455127, 0.398443, -0.655849) (0.986452, 0.000843433, -0.490827) (0.699024, -0.489641, -0.446947) 
# Original Graph 221 in [200, 225)
14 vertices
0 1
0 2
0 3
0 4
0 5
0 6
1 7
1 8
1 2
2 8
2 9
3 10
3 11
4 11
4 12
5 12
5 8
5 7
5 6
6 7
7 8
9 13
9 10
10 13
11 13
12 13

# Unit Distance Graph
14 vertices
0 2
0 9
0 13
0 12
0 5
0 8
1 4
1 12
1 13
1 11
2 5
2 12
2 4
3 5
3 7
3 8
4 8
5 10
5 9
6 9
6 10
6 13
7 11
7 13
7 10
8 11

# Embedding (with cost 9.58096e-15)
(0.161469, 0.0733032, 0.710654) (0.402571, 0.267114, -0.0802648) (0.567551, -0.161182, -0.172586) (0.216446, -0.3639, 0.531597) (-0.173733, -0.330833, 0.476811) (-0.400649, 0.0825937, -0.116351) (-0.131831, 0.343057, 0.146013) (-0.0383605, 0.345607, -0.125421) (0.179437, 0.221782, -0.278098) (0.463822, -0.419961, -0.104988) (0.335429, -0.541063, 0.146788) (-0.0137906, -0.537186, 0.343697) (-0.407713, -0.315165, -0.0140006) (-0.0002537, -0.641467, 0.03025) 
# Original Graph 222 in [200, 225)
14 vertices
0 1
0 2
0 3
0 4
0 5
1 6
1 7
2 8
2 3
3 4
4 9
5 10
5 6
6 10
6 11
6 12
6 7
7 12
7 13
7 8
8 13
9 13
9 10
10 13
10 11
11 12

# Unit Distance Graph
14 vertices
0 7
0 13
0 10
0 11
0 12
1 9
1 10
1 13
2 6
2 11
2 10
3 6
3 12
3 11
4 6
4 7
4 12
5 7
5 8
5 13
6 9
6 13
6 8
7 10
7 9
8 10

# Embedding (with cost 9.44602e-15)
(-0.273384, -0.273089, 0.316007) (0.0737186, -0.061017, 0.526186) (-0.493623, 0.164171, 0.28981) (-0.437298, -0.0966452, 0.133637) (-0.359254, -0.016931, -0.183532) (0.211217, -0.169124, -0.0772191) (0.504939, 0.211574, 0.264749) (0.0267427, 0.674285, 0.427391) (-0.454058, 0.494992, 0.263897) (-0.248335, 0.170869, -0.391697) (0.196854, 0.193769, -0.432939) (0.450493, 0.34845, 0.0165241) (0.326788, 0.526623, 0.300094) (-0.33812, 0.664829, -0.024756) 
# Original Graph 223 in [200, 225)
14 vertices
0 1
0 2
0 3
0 4
1 5
1 6
2 7
2 8
3 8
3 9
4 10
4 11
5 11
5 12
5 6
6 12
6 13
6 7
7 13
8 13
9 13
9 10
10 13
10 12
10 11
11 12

# Unit Distance Graph
14 vertices
0 6
0 13
0 10
0 12
1 9
1 10
1 13
2 10
2 11
2 12
3 5
3 6
3 12
4 6
4 7
4 13
5 9
5 13
5 8
6 10
6 9
7 11
7 10
8 12
8 11
11 13

# Embedding (with cost 9.77377e-15)
(0.0631753, 0.0897774, -0.32263) (0.209866, -0.206456, 0.0876522) (0.245682, 0.409457, 0.0234693) (-0.0880816, 0.454781, -0.150478) (-0.382683, -0.116383, -0.116252) (0.067344, -0.335286, 0.442513) (0.253653, -0.0360419, 0.650965) (0.307634, 0.361752, 0.426748) (0.00915378, 0.594313, 0.0785609) (-0.529179, 0.445572, 0.256982) (-0.673275, 0.184292, 0.347226) (-0.437872, -0.282464, 0.255849) (-0.326444, -0.225389, 0.542741) (-0.136432, 0.642752, 0.486305) 
# Original Graph 224 in [200, 225)
14 vertices
0 1
0 2
0 3
0 4
0 5
1 6
1 7
2 8
2 3
3 9
4 9
4 10
4 11
5 11
5 10
5 12
5 6
6 12
6 13
7 13
7 8
8 13
9 13
9 10
10 12
10 11

# Unit Distance Graph
14 vertices
0 6
0 13
0 9
0 10
0 12
1 4
1 10
1 9
2 5
2 12
2 10
3 5
3 6
3 12
4 7
4 13
4 6
5 9
5 13
5 8
6 9
7 11
7 10
8 10
8 11
11 13

# Embedding (with cost 9.90888e-15)
(-0.399685, -0.422948, -0.41532) (-0.439799, -0.0861938, 0.0184408) (-0.271483, -0.582245, 0.0719861) (-0.0017584, -0.666581, 0.0603314) (0.466321, -0.439274, -0.214541) (0.0627175, 0.101896, -0.576289) (-0.0606568, 0.327457, 0.152088) (-0.324859, -0.0748753, 0.276628) (-0.301141, -0.353791, 0.236088) (0.454095, -0.527954, 0.0946154) (0.521801, -0.0689511, -0.255474) (0.339106, -0.0531854, -0.470821) (0.153455, 0.316936, -0.0324258) (-0.124194, 0.076966, 0.405771) 
