# Original Graph 0 in [0, 24)
11 20
0 1
0 2
0 3
0 4
1 5
1 2
2 5
2 3
3 5
3 6
3 7
3 8
3 4
4 9
5 6
6 10
7 10
7 8
8 9
9 10

# Unit Distance Graph 0
11 20
0 3
0 7
0 10
0 6
1 3
1 8
1 7
2 7
2 8
2 9
2 10
3 5
3 6
3 10
3 9
3 4
4 6
4 5
5 9
5 8

# Embedding 0 (with cost 9.07665980325047e-15)
(1.42568917125141, 0.152991266306921, -0.607035236399597) (0.922490415261524, 0.353289937870215, -0.58939953930916) (0.982986174465999, 0.542601286473453, -0.468252671861727) (1.31443166033686, 0.525364075335304, 0.314355159793834) (1.53299966379904, -0.0821134014387635, -0.449319615693192) (0.607552361341279, 0.283617910102623, -0.350385739721655) (0.605134319280898, -0.0609235039803212, -0.0770067748733786) (1.06113078472807, -0.108550484894448, 0.286661094075618) (1.3524636554857, -0.129315569597322, 0.173630570933912) (1.37833257769782, -0.333816659295971, -0.19331121049737) (0.817348254893667, -0.299482549896769, 0.045029793518732) 


# Original Graph 1 in [0, 24)
11 20
0 1
0 2
0 3
0 4
0 5
1 6
1 7
2 7
2 8
2 9
3 9
3 10
4 10
4 5
5 6
6 10
6 7
7 8
8 9
9 10

# Unit Distance Graph 1
11 20
0 6
0 7
0 8
0 9
0 10
1 3
1 10
1 9
2 4
2 5
2 6
2 10
3 7
3 6
4 8
4 7
5 9
5 8
6 9
7 10

# Embedding 1 (with cost 9.68991042375362e-15)
(-0.154419563293227, -2.14846166633419, -0.449979913034454) (-0.857347798498447, -1.7917682034676, -0.769241977849004) (-0.75557720977415, -2.52150533542421, -0.727018154413726) (-0.547263727660679, -2.47280687994732, -0.105891233406881) (-0.507274975870107, -1.88556256648259, 0.00368206797521711) (-0.646376540071018, -1.67681100856166, -0.203027039292934) (-0.999787919527127, -1.62055202525584, -0.36834805405959) (-1.07481827780356, -1.99998561254113, -0.811671829976475) (-1.07924978776194, -2.52382560220225, -0.511550996692975) (-1.01008514736068, -2.60827585420124, -0.212477634205976) (-0.937512538884147, -2.12171063842799, 0.171349112332919) 


# Original Graph 2 in [0, 24)
11 20
0 1
0 2
0 3
0 4
0 5
1 6
1 7
2 7
2 8
2 3
3 8
3 7
3 4
4 6
4 9
5 9
5 10
6 10
7 8
9 10

# Unit Distance Graph 2
11 20
0 1
0 7
0 3
0 4
0 6
1 4
1 3
2 4
2 9
2 10
2 6
3 6
3 10
3 5
4 7
5 7
5 8
7 9
8 10
8 9

# Embedding 2 (with cost 9.85440852892524e-15)
(-0.361760974804749, 0.454845602036343, -0.556859360427267) (-0.11207387055592, 0.898968405206373, 0.303612198152961) (0.287170067698635, 0.653126082378237, -0.370580877022912) (0.353950840512112, 0.0609356109196391, 0.0198481367857293) (-0.0333765856974969, -0.0937176187203765, 0.212063325718943) (-0.547806969141319, 0.415845849440585, -0.226873562579444) (-0.327407521439195, 0.675143396436349, 0.417968185824658) (0.303487804073741, 0.838996717854078, 0.0833530811548881) (0.424784278941248, 0.602763341507041, -0.0885690820333541) (-0.476131977406404, 0.213032547272692, 0.102375431749502) (-0.53239540765958, 0.495292163525014, 0.180237503735928) 


# Original Graph 3 in [0, 24)
11 20
0 1
0 2
0 3
0 4
0 5
0 6
1 7
1 2
2 7
2 8
3 8
3 9
4 9
4 10
5 10
5 7
5 6
6 7
8 9
9 10

# Unit Distance Graph 3
11 20
0 2
0 8
0 9
0 10
0 5
0 7
1 4
1 10
1 9
2 5
2 10
2 4
3 5
3 6
3 7
4 7
5 8
6 9
6 8
7 9

# Embedding 3 (with cost 8.90584195984578e-15)
(0.292357095928954, -1.08736444206267, 0.169518584443592) (-0.400053813903387, -0.888597692989564, -0.1987235591021) (-0.419647320146054, -0.438596993316624, -0.0990899119198515) (0.180866966807021, -0.376890587448882, 0.115122841043333) (0.549289422650056, -0.589480780639825, -0.295038020405191) (0.205266440803899, -0.808179294773589, -0.786761133146809) (-0.131375044387398, -1.06530706051013, -0.539543247339462) (-0.373501138410528, -0.880672257927716, -0.54735737563402) (-0.0877732445221141, -0.190573695993782, -0.0569042497826239) (0.324020082391908, -0.206879674113541, -0.30349733604216) (0.415439435780347, -0.518173729260744, -0.643422173732379) 


# Original Graph 4 in [0, 24)
11 20
0 1
0 2
0 3
0 4
0 5
1 6
1 2
2 6
2 7
2 3
3 7
3 8
3 9
4 9
4 5
5 10
6 10
6 7
8 10
8 9

# Unit Distance Graph 4
11 20
0 3
0 8
0 10
0 6
0 7
1 3
1 9
1 8
2 4
2 5
2 10
2 8
2 9
3 6
3 10
3 5
4 7
4 6
5 7
6 9

# Embedding 4 (with cost 7.4168006475896e-15)
(0.158816723402345, 0.531144126306558, -0.118527254844533) (-0.0444628779136017, 0.47779624779438, -0.619759375843505) (-0.632436845498003, 0.602091398978167, -0.471611852179316) (-0.784938910603704, 0.2233695183959, 0.00230357992135428) (0.0812183518501753, 0.130248708415781, 0.0461339555297573) (0.174191532126516, 0.0624654176091232, -0.230459460756065) (-0.317780165015297, 0.0733564711438406, -0.869050976191432) (-0.763567128383744, 0.331970892225388, -0.449492579784339) (-0.402319981794823, -0.296313417565519, -0.0975596829232694) (-0.321082789828269, -0.153344744645741, 0.104907771860643) (-0.171339485735687, -0.274281045061612, -0.610754022568009) 


# Original Graph 5 in [0, 24)
11 20
0 1
0 2
0 3
0 4
1 5
1 3
1 6
2 6
2 7
3 7
3 6
3 8
4 8
4 9
5 9
5 10
5 8
6 7
8 10
9 10

# Unit Distance Graph 5
11 20
0 1
0 3
0 8
0 5
1 4
1 8
1 3
2 5
2 8
2 10
3 5
3 9
3 4
4 6
5 7
6 9
6 10
6 8
7 10
7 9

# Embedding 5 (with cost 9.32077490952403e-15)
(1.69267295578299, -0.869154384765362, 0.829335666309448) (0.716688530278817, -1.06120314342181, 0.9321545055144) (1.36376942038591, -0.622667188961751, 0.66879838088807) (1.13548319360428, -1.07212806970272, 0.024139266945001) (1.69669277842464, -1.23517914150627, 0.835593606507415) (0.902571787261123, -1.47701781113392, 0.90834321091273) (0.856614238424867, -0.712635144188405, 0.689937073028035) (1.15580265792998, -0.666066006083175, 0.380866826485071) (1.23679148717121, -1.4948026292177, 0.196298263946868) (1.47741166033549, -1.47489047601744, 0.873178328047863) (1.27807795111114, -1.61893582809833, 0.658513791419959) 


# Original Graph 6 in [0, 24)
11 20
0 1
0 2
0 3
0 4
1 5
1 6
2 7
2 8
3 8
3 9
4 9
4 10
5 10
5 9
5 6
6 8
6 7
7 8
8 9
9 10

# Unit Distance Graph 6
11 20
0 5
0 6
0 8
0 9
1 3
1 9
1 8
2 5
2 9
2 10
3 6
3 5
4 6
4 7
4 8
5 8
6 9
7 10
7 9
8 10

# Embedding 6 (with cost 9.64767599558827e-15)
(0.196713292260405, -1.49925210720564, -0.967906355058361) (-0.521632914988659, -1.40881747790176, -1.04094495804728) (0.129063763056474, -1.06192315706343, -1.25599139984487) (0.225781614048991, -0.851627661593197, -0.679128637508916) (-0.063739477566533, -1.27089375511529, -0.422157144228539) (-0.71983137979647, -1.17138503583691, -0.738888744464363) (-0.621599685147397, -0.971818918382755, -1.19633171363113) (-0.203878213022204, -0.866232553490487, -1.32582216083482) (-0.0371862429325225, -0.535978444834239, -1.09979601801011) (-0.150477234388496, -0.813082613123799, -0.328664495125018) (-0.34302473840051, -1.15892177234944, -0.379792945031521) 


# Original Graph 7 in [0, 24)
11 20
0 1
0 2
0 3
0 4
0 5
1 5
1 6
1 2
2 3
3 6
4 7
4 8
5 8
5 9
5 6
6 7
7 10
8 10
8 9
9 10

# Unit Distance Graph 7
11 20
0 5
0 6
0 7
0 10
0 9
1 4
1 8
1 10
1 7
2 8
2 9
2 10
3 5
3 9
3 8
4 6
4 5
5 7
5 6
6 8

# Embedding 7 (with cost 8.27432383434974e-15)
(-0.453120088178359, -0.316888007737268, -0.631379657883708) (-1.14851600205321, -0.564835294215979, -0.471024238187068) (-0.982515880019509, -0.322359008334557, -0.661600360171155) (-1.04967609459423, 0.0570679869804693, -0.587739109700127) (-0.286761403634618, -0.0896050455009803, -0.293442590003463) (-1.00948518344212, -0.628950896436979, 0.138733736659646) (-1.23466852332264, 0.22724704657337, -0.326258222305728) (-0.974440031068066, 0.343650523741757, -0.0910886203327586) (-0.514383220160649, -0.207201655800059, 0.214522110928226) (-0.773189871215829, -0.272566598071117, 0.314977007805195) (-0.772903531103692, 0.00526159235985499, 0.259663674200519) 


# Original Graph 8 in [0, 24)
11 20
0 1
0 2
0 3
0 4
1 5
1 3
1 6
2 7
2 8
3 8
3 5
3 9
3 4
4 9
5 9
6 8
6 10
7 10
7 8
8 10

# Unit Distance Graph 8
11 20
0 1
0 6
0 8
0 3
1 3
1 8
1 2
2 3
2 5
3 7
3 10
3 6
4 6
4 10
4 8
5 8
5 7
7 9
8 9
9 10

# Embedding 8 (with cost 8.33306732469724e-15)
(0.835688491873428, 0.349809730099219, 0.746582343747842) (1.38121981239002, 0.258243147658812, -0.0864909561823395) (0.770553871746341, 0.749438249995285, 0.534648705108001) (0.396782027520012, 0.0843477351470441, -0.111841218941552) (0.762177016538227, 0.0518525230144109, 0.509559166414657) (1.1634121117356, 0.0325926700307158, -0.0413676356749885) (1.1822038484054, 0.703219548068105, -0.122341482906176) (0.803264666676677, 0.903818749734811, 0.292187411733104) (0.559804770706634, 0.828573869509493, -0.0868881701505605) (0.883948813340402, -0.0842921812700625, 0.161317841832603) (0.954664098691379, 0.903416806420236, 0.0219251174853971) 


# Original Graph 9 in [0, 24)
11 20
0 1
0 2
0 3
0 4
0 5
1 6
1 7
1 8
2 8
2 3
3 8
3 7
3 9
4 9
4 5
5 10
6 10
6 9
7 8
9 10

# Unit Distance Graph 9
11 20
0 1
0 7
0 3
0 9
0 6
1 4
1 9
1 3
2 6
2 9
2 10
3 6
3 10
3 5
4 8
4 7
5 7
5 8
8 10
8 9

# Embedding 9 (with cost 7.69502712844026e-15)
(0.239662740131, -1.14283529467096, -0.476764538682614) (0.0932653769821973, -0.218893519280752, -0.830175623416371) (0.115676300532245, -0.709393259344729, -0.145383149669173) (0.653193194951572, -0.358975646072925, -0.0135619706913391) (0.608906318792357, -1.04755818514618, -0.61239304436309) (0.555797186922957, -0.909949957994197, -0.842381198548761) (0.46907618756518, -0.319361568695592, -0.99566769297984) (0.319134056413966, -0.187235152631942, -0.193016988038399) (0.0938259524288796, -0.293615861280756, -0.204639169436282) (1.00834378090545, -0.507205009471306, -0.548204040586969) (0.642609542217013, -0.588920413057436, -0.986708095591952) 


# Original Graph 10 in [0, 24)
11 20
0 1
0 2
0 3
0 4
1 5
1 6
2 7
2 3
3 7
3 8
3 4
4 8
4 9
4 10
4 5
5 10
6 9
6 8
7 8
9 10

# Unit Distance Graph 10
11 20
0 4
0 9
0 6
0 8
1 3
1 4
1 8
2 4
2 10
2 9
3 6
3 9
3 10
3 5
4 7
4 8
4 6
5 8
5 7
7 10

# Embedding 10 (with cost 9.53237354836439e-15)
(0.0990391492478491, 0.353055375945643, -0.684913982783343) (0.261221343551158, 0.290071103103598, -0.944683765458822) (-0.243768038073716, 0.308797308702443, -0.597568052921243) (-0.626649162449439, 0.708963665727769, -0.75438146151578) (-0.328662324964392, 1.01490719263063, -1.30056290311582) (0.187171670299989, 0.605223638492169, -1.3261625934091) (-0.435545920982219, 0.0348038918140027, -1.46781549995131) (-0.55177420182792, 0.172908273837484, -0.8093817736422) (-0.656328436874528, 0.0704294657655022, -1.27613508894825) (-0.307584192526497, 0.270927274882707, -1.59481092793273) (0.00605724978882112, 0.5999226176796, -1.52105783393438) 


# Original Graph 11 in [0, 24)
11 20
0 1
0 2
0 3
0 4
0 5
0 6
0 7
0 8
1 8
1 2
2 8
2 3
3 4
4 9
5 9
5 10
6 10
6 7
7 8
9 10

# Unit Distance Graph 11
11 20
0 2
0 3
0 4
0 9
0 10
0 6
0 7
0 8
1 5
1 10
1 9
2 6
2 10
2 5
3 7
3 6
4 8
4 7
5 8
8 9

# Embedding 11 (with cost 9.98400689726207e-15)
(-1.24331703902553, 1.35481691635329, -0.420351681835421) (-0.613687154596619, 1.30741663196974, -0.413028819350584) (-0.395847973622668, 0.89915659887241, -0.148010245244815) (-0.644210646831107, 0.653253785508652, -0.0345011011475377) (-0.845570176044987, 0.48077615503604, -0.141335295733929) (-1.17999647129702, 0.513440493016548, -0.634152451094258) (-0.832694121646691, 0.664899582917713, -1.01650841603202) (-0.557261546862657, 0.910942201494411, -0.996809035185098) (-0.361272154303589, 1.06545013751169, -0.792189946713243) (-0.999545064837052, 0.385055388865736, -0.432091768353342) (-0.987414172679483, 0.483364500115623, -0.838782532779373) 


# Original Graph 12 in [0, 24)
11 20
0 1
0 2
0 3
0 4
0 5
0 6
1 7
1 2
2 4
2 8
3 8
3 4
4 8
4 5
5 9
6 9
6 10
7 10
7 9
9 10

# Unit Distance Graph 12
11 20
0 1
0 2
0 4
0 5
0 9
0 7
1 5
1 4
2 6
2 9
2 5
3 7
3 9
3 10
4 7
4 10
4 6
6 8
8 10
8 9

# Embedding 12 (with cost 9.33793814495644e-15)
(0.889587731197961, -0.36256791661567, -0.812748858121388) (-0.0839833501481415, -0.590797629909948, -0.804348599007166) (-0.0214997413814201, -0.313407961640177, -0.403477605347218) (0.668738701540237, -0.272247416250289, -0.37725263977927) (0.462494945416687, -0.700604609569812, 0.0258946651778554) (0.556856896002392, -1.11297565716614, -0.24162853577197) (0.635772697099801, -0.832200275737669, -0.950147044627306) (0.0305920778157314, -0.872410819424822, -0.85951063409343) (0.256398044499421, -0.30485787772458, -0.189893910469759) (0.38624630238841, -1.20268959153983, -0.610652332795757) (0.240164234506538, -1.01013811105921, -0.898636608551822) 


# Original Graph 13 in [0, 24)
11 20
0 1
0 2
0 3
0 4
0 5
0 6
1 7
1 8
2 9
2 3
3 9
3 5
3 4
4 5
5 10
5 6
6 10
7 10
7 8
8 9

# Unit Distance Graph 13
11 20
0 3
0 5
0 10
0 7
0 8
0 9
1 3
1 4
1 5
2 5
2 6
2 10
3 7
3 10
3 6
4 8
4 7
5 9
5 8
6 9

# Embedding 13 (with cost 3.9990738380644e-15)
(0.0130232821755329, -1.46197544969639, -0.420635207656648) (-0.28308025053061, -0.924917690564687, -0.488987298638961) (-0.36249060075468, -1.29317579070303, -1.0369533493936) (0.0135841809526583, -1.2309898280317, -1.39359222536509) (0.424006487351382, -1.20598434250492, -1.13785544401318) (0.552100561072452, -0.888796814199717, -1.03777532966101) (0.372307961841586, -0.810866507474176, -0.56003739900568) (-0.168844314622538, -0.522701509684245, -0.711648325795505) (-0.428975448139162, -0.725835483591262, -0.933212097189205) (-0.443275801952754, -0.922008444597747, -1.1279023395966) (0.181242129626717, -0.519893447056289, -0.710779865244639) 


# Original Graph 14 in [0, 24)
11 20
0 1
0 2
0 3
0 4
0 5
1 5
1 6
1 7
2 7
2 8
3 8
3 9
4 9
4 6
4 10
5 10
5 6
6 10
7 9
7 8

# Unit Distance Graph 14
11 20
0 1
0 7
0 9
0 4
0 6
1 4
1 9
1 3
2 4
2 10
2 6
3 6
3 5
4 7
5 9
5 7
5 8
6 8
7 10
8 10

# Embedding 14 (with cost 9.54501379529222e-15)
(0.151032796028819, -0.107894310685683, 1.12579909491578) (-0.0891224803887684, 0.290583483066898, 0.240620667870553) (-0.217980074936462, -0.317876494031772, 0.825953184552434) (0.00420627743204972, -0.625850634322018, 0.629771380487983) (0.626793260052534, -0.405240683887094, 0.298008585121682) (0.363440174612231, 0.294978808589091, 0.478034347724021) (0.36130530282585, 0.202884705447331, 0.198867663148042) (-0.372162573974728, -0.361848552051028, 0.312304257870382) (-0.268554024211889, -0.473062647936316, 0.581454136248275) (0.1776025381666, -0.671353126077187, 0.300082302156729) (0.557533428763423, 0.00536274228167795, 0.283647739417325) 


# Original Graph 15 in [0, 24)
11 20
0 1
0 2
0 3
1 3
1 4
2 5
2 6
3 6
3 7
4 7
4 8
4 9
5 9
5 10
5 7
6 7
7 10
7 8
8 10
8 9

# Unit Distance Graph 15
11 20
0 7
0 8
0 10
1 5
1 7
1 10
2 4
2 8
2 7
3 5
3 10
3 8
3 9
4 6
4 7
4 5
5 7
6 9
6 8
7 9

# Embedding 15 (with cost 7.78996177953561e-15)
(-0.887427364005559, -0.927134751298211, 0.298793757365503) (-1.17990208406409, -0.604033355569584, 0.390349052514595) (-0.58666164619071, -0.895397178307528, -0.0607629586036159) (-0.845264409100894, -0.79531376287401, 0.566629233860465) (-1.24188596024031, -0.194375183486654, 0.220749573236564) (-0.500409334002727, -0.559789547313962, -0.34199791406828) (-0.380024514204815, -0.604338783648336, 0.519287166548484) (-0.298947580375308, -0.159248276475023, 0.551858804916752) (-0.965286374592319, 0.0273710475833589, 0.0109454840980936) (-0.88895416176246, -0.224000205282672, -0.252938957933799) (-0.413409432102942, -0.103173468002488, -0.011681313039335) 


# Original Graph 16 in [0, 24)
11 20
0 1
0 2
0 3
0 4
1 4
1 5
1 2
2 5
2 3
3 6
4 7
4 8
4 5
5 8
5 9
6 9
6 7
7 10
8 10
9 10

# Unit Distance Graph 16
11 20
0 5
0 9
0 10
0 8
1 6
1 7
1 10
1 9
2 4
2 8
2 10
2 7
3 4
3 5
3 8
4 6
4 9
4 5
5 7
5 6

# Embedding 16 (with cost 8.54938295040403e-15)
(0.345073478823031, 1.03338955803148, 0.871000221055499) (0.405015317720313, 0.813797212377664, 1.25915500486248) (0.619947760876182, 0.860043506612004, 0.980085779838251) (0.60057941742675, 0.814906696294397, 0.605312481940822) (-0.353214241022135, 0.661534576967398, 0.863681717449105) (0.373981459950851, 0.129083306662921, 1.29690459916216) (0.464884572285456, 0.416496725065435, 0.343421432307342) (-0.174634813783737, 0.455615981739153, 0.527231576551623) (-0.0396263837103378, 0.111337856343558, 0.913739778867656) (0.408539429610796, 0.0782652208308471, 0.581674202222624) (0.0592341798554027, 0.101269524088151, 0.648630876005686) 


# Original Graph 17 in [0, 24)
11 20
0 1
0 2
0 3
1 3
1 4
2 5
2 3
3 6
4 6
4 7
5 8
5 6
6 8
6 9
6 10
6 7
7 10
7 8
8 9
9 10

# Unit Distance Graph 17
11 20
0 6
0 10
0 9
1 6
1 9
1 8
2 6
2 7
2 10
3 7
3 8
3 9
3 10
4 5
4 6
4 8
5 7
5 6
6 8
6 7

# Embedding 17 (with cost 9.22713164899764e-15)
(0.167865410810085, 0.536336923775547, -0.89646819324408) (0.237185326417875, 0.221776617744394, -0.635904029909997) (0.0188830349713177, 0.613121293823736, -1.1751411423669) (-0.0548772012102426, 0.615188092279695, -0.623848895855593) (0.17585451602136, -0.0997825993600778, -0.657554199517533) (-0.123059254646117, 0.50956245888732, -1.39195813747862) (-0.76195066001816, 0.247197783116891, -0.668782849011132) (0.0116309880243061, -0.345909359274814, -0.891931634588947) (-0.234698172478313, 0.203770150449155, -1.51738102979687) (-0.59485277973983, -0.0762778452293824, -1.10374600231153) (-0.469940211225567, -0.231494415473152, -0.956792502638259) 


# Original Graph 18 in [0, 24)
11 20
0 1
0 2
0 3
1 3
1 4
2 5
2 6
3 6
4 7
4 5
5 8
5 9
5 10
5 6
6 10
7 10
7 8
8 10
8 9
9 10

# Unit Distance Graph 18
11 20
0 8
0 9
0 10
1 5
1 10
1 9
2 7
2 8
2 10
3 5
3 9
3 8
4 5
4 6
4 10
5 7
5 10
5 6
6 8
6 7

# Embedding 18 (with cost 9.59095405793253e-15)
(-1.4337667599343, -0.894038242849769, -0.165293725481183) (-1.55294771791772, -1.17156141889321, -0.260950403943994) (-1.51034111147118, -0.461420986528688, -0.236920957280041) (-1.15872872067107, -0.998110938703724, -0.343735128363578) (-1.8664899143826, -1.22036622031098, -0.454893193105136) (-1.77480832145375, -0.225464882529352, -0.496914805712813) (-0.963877830632344, -0.80588820059466, -0.571080110959011) (-1.85174653853118, -1.14521902744829, -0.881795041165668) (-1.81518716310157, -0.885579753896895, -1.08965671878221) (-1.71899968926666, -0.634377345563798, -1.08790870354147) (-1.28169808833011, -0.801021911295989, -1.14927699256567) 


# Original Graph 19 in [0, 24)
11 20
0 1
0 2
0 3
0 4
1 4
1 5
2 6
2 3
3 7
3 4
5 7
5 8
5 6
6 9
6 10
6 7
7 10
7 8
8 9
9 10

# Unit Distance Graph 19
11 20
0 7
0 8
0 9
0 10
1 6
1 7
1 10
2 5
2 8
2 7
3 5
3 6
3 9
3 8
4 6
4 10
4 9
5 7
5 6
6 7

# Embedding 19 (with cost 5.06464690575417e-15)
(0.606462138566851, 0.142229369015926, -0.853447591555057) (0.657880534396302, -0.372473118898788, -0.657031502320506) (0.292270186316031, 0.264455580954356, -1.01333169457769) (0.299923863260146, 0.3258248572532, -0.308839515987373) (0.619467204133093, 0.0953669746091077, -0.53983102572395) (0.495249126548355, -0.615546401603462, -0.583918079841295) (-0.216248946217852, -0.0943242997008385, -1.05519085159022) (-0.0319111684600846, 0.0736267366331235, -0.0867839082168772) (-0.0331528427312791, -0.576774849420076, -0.581554924948652) (-0.218444642916233, -0.411833713893274, -0.741452440653086) (-0.324419179150659, -0.191163056714785, -0.704084030841179) 


# Original Graph 20 in [0, 24)
11 20
0 1
0 2
0 3
1 3
1 4
1 5
2 6
2 7
3 7
4 7
4 6
4 8
4 9
4 5
5 9
5 10
6 10
8 10
8 9
9 10

# Unit Distance Graph 20
11 20
0 4
0 9
0 8
1 4
1 8
1 10
1 6
2 4
2 5
2 9
3 8
3 9
3 10
4 6
4 10
4 5
5 7
5 6
7 10
7 9

# Embedding 20 (with cost 8.64099814277802e-15)
(-0.411973975078707, 0.398975642820889, 0.0367856629410783) (-0.243153006042186, 0.734682486668089, 0.169907383625235) (-0.555098508802951, 0.105036561177805, 0.124462410067298) (-0.542070084496548, 0.621646493724447, 0.0682922664476961) (-1.1068604758659, 0.732476914085014, 0.673896032115343) (-0.117684389500502, 0.684137461569378, 0.812438427561044) (-0.620587145873358, -0.126087927430742, 0.511400818511011) (-0.958285971216443, 0.626293236667515, 0.273881980087198) (-0.564811492394857, 0.321843675860063, 1.0220223628701) (-0.327092574307852, 0.459412849401039, 1.03134208044889) (-0.409488520694533, 0.0442439233001446, 0.873915257408882) 


# Original Graph 21 in [0, 24)
11 20
0 1
0 2
0 3
1 4
1 5
2 5
2 6
2 3
3 6
3 4
4 7
4 8
5 8
5 9
6 9
6 7
7 9
7 10
8 10
9 10

# Unit Distance Graph 21
11 20
0 7
0 10
0 9
1 6
1 7
1 9
2 4
2 8
2 10
2 7
3 5
3 9
3 10
3 8
4 6
4 9
4 5
5 7
5 6
6 8

# Embedding 21 (with cost 9.42819674827706e-15)
(0.256437805767214, 0.0115563304505165, -0.919304507357165) (0.130731157660814, 0.429044785986091, -0.753524051517038) (0.37252430708939, -0.158984164936834, -0.708608924791601) (0.535968476010794, -0.0461976765586622, -1.18391056842995) (0.426178949775437, 0.788477390054337, -1.02394648830484) (0.370677129078958, 0.188358255817081, -0.225963658996317) (0.983174923732056, -0.0409994823356334, -0.982430109397659) (1.1275202605834, 0.489461802867221, -0.806071550515245) (0.57102232387692, 0.820878195299637, -0.686969290997971) (1.06571261112424, 0.316426661082906, -0.417180661054464) (0.96416307558714, 0.639159710312956, -0.594898994941223) 


# Original Graph 22 in [0, 24)
11 20
0 1
0 2
0 3
0 4
1 5
1 6
1 2
2 7
2 8
2 9
3 9
3 10
3 4
4 5
5 6
6 10
6 7
7 8
8 10
8 9

# Unit Distance Graph 22
11 20
0 6
0 7
0 8
0 10
1 3
1 10
1 8
1 9
2 3
2 4
2 5
2 6
2 10
3 7
3 6
4 8
4 7
5 9
5 8
6 9

# Embedding 22 (with cost 8.77733351707034e-15)
(0.935538772659861, 0.839188414750392, -0.444432189603169) (1.5475588292096, 1.02833635448155, -0.340777444574283) (1.15610231577368, 0.649452286936678, 0.256844334704876) (0.596863261851341, 1.31883789931937, -0.232210435343853) (0.999182238178847, 1.26899139345666, -0.512276841836537) (1.32593377133796, 1.33139743291241, -0.454568390877381) (1.5606886506802, 1.51159923138671, -0.0481351951804698) (1.33218332631448, 1.142203558054, 0.42208665291705) (1.01065327369658, 1.19978640978067, 0.485259658182669) (0.796572734677936, 0.980353536706224, 0.317794922851837) (0.932333219468854, 1.620987967833, 0.179089410841772) 


# Original Graph 23 in [0, 24)
11 20
0 1
0 2
0 3
0 4
1 5
1 6
1 2
2 6
2 7
2 3
3 7
3 8
4 8
4 5
5 9
6 9
6 7
7 10
8 10
9 10

# Unit Distance Graph 23
11 20
0 6
0 7
0 10
0 9
1 3
1 8
1 10
1 7
2 4
2 5
2 9
2 10
2 8
3 6
3 9
3 5
4 7
4 6
5 7
6 8

# Embedding 23 (with cost 8.83231898671189e-15)
(0.772817221496695, 0.552543104858729, -0.284096776163109) (0.40805871652264, 0.034172007802411, -0.0813279576283275) (0.526189324412004, 0.11700179045457, -0.78264667555631) (0.55869995953268, 0.75601533495184, -0.756790339600809) (0.336566791869062, 0.704282637159718, 0.00421068501764211) (0.149325254717037, 0.421637579884103, 0.0920935736507695) (0.0396095952822103, -0.0733138662837089, -0.550009572554031) (-0.0105848382566459, 0.437688956318857, -0.894907503948476) (0.0600982681355328, 0.915364469615009, -0.401364409186923) (-0.219130682369267, 0.452464608275986, -0.206484587566587) (-0.19362368036186, 0.734469103297164, -0.465466319527446) 


