# Original Graph 525 in [525, 550)
14 vertices
0 1
0 2
0 3
0 4
1 5
1 2
2 6
2 7
2 8
2 9
2 10
3 10
3 9
3 4
4 5
5 11
6 11
6 12
7 12
7 8
8 13
8 9
9 13
9 10
11 12
12 13

# Unit Distance Graph
14 vertices
0 7
0 8
0 13
0 12
1 8
1 9
1 13
2 3
2 4
2 5
2 11
2 12
2 13
2 9
3 7
3 12
3 6
4 8
4 7
5 9
5 8
6 9
6 10
9 11
10 12
10 11

# Embedding (with cost 9.9571e-15)
(0.252895, 0.40155, 0.240518) (0.00648262, 0.23681, 0.369928) (0.114838, -0.382049, 0.0327528) (0.295878, 0.578612, -0.177854) (0.0329181, 0.599358, 0.206329) (-0.31861, 0.484641, 0.279677) (-0.519569, 0.0639166, 0.0869749) (-0.366945, -0.158575, -0.309079) (-0.151341, 0.0316041, -0.595982) (0.120104, 0.381472, -0.613008) (0.333294, 0.348462, -0.350812) (-0.537733, 0.368046, 0.140033) (-0.643907, 0.236932, -0.170149) (-0.311524, 0.286211, -0.576873) 
# Original Graph 526 in [525, 550)
14 vertices
0 1
0 2
0 3
0 4
0 5
1 5
1 2
2 6
2 7
2 8
2 9
2 10
2 11
3 11
3 4
4 5
5 6
6 7
7 12
7 8
8 9
9 13
10 13
10 12
10 11
12 13

# Unit Distance Graph
14 vertices
0 7
0 8
0 9
0 13
0 12
1 10
1 12
1 13
2 3
2 4
2 5
2 6
2 7
2 12
2 10
2 11
3 8
3 7
4 9
4 8
5 10
5 13
5 9
6 11
6 10
7 11

# Embedding (with cost 9.96951e-15)
(0.326686, -0.0331985, 0.553437) (0.548772, 0.121687, 0.45541) (0.72686, 0.323791, -0.0841321) (-0.0669143, -0.126289, 0.324954) (0.0513054, 0.0224047, 0.588767) (0.146433, 0.433718, 0.722727) (0.097938, 0.721968, 0.583635) (-0.0152467, 0.872098, 0.301404) (0.250577, 0.723438, -0.0959545) (0.184865, 0.510836, -0.273554) (-0.252579, 0.13074, -0.142717) (-0.174294, -0.0851382, 0.0597371) (-0.192109, 0.680815, 0.0832912) (-0.123691, 0.379024, -0.238544) 
# Original Graph 527 in [525, 550)
14 vertices
0 1
0 2
0 3
1 4
1 2
2 5
2 6
3 7
3 8
4 8
4 9
4 10
5 11
5 12
5 6
6 7
7 12
7 13
7 9
7 8
9 10
10 13
10 12
10 11
11 12
12 13

# Unit Distance Graph
14 vertices
0 10
0 12
0 13
1 7
1 13
1 12
2 7
2 9
2 10
2 13
3 10
3 11
3 12
4 5
4 6
4 7
4 12
5 9
5 7
5 8
6 10
6 9
7 11
7 10
8 12
8 11

# Embedding (with cost 7.48499e-15)
(-0.384442, 0.294706, 0.107908) (-0.65955, 0.22793, -0.286246) (-0.610213, 0.0330077, 0.270669) (-0.10022, 0.285521, 0.00630987) (-0.577934, 0.110096, -0.615321) (-0.543105, -0.448067, 0.213678) (-0.43025, -0.176845, 0.331175) (0.294259, -0.0396243, -0.149635) (0.0319401, 0.233797, -0.238411) (-0.181106, -0.0491669, -0.628839) (-0.515983, -0.342802, -0.651225) (-0.541729, -0.584854, -0.211674) (-0.319325, -0.687196, -0.0699352) (-0.0262521, -0.545882, -0.298433) 
# Original Graph 528 in [525, 550)
14 vertices
0 1
0 2
0 3
1 4
1 5
1 6
2 7
2 8
3 8
3 4
4 5
5 9
6 9
6 10
6 11
7 11
7 12
7 9
8 9
9 13
9 10
10 13
10 11
11 13
11 12
12 13

# Unit Distance Graph
14 vertices
0 9
0 10
0 13
1 7
1 9
1 13
1 12
2 6
2 10
2 9
3 10
3 11
3 13
4 11
4 12
4 13
5 7
5 12
5 11
6 8
6 9
6 7
7 9
8 11
8 10
9 11

# Embedding (with cost 8.9324e-15)
(-0.0626492, -0.620899, 0.492304) (0.356199, -0.704393, 0.610139) (-0.330089, -0.180297, 0.29403) (-0.131201, -0.655749, 0.220113) (0.137779, -0.784838, 0.233225) (0.358644, -0.671322, -0.026162) (0.539431, -0.496523, 0.67342) (-0.207553, 0.07235, 0.329329) (-0.270589, -0.447316, 0.0890862) (0.456724, -0.31939, -0.307285) (0.637819, -0.0292532, 0.093182) (0.386619, 0.115396, 0.590516) (0.0429548, 0.205212, 0.337196) (0.432838, 0.163918, 0.120074) 
# Original Graph 529 in [525, 550)
14 vertices
0 1
0 2
0 3
1 4
1 5
1 6
2 7
2 8
2 9
3 9
3 4
4 5
5 10
5 6
6 11
6 7
7 11
7 12
7 13
8 13
8 10
9 10
10 12
10 11
11 12
12 13

# Unit Distance Graph
14 vertices
0 10
0 11
0 12
1 8
1 10
1 12
1 13
2 5
2 6
2 11
2 10
3 7
3 12
3 11
4 7
4 13
4 12
5 8
5 13
5 7
6 9
6 10
6 8
7 10
7 9
9 11

# Embedding (with cost 9.86049e-15)
(-0.0724475, -0.526939, -0.30921) (0.366071, -0.65866, -0.110947) (-0.287503, -0.17491, -0.284245) (-0.136177, -0.749027, 0.00294206) (0.156503, -0.783526, 0.0321977) (0.351066, -0.725112, 0.253813) (0.615217, -0.315024, 0.122528) (0.127846, 0.215477, -0.00204842) (-0.332922, -0.0005742, 0.168932) (-0.322257, -0.653054, 0.205467) (-0.207665, -0.43693, 0.677509) (0.43324, -0.0251945, 0.392596) (0.0746175, 0.130285, 0.429998) (-0.0982085, 0.167164, 0.209146) 
# Original Graph 530 in [525, 550)
14 vertices
0 1
0 2
0 3
1 4
1 5
1 6
2 7
2 8
2 3
3 9
3 4
4 5
5 10
6 10
6 11
6 7
7 12
7 13
7 8
8 13
8 9
9 12
9 11
9 10
11 12
12 13

# Unit Distance Graph
14 vertices
0 9
0 11
0 12
1 8
1 9
1 12
1 13
2 6
2 11
2 9
2 10
3 6
3 7
3 12
3 11
4 7
4 13
4 12
5 7
5 8
5 13
6 9
6 8
7 10
7 9
8 10

# Embedding (with cost 9.96497e-15)
(-0.399125, -0.216495, 0.269533) (-0.640349, 0.039788, 0.248284) (-0.223014, -0.380241, 0.120631) (-0.134435, 0.150577, 0.340336) (-0.415222, 0.199864, 0.321783) (-0.575086, 0.366528, 0.158484) (-0.778412, 0.253542, -0.417748) (-0.299584, -0.293766, -0.540167) (0.15432, -0.0991233, -0.342652) (0.149867, 0.508265, -0.146796) (-0.556497, 0.545023, -0.0601348) (-0.450903, 0.274387, -0.600152) (-0.219633, 0.118299, -0.655505) (-0.0833482, -0.113571, -0.567946) 
# Original Graph 531 in [525, 550)
14 vertices
0 1
0 2
0 3
0 4
1 4
1 2
2 5
2 6
3 7
3 8
4 8
4 5
5 7
5 9
5 10
5 11
6 11
6 10
6 12
7 12
7 8
9 12
9 13
10 13
10 11
12 13

# Unit Distance Graph
14 vertices
0 5
0 10
0 13
0 9
1 9
1 13
1 12
2 5
2 9
2 12
2 7
3 5
3 11
3 10
4 6
4 12
4 13
4 10
5 7
5 12
5 6
6 7
6 8
7 11
8 10
8 11

# Embedding (with cost 9.0011e-15)
(-0.766447, 0.195938, 0.122717) (-0.694443, 0.283467, 0.381883) (-0.707774, -0.173281, 0.358324) (-0.53211, 0.313606, -0.11601) (-0.323531, 0.583518, 0.548886) (-0.00543673, 0.436811, 0.725081) (-0.436424, -0.394672, 0.374531) (-0.0704196, 0.284965, -0.261184) (-0.292726, 0.482354, -0.0839176) (0.219648, 0.0445115, 0.0542573) (0.0385929, -0.334632, 0.388057) (-0.0815954, -0.206297, 0.609756) (0.0902811, 0.0612343, -0.196754) (0.14762, -0.207949, 0.159533) 
# Original Graph 532 in [525, 550)
14 vertices
0 1
0 2
0 3
0 4
1 5
1 6
2 6
2 3
3 7
3 4
4 7
4 5
5 8
6 9
6 10
6 7
7 10
7 11
8 11
8 12
8 9
9 13
10 13
10 11
11 12
12 13

# Unit Distance Graph
14 vertices
0 10
0 11
0 12
0 13
1 7
1 11
1 10
2 8
2 12
2 11
3 8
3 9
3 13
3 12
4 6
4 10
4 13
4 9
5 6
5 7
5 10
6 8
6 11
6 7
7 9
7 8

# Embedding (with cost 8.8621e-15)
(0.484895, -0.306751, 0.210189) (0.522086, -0.123534, 0.475773) (0.220646, -0.24602, 0.402174) (0.381756, -0.290736, -0.0789107) (0.727329, -0.118769, -0.117697) (0.888093, 0.330574, 0.184403) (0.0612623, -0.0227893, 0.621994) (0.0602479, 0.182599, -0.356686) (0.760656, 0.579215, 0.236715) (0.297892, 0.462507, 0.573463) (-0.0707413, 0.480694, -0.0566403) (0.208201, 0.578662, -0.163286) (0.43811, 0.687945, 0.118592) (0.168159, 0.64176, 0.212341) 
# Original Graph 533 in [525, 550)
14 vertices
0 1
0 2
0 3
0 4
1 4
1 5
2 5
2 6
2 3
3 6
3 7
4 8
4 6
4 5
5 6
6 9
6 10
7 11
7 12
8 12
8 9
9 13
10 13
10 11
11 13
12 13

# Unit Distance Graph
14 vertices
0 6
0 10
0 13
0 9
1 10
1 11
1 13
2 8
2 9
2 13
2 12
3 4
3 6
3 9
3 8
4 7
4 11
4 10
4 6
5 7
5 12
5 13
5 11
6 8
6 12
6 7

# Embedding (with cost 8.40254e-15)
(0.658285, -0.00673244, -0.197156) (0.642361, 0.318632, -0.0384598) (0.0764577, 0.273904, -0.355099) (0.37186, -0.429235, -0.200561) (0.633497, 0.371524, 0.338264) (0.331963, 0.452819, -0.159938) (-0.278439, 0.318908, -0.0686799) (0.253084, -0.515554, 0.076771) (0.502667, 0.220838, 0.547968) (0.089746, 0.0637371, 0.622477) (-0.26661, -0.0351578, 0.182003) (0.0120054, -0.405785, 0.240594) (0.269839, -0.40085, 0.357159) (-0.00685966, -0.190516, 0.526589) 
# Original Graph 534 in [525, 550)
14 vertices
0 1
0 2
0 3
1 4
1 5
2 6
2 3
3 7
3 8
4 9
4 7
4 5
5 7
5 6
6 7
7 10
7 11
7 12
8 12
8 13
9 13
9 11
9 10
10 11
11 13
11 12

# Unit Distance Graph
14 vertices
0 7
0 11
0 10
1 7
1 12
1 11
2 9
2 10
2 11
3 4
3 7
3 10
3 9
4 8
4 12
4 7
5 8
5 13
5 11
5 12
6 9
6 11
6 13
7 9
7 13
7 8

# Embedding (with cost 8.75599e-15)
(-0.565334, 0.598432, 0.297592) (-0.629708, 0.567931, 0.702885) (-0.322543, 0.551167, 0.126437) (-0.504107, 0.346941, -0.0699427) (-0.696445, 0.358677, 0.911316) (-0.187522, 0.534101, 0.729694) (-0.0852693, 0.535944, 0.355692) (0.160603, -0.0311569, 0.57442) (-0.619895, 0.0688315, -0.0426913) (-0.804763, 0.0273917, 0.828664) (-0.285831, -0.284972, 0.673726) (-0.463989, -0.384893, 0.448594) (-0.436403, -0.251011, 0.162544) (-0.807206, -0.156015, 0.355886) 
# Original Graph 535 in [525, 550)
14 vertices
0 1
0 2
0 3
1 4
1 5
1 2
2 6
2 3
3 7
4 8
4 9
4 6
4 10
5 10
5 6
6 10
6 9
6 11
6 12
7 12
7 13
8 13
8 12
8 11
9 11
12 13

# Unit Distance Graph
14 vertices
0 6
0 11
0 9
1 6
1 12
1 8
1 11
2 4
2 9
2 11
2 8
3 4
3 6
3 9
4 7
4 12
4 6
5 8
5 12
5 13
6 8
6 13
6 7
7 10
10 13
10 12

# Embedding (with cost 9.9868e-15)
(-0.412989, 0.914753, 0.265809) (-0.663928, 0.793409, 0.217795) (-0.30183, 1.11185, 0.0961103) (-0.0513221, 0.90813, 0.196387) (-0.697549, 0.225797, -0.145391) (-0.777689, 0.796796, -0.0411392) (-0.415614, 0.98524, -0.7317) (0.13427, 0.738859, 0.0663758) (0.0194065, 0.228143, -0.244296) (-0.397499, 0.38099, -0.579683) (-0.811507, 0.576022, -0.214676) (-0.138697, 0.315461, -0.486263) (0.178732, 0.679185, -0.308395) (0.17759, 0.504503, -0.0859428) 
# Original Graph 536 in [525, 550)
14 vertices
0 1
0 2
0 3
0 4
1 4
1 5
1 6
2 6
2 3
3 7
4 8
4 9
4 10
4 11
4 5
5 11
6 11
7 12
7 8
8 12
8 9
9 13
9 10
10 11
11 13
12 13

# Unit Distance Graph
14 vertices
0 9
0 10
0 11
0 13
1 8
1 9
1 13
1 12
2 4
2 10
2 9
3 4
3 11
3 10
4 7
4 12
4 13
4 11
4 6
5 7
5 8
5 12
6 9
6 8
7 11
8 11

# Embedding (with cost 9.88537e-15)
(-0.381542, 0.038183, 0.185039) (-0.0658491, 0.0343282, 0.380662) (-0.346609, -0.340793, 0.00975688) (-0.494798, -0.0131358, -0.188164) (0.349086, 0.34999, 0.206803) (0.237875, -0.0133675, 0.338619) (-0.0861119, -0.531996, 0.0259612) (-0.338741, 0.0917972, -0.4716) (-0.00869324, 0.24843, -0.594476) (0.287815, 0.203279, -0.539326) (0.491587, 0.110041, -0.297125) (0.325895, -0.583328, -0.151498) (-0.057996, -0.0465257, -0.616033) (0.244223, -0.369006, -0.480255) 
# Original Graph 537 in [525, 550)
14 vertices
0 1
0 2
0 3
0 4
1 4
1 5
2 6
2 7
2 8
2 9
2 3
3 10
4 10
4 8
5 11
5 6
6 11
6 12
7 12
7 8
8 13
8 9
9 10
11 13
11 12
12 13

# Unit Distance Graph
14 vertices
0 7
0 8
0 13
0 12
1 2
1 8
1 7
2 5
2 11
2 13
2 8
2 4
3 11
3 12
3 13
4 7
4 12
4 6
5 9
5 8
6 8
6 9
6 10
9 11
10 12
10 11

# Embedding (with cost 9.56463e-15)
(-0.0279127, -0.404971, -0.5131) (0.111596, -0.194609, -0.125386) (-0.611747, -0.1407, -0.813768) (-0.1038, -0.309025, -0.770954) (0.304337, -0.1629, -0.413397) (-0.114254, 0.0457184, 0.0334323) (-0.616989, 0.180747, -0.231557) (-0.403894, 0.517361, -0.602219) (0.120351, 0.54042, -0.803366) (0.105366, 0.258244, -0.918723) (0.145112, -0.0624491, -0.831606) (-0.25433, 0.292325, 0.0137237) (-0.465623, 0.446832, -0.225275) (-0.140807, 0.560557, -0.278554) 
# Original Graph 538 in [525, 550)
14 vertices
0 1
0 2
0 3
1 3
1 4
2 5
2 6
3 6
3 7
4 8
4 9
5 9
5 10
5 7
5 11
5 6
6 11
7 11
7 10
7 12
7 13
8 13
8 9
9 12
10 12
12 13

# Unit Distance Graph
14 vertices
0 7
0 12
0 10
1 5
1 7
1 10
2 7
2 13
2 12
3 5
3 10
3 12
3 9
4 5
4 11
4 7
5 8
5 13
5 7
6 8
6 9
6 12
6 13
7 9
8 11
9 11

# Embedding (with cost 9.5867e-15)
(0.366924, -0.277948, -0.0249709) (0.56897, -0.434008, -0.156974) (0.31574, 0.0174991, 0.137705) (0.402621, -0.516659, 0.199542) (0.834898, -0.374781, -0.235923) (0.66644, 0.440622, 0.317917) (0.332231, -0.179103, 0.503205) (0.98325, -0.402384, 0.752626) (1.09599, -0.349462, -0.119409) (1.08004, 0.171379, -0.0606556) (1.164, 0.0747037, 0.465245) (0.554468, -0.195289, 0.70702) (1.3011, -0.0841085, 0.27459) (1.24408, -0.35419, 0.131887) 
# Original Graph 539 in [525, 550)
14 vertices
0 1
0 2
0 3
0 4
1 4
1 5
1 6
1 2
2 6
2 3
3 7
4 8
4 9
4 6
4 5
5 6
6 9
6 10
7 11
7 12
8 12
8 13
9 13
10 13
10 11
11 12

# Unit Distance Graph
14 vertices
0 6
0 10
0 13
0 9
1 8
1 13
1 10
1 11
1 12
2 4
2 9
2 13
2 8
3 4
3 6
3 9
4 7
4 11
4 10
4 6
5 7
5 12
5 11
6 8
6 12
6 7

# Embedding (with cost 9.19087e-15)
(0.121135, 0.31575, 0.274966) (0.131053, -0.152505, 0.299693) (0.226917, 0.126401, 0.0739099) (0.0396643, 0.470959, 0.0107716) (-0.620709, -0.0114121, 0.586293) (-0.155011, -0.319691, 0.35284) (-0.268534, -0.445994, -0.242628) (-0.221513, 0.547655, -0.140402) (-0.747636, 0.313718, 0.197028) (-0.72928, -0.166149, 0.0638563) (-0.549013, 0.0304868, -0.410253) (-0.466518, 0.329503, -0.34107) (-0.520766, 0.506995, -0.0747273) (-0.746214, 0.0405933, -0.139757) 
# Original Graph 540 in [525, 550)
14 vertices
0 1
0 2
0 3
1 4
1 2
2 5
3 6
3 7
4 7
4 8
4 9
5 10
5 11
5 6
6 12
6 13
6 9
6 8
7 8
9 13
9 12
9 10
10 12
10 11
11 12
12 13

# Unit Distance Graph
14 vertices
0 9
0 12
0 13
1 6
1 13
1 12
2 6
2 9
2 13
3 9
3 10
3 12
4 5
4 6
4 12
4 11
5 9
5 6
5 8
6 10
6 9
7 10
7 11
7 12
8 11
8 10

# Embedding (with cost 8.31598e-15)
(-0.32167, 0.398282, -0.00581092) (-0.00459404, 0.336212, 0.0554523) (-0.22363, 0.518616, -0.255747) (-0.455772, 0.174422, 0.103377) (0.226639, -0.0749039, 0.172105) (-0.233656, 0.461227, -0.535491) (-0.647641, -0.385387, -0.201035) (-0.0569263, -0.0828367, 0.239511) (-0.249315, -0.268784, 0.147765) (0.3475, -0.302241, -0.253758) (0.0650644, 0.0603996, -0.74263) (-0.139576, 0.250867, -0.699537) (-0.135865, -0.251325, -0.743027) (-0.212121, -0.44016, -0.539678) 
# Original Graph 541 in [525, 550)
14 vertices
0 1
0 2
0 3
0 4
1 4
1 5
1 6
2 6
2 3
3 7
4 7
4 8
4 9
4 10
4 5
5 6
6 10
7 11
7 12
8 12
8 13
8 9
9 10
10 13
11 13
11 12

# Unit Distance Graph
14 vertices
0 8
0 9
0 10
0 13
1 8
1 13
1 11
1 12
2 4
2 9
2 8
3 4
3 10
3 9
4 7
4 11
4 13
4 10
4 6
5 7
5 12
5 11
6 8
6 12
6 7
7 10

# Embedding (with cost 8.94255e-15)
(-0.419995, 0.420372, 0.110157) (-0.330278, 0.681143, 0.206571) (-0.315384, 0.181337, 0.291873) (-0.262138, 0.0158358, 0.0490911) (0.118082, 0.882271, -0.274518) (-0.110894, 0.800027, 0.345194) (0.0740798, 0.542184, 0.664846) (-0.0324354, -0.0911138, -0.101697) (0.525703, 0.377795, -0.212088) (0.564133, 0.578791, 0.0301855) (0.471377, 0.462396, 0.561477) (0.346493, -0.0372064, 0.0454663) (0.403062, 0.122725, -0.181218) (0.530824, 0.18322, 0.30941) 
# Original Graph 542 in [525, 550)
14 vertices
0 1
0 2
0 3
0 4
1 4
1 5
2 6
2 7
3 7
3 4
4 7
4 8
5 8
5 9
5 10
6 10
6 11
6 8
7 8
8 11
8 9
9 12
9 13
10 13
11 12
12 13

# Unit Distance Graph
14 vertices
0 8
0 9
0 12
0 11
1 6
1 8
1 11
2 5
2 9
2 8
3 9
3 13
3 12
4 6
4 11
4 12
4 13
4 10
5 7
5 8
5 6
6 8
7 10
7 13
7 9
8 10

# Embedding (with cost 9.74577e-15)
(-0.432729, -0.601366, 0.0220859) (0.0208377, -0.40544, -0.499767) (-0.581965, -0.275818, 0.181982) (-0.180014, -0.694422, 0.108549) (0.0678092, -0.728972, -0.023322) (0.083983, -0.134443, -0.550497) (-0.571604, 0.00947983, 0.19078) (0.113565, -0.528113, 0.368279) (0.388482, -0.174848, 0.401158) (0.13189, 0.104113, -0.406289) (-0.346768, 0.166691, -0.184298) (0.0695997, 0.225685, 0.274381) (0.055796, 0.270779, -0.0045027) (-0.0799314, 0.233757, -0.249875) 
# Original Graph 543 in [525, 550)
14 vertices
0 1
0 2
0 3
0 4
1 5
1 6
1 2
2 6
2 7
2 8
2 3
3 8
3 9
3 10
3 4
4 10
4 5
5 11
6 7
7 12
8 12
8 13
9 13
9 10
11 13
11 12

# Unit Distance Graph
14 vertices
0 8
0 13
0 11
0 12
1 3
1 9
1 13
1 8
2 4
2 5
2 11
2 13
2 9
2 10
3 6
3 7
3 12
3 11
3 5
4 8
4 12
4 7
5 8
6 10
6 9
7 10

# Embedding (with cost 8.13774e-15)
(-0.514811, -0.0666126, 0.213723) (-0.353537, -0.310232, -0.148158) (-0.0441112, -0.414218, 0.450262) (-0.1851, 0.408763, 0.526139) (-0.460256, 0.26457, -0.154775) (-0.328638, 0.0418478, -0.392975) (-0.0111671, -0.468632, 0.0790082) (0.271379, -0.369642, 0.0951954) (0.463001, 0.142833, 0.209611) (0.12463, 0.520396, 0.137174) (-0.197864, 0.513309, 0.109596) (0.31969, 0.143927, -0.295475) (0.45326, -0.122809, -0.0305725) (0.350725, 0.384773, -0.00329979) 
# Original Graph 544 in [525, 550)
14 vertices
0 1
0 2
0 3
1 3
1 4
1 5
1 6
2 7
2 8
2 9
3 9
4 10
4 11
4 12
4 5
5 13
5 6
6 13
6 12
6 11
6 7
7 10
8 10
8 9
11 12
12 13

# Unit Distance Graph
14 vertices
0 4
0 12
0 11
1 4
1 11
1 6
1 7
1 10
2 4
2 5
2 13
2 12
3 6
3 11
3 12
4 7
4 6
5 8
5 10
5 7
6 10
6 8
6 9
8 13
9 12
9 13

# Embedding (with cost 9.83546e-15)
(0.266632, -0.46642, 0.0549822) (0.23116, -0.959703, 0.276956) (0.173714, -0.144502, 0.053569) (0.335553, -0.715982, 0.168865) (0.172984, -0.314759, 1.03897) (0.0230275, -1.02932, 0.494474) (-0.584208, -0.391976, 0.390357) (-0.348114, -0.148032, 0.201915) (0.356272, -0.0876568, 0.541642) (0.397481, -0.253857, 0.259174) (0.279478, -0.116576, 0.812495) (-0.145023, -0.329253, 0.95594) (-0.425548, -0.488672, 0.776364) (-0.401617, -0.735429, 0.619077) 
# Original Graph 545 in [525, 550)
14 vertices
0 1
0 2
0 3
1 4
1 5
2 5
2 6
2 7
2 8
3 8
3 9
4 9
4 10
4 5
5 10
5 11
5 6
6 11
6 12
6 13
7 13
7 8
9 12
10 11
11 12
12 13

# Unit Distance Graph
14 vertices
0 6
0 12
0 11
1 6
1 13
1 12
2 4
2 10
2 11
2 12
2 9
3 5
3 6
3 11
4 7
4 13
4 6
5 9
5 12
5 13
5 7
5 8
6 9
7 10
8 11
8 10

# Embedding (with cost 8.62671e-15)
(0.255657, 0.428305, 0.390884) (0.0909152, 0.623863, 0.244295) (0.0388802, 0.06116, 0.609743) (0.435772, 0.235342, 0.120864) (0.0480399, 0.607618, -0.227693) (-0.502695, 0.580712, 0.120699) (-0.468876, -0.189298, 0.0849133) (0.0737513, -0.200262, 0.361093) (0.276624, 0.00840114, 0.37589) (0.327879, 0.251486, -0.328476) (-0.397291, 0.499291, -0.176257) (-0.504454, 0.201349, -0.217985) (-0.0369759, -0.160739, -0.362371) (-0.111563, -0.337454, 0.0575545) 
# Original Graph 546 in [525, 550)
14 vertices
0 1
0 2
0 3
0 4
1 4
1 5
2 5
2 6
2 7
2 8
3 8
3 9
4 9
4 10
5 10
5 11
5 6
6 11
6 12
7 12
7 13
7 8
9 13
10 11
11 13
12 13

# Unit Distance Graph
14 vertices
0 6
0 12
0 13
0 11
1 7
1 13
1 12
2 4
2 10
2 11
2 13
2 9
3 5
3 6
3 11
4 7
4 12
4 6
5 9
5 13
5 7
5 8
6 9
7 10
8 11
8 10

# Embedding (with cost 9.47842e-15)
(0.29201, -0.158419, -0.257317) (0.550549, -0.264207, 0.0932798) (0.630981, 0.304058, -0.36179) (-0.0670938, 0.0874673, -0.12598) (0.231054, -0.288412, 0.337522) (0.86206, -0.0142046, 0.229457) (0.705985, 0.588456, 0.26307) (0.149948, 0.646407, -0.00821727) (0.0555042, 0.390559, -0.201395) (-0.135879, 0.0499349, 0.227572) (0.502201, -0.113941, 0.537483) (0.575811, 0.201596, 0.631416) (0.343658, 0.701421, 0.250627) (0.0502746, 0.538535, 0.417826) 
# Original Graph 547 in [525, 550)
14 vertices
0 1
0 2
0 3
0 4
1 5
1 6
1 7
1 2
2 7
2 8
2 9
2 10
3 10
3 11
3 12
4 12
4 5
5 6
6 13
6 8
7 8
8 9
9 13
9 10
11 13
11 12

# Unit Distance Graph
14 vertices
0 6
0 8
0 9
0 13
1 3
1 11
1 13
1 9
1 10
2 4
2 5
2 6
2 13
2 11
2 12
3 7
3 8
3 6
4 9
4 8
5 10
5 9
6 10
7 12
7 11
8 12

# Embedding (with cost 7.94515e-15)
(0.0577089, -0.185207, -0.451649) (-0.353612, -0.165295, 0.0297032) (0.263837, -0.278173, 0.197868) (0.362063, 0.299911, -0.491251) (-0.261332, 0.281726, -0.442998) (-0.452855, 0.305028, -0.184532) (-0.384982, 0.481157, 0.148338) (0.014226, -0.165821, 0.322446) (0.126236, 0.18701, 0.473964) (0.435676, 0.402333, 0.263849) (0.544027, 0.243407, -0.135242) (0.21727, 0.582706, -0.308806) (0.0423913, 0.404503, -0.49849) (0.151689, 0.6974, 0.00897319) 
# Original Graph 548 in [525, 550)
14 vertices
0 1
0 2
0 3
1 3
1 4
1 5
1 6
2 7
2 8
3 8
3 9
3 4
4 5
5 9
5 10
6 10
6 7
7 11
7 12
8 12
8 9
9 13
9 10
10 13
11 13
11 12

# Unit Distance Graph
14 vertices
0 9
0 10
0 13
1 8
1 9
1 13
1 11
1 12
2 5
2 10
2 9
3 6
3 7
3 11
3 13
3 10
4 7
4 12
4 11
5 8
5 12
5 7
6 9
6 8
7 9
8 10

# Embedding (with cost 9.39682e-15)
(0.211849, -0.858412, 0.225418) (-0.0223004, -0.915752, 0.562381) (0.387906, -0.510172, 0.0448876) (-0.15522, -0.944983, -0.00266438) (-0.280904, -0.929374, 0.32959) (-0.511753, -0.64884, 0.458874) (0.145886, -0.29908, 0.698865) (0.347976, -0.151951, 0.340692) (0.10372, -0.414303, -0.293579) (-0.588341, -0.294952, 0.0199745) (-0.406454, -0.12886, 0.517744) (0.0144103, 0.0180672, 0.206524) (0.202911, -0.116621, 0.00500314) (-0.289525, 0.00517644, 0.278688) 
# Original Graph 549 in [525, 550)
14 vertices
0 1
0 2
0 3
0 4
1 4
1 5
1 6
2 6
2 7
2 3
3 7
4 8
4 9
4 5
5 6
6 9
6 10
6 11
7 12
7 13
8 13
8 11
8 10
9 10
11 12
12 13

# Unit Distance Graph
14 vertices
0 6
0 11
0 8
0 10
1 8
1 11
1 12
1 13
2 4
2 9
2 10
2 8
3 6
3 10
3 9
4 7
4 12
4 11
4 6
5 7
5 13
5 12
6 8
6 13
6 7
7 9

# Embedding (with cost 9.6711e-15)
(0.510193, 0.355185, 0.780838) (0.492701, 0.63696, 0.565141) (0.113978, 0.0774718, 0.7165) (0.391505, 0.0841282, 0.785035) (0.830618, 0.552141, 0.205505) (0.513459, 0.711214, 0.292857) (-0.152569, 0.472393, 0.0412375) (0.325627, -0.232495, 0.565129) (0.663346, -0.087599, -0.102613) (0.462417, 0.467435, -0.13586) (0.486158, 0.188903, -0.204947) (0.0703069, -0.0583633, -0.0163305) (0.213465, -0.233353, 0.159453) (0.493013, -0.28073, 0.167844) 
