

# Original Graph 575 in [575, 600)
14 vertices
0 1
0 2
0 3
0 4
1 4
1 5
1 6
2 6
2 7
2 3
3 8
4 9
4 10
4 11
4 5
5 11
5 12
5 7
6 7
8 12
8 9
9 13
9 10
10 13
11 13
12 13

# Unit Distance Graph 575
14 vertices
0 5
0 12
0 13
0 11
1 8
1 9
1 13
1 12
2 4
2 11
2 13
2 10
3 4
3 5
3 11
4 8
4 12
4 5
4 7
5 9
5 8
6 9
6 10
6 13
7 10
7 9

# Embedding 575 (with cost 9.60804e-15)
(0.459867, 0.0570229, -0.0539018) (0.405739, -0.246653, 0.145938) (0.0278972, -0.0398678, -0.360522) (-0.0623602, 0.272817, -0.340835) (0.496175, 0.211966, 0.486411) (-0.338188, -0.333239, 0.405231) (0.127396, -0.324346, -0.101873) (-0.200031, -0.382734, 0.0843787) (-0.210663, 0.474408, -0.170479) (-0.10984, 0.609997, 0.164063) (0.0986303, 0.481074, 0.490134) (-0.308012, -0.0261378, 0.581272) (-0.477715, 0.207915, 0.259423) (-0.328031, 0.336238, 0.494966) 


# Original Graph 576 in [575, 600)
14 vertices
0 1
0 2
0 3
1 4
1 5
1 6
2 6
2 7
2 3
3 8
3 9
3 10
4 10
4 11
4 12
5 8
5 7
6 7
7 8
8 12
8 13
9 13
9 11
9 10
11 13
12 13

# Unit Distance Graph 576
14 vertices
0 8
0 13
0 12
1 3
1 9
1 13
1 8
2 4
2 12
2 13
2 11
3 5
3 8
3 12
3 4
4 8
4 7
5 10
5 9
6 9
6 11
6 13
7 11
7 9
7 10
8 10

# Embedding 576 (with cost 8.62753e-15)
(-0.209119, 0.160996, 0.465417) (-0.497024, 0.399759, -0.079573) (0.0272021, -0.0703096, 0.476416) (0.17275, 0.223897, 0.641866) (-0.34478, 0.663225, -0.0924048) (-0.157956, 0.0622855, -0.287927) (-0.0563769, -0.192838, 0.170939) (0.15005, -0.205614, -0.108618) (0.407102, 0.0419652, -0.31311) (0.399892, 0.693389, 0.251068) (0.179263, 0.597397, 0.486631) (0.0017042, 0.781399, -0.0469795) (0.341873, 0.450073, -0.317426) (0.481731, 0.602981, -0.106751) 


# Original Graph 577 in [575, 600)
14 vertices
0 1
0 2
0 3
0 4
1 4
1 5
2 6
2 7
2 8
2 9
2 10
3 10
3 11
3 12
3 4
4 12
5 10
5 13
5 6
6 7
7 8
8 13
9 13
9 10
10 11
11 12

# Unit Distance Graph 577
14 vertices
0 5
0 13
0 9
0 10
1 2
1 10
1 9
2 5
2 10
2 11
2 12
2 4
3 5
3 6
3 7
3 8
3 13
4 9
4 13
4 8
5 10
6 11
6 10
7 12
7 11
8 12

# Embedding 577 (with cost 7.29445e-15)
(0.245326, -0.789601, 0.00963136) (-0.308697, -0.116822, 0.0303002) (0.519089, -0.608383, 0.300739) (0.185477, -0.528548, -0.483288) (-0.273202, -0.27193, -0.208254) (-0.19383, 0.0866786, 0.207813) (0.018223, -0.0557991, 0.38189) (0.292037, -0.154103, 0.437817) (0.544374, -0.0768666, 0.33352) (0.648262, 0.111888, -0.148361) (0.548394, 0.0392414, -0.460657) (0.343804, -0.131525, -0.560586) (0.0851305, -0.268899, -0.533785) (0.560369, 0.149141, 0.14932) 


# Original Graph 578 in [575, 600)
14 vertices
0 1
0 2
0 3
0 4
1 4
1 5
1 6
2 6
2 3
3 7
4 8
4 9
4 10
4 11
5 11
5 6
6 11
7 12
7 13
7 8
8 13
9 13
9 12
9 10
10 11
11 12

# Unit Distance Graph 578
14 vertices
0 9
0 10
0 11
0 12
1 7
1 13
1 9
1 12
2 4
2 10
2 9
3 4
3 11
3 10
4 7
4 12
4 11
4 6
5 7
5 8
5 13
6 9
6 13
6 8
7 11
8 11

# Embedding 578 (with cost 9.10426e-15)
(-0.142381, 0.111922, -0.11213) (-0.513467, 0.162163, -0.117663) (-0.00136507, 0.0875372, 0.250192) (0.167775, -0.148932, 0.195016) (-0.613473, -0.388034, -0.381596) (-0.679445, 0.00975609, 0.457873) (-0.395697, 0.165535, 0.422229) (0.164664, -0.480031, 0.239725) (-0.228393, -0.616854, -0.177668) (-0.458494, -0.79719, 0.159139) (-0.714809, -0.612857, 0.271303) (-0.739897, -0.254126, 0.601301) (-0.430064, -0.539794, 0.589656) (-0.128705, -0.737915, 0.0868302) 


# Original Graph 579 in [575, 600)
14 vertices
0 1
0 2
0 3
1 3
1 4
2 5
2 6
3 7
4 8
4 9
4 5
5 9
5 10
5 11
5 12
5 6
6 13
6 7
7 13
8 12
8 10
9 10
10 12
10 11
11 12
12 13

# Unit Distance Graph 579
14 vertices
0 10
0 11
0 12
1 5
1 12
1 11
2 8
2 10
2 12
3 5
3 11
3 10
4 5
4 6
4 13
4 12
5 8
5 12
5 13
5 7
6 9
6 10
6 8
7 10
7 9
9 13

# Embedding 579 (with cost 9.52281e-15)
(-0.458924, 0.86, 0.020832) (-0.605486, 0.643748, -0.18199) (-0.27155, 0.861357, 0.429992) (-0.2941, 0.822283, -0.234956) (-0.705464, 0.36524, -0.108887) (-0.196462, 0.568838, 0.727454) (0.117579, 0.854975, 0.178797) (0.0845767, 0.797971, -0.204488) (-0.344131, 0.0089752, -0.0878667) (-0.590849, 0.149892, 0.147354) (-0.192598, -0.0952537, 0.149523) (0.0360261, 0.0301167, 0.278356) (0.278158, 0.189929, -0.0670044) (0.277219, 0.545225, -0.152926) 


# Original Graph 580 in [575, 600)
14 vertices
0 1
0 2
0 3
0 4
1 4
1 5
1 6
2 6
2 7
2 3
3 8
4 9
4 10
4 7
5 7
5 6
7 10
7 11
8 11
8 12
8 9
9 12
9 13
10 13
11 13
12 13

# Unit Distance Graph 580
14 vertices
0 7
0 11
0 13
0 10
1 8
1 12
1 13
1 11
2 4
2 10
2 13
2 9
3 4
3 7
3 10
4 8
4 11
4 7
5 8
5 9
5 12
6 9
6 13
6 12
7 9
7 8

# Embedding 580 (with cost 9.95123e-15)
(0.703342, -0.365355, 0.141312) (0.343434, -0.453224, -0.179434) (0.563134, -0.581636, 0.348643) (0.692314, -0.134487, 0.515135) (0.109471, 0.0548909, -0.275074) (0.0363658, -0.637516, 0.179625) (0.359569, -0.631601, 0.0868117) (-0.228497, -0.521727, 0.46876) (0.535014, 0.103992, 0.628532) (0.208524, 0.346134, 0.23248) (-0.229576, -0.00536877, 0.149832) (-0.13438, -0.198091, 0.661162) (0.287985, 0.274121, 0.504594) (-0.0593696, 0.191472, 0.470272) 


# Original Graph 581 in [575, 600)
14 vertices
0 1
0 2
0 3
1 3
1 4
2 5
2 6
3 7
4 8
4 9
4 10
5 10
5 11
5 9
5 12
5 8
6 8
6 13
6 7
7 13
8 13
8 12
8 9
9 12
9 11
10 11

# Unit Distance Graph 581
14 vertices
0 8
0 9
0 12
1 5
1 8
1 12
2 4
2 9
2 8
3 5
3 12
3 9
4 6
4 8
4 5
5 8
5 13
5 7
6 10
6 11
6 9
7 9
7 11
8 10
10 13
11 13

# Embedding 581 (with cost 8.85394e-15)
(-0.271039, -0.485564, -0.493751) (0.166021, -0.540528, -0.623359) (-0.505486, -0.383124, -0.10887) (-0.0809168, -0.354091, -0.702417) (0.412302, -0.577076, -0.455348) (-0.251345, -0.436978, 0.279461) (-0.384811, 0.024952, -0.408736) (-0.185953, -0.066319, -0.647003) (0.171542, 0.350359, -0.169167) (0.438992, -0.155938, 0.128504) (0.325798, -0.637668, -0.172156) (0.27309, -0.506886, 0.124476) (0.22845, 0.129389, 0.116447) (-0.0871208, 0.230772, -0.446583) 


# Original Graph 582 in [575, 600)
14 vertices
0 1
0 2
0 3
0 4
1 4
1 5
1 6
1 7
2 7
2 3
3 8
4 9
4 10
4 11
4 12
4 5
5 12
5 13
5 6
6 7
8 13
8 9
9 10
10 11
11 13
11 12

# Unit Distance Graph 582
14 vertices
0 5
0 13
0 11
0 12
1 8
1 9
1 10
1 11
1 13
2 4
2 12
2 11
3 4
3 5
3 12
4 8
4 13
4 5
4 6
4 7
5 9
5 8
6 10
6 9
7 11
7 10

# Embedding 582 (with cost 9.35191e-15)
(0.339858, -0.655497, -0.489995) (0.59032, -0.377992, 0.0505322) (0.255648, -0.782048, -0.225458) (-0.0188531, -0.769619, -0.394052) (0.334644, 0.144194, -0.594018) (0.19126, -0.140059, 0.353949) (0.373106, -0.372109, 0.261524) (0.410379, -0.634668, 0.0285889) (-0.274525, -0.62172, -0.388376) (-0.203593, -0.294439, -0.551732) (-0.15115, -0.00297178, -0.505869) (-0.281444, 0.0596329, -0.169724) (-0.00878917, 0.163049, -0.0334569) (-0.390717, -0.188795, 0.00845165) 


# Original Graph 583 in [575, 600)
14 vertices
0 1
0 2
0 3
0 4
1 4
1 5
1 6
1 2
2 6
2 3
3 7
4 7
4 8
4 9
4 10
4 11
5 11
5 6
7 12
7 8
8 9
9 13
10 13
10 11
11 12
12 13

# Unit Distance Graph 583
14 vertices
0 10
0 11
0 12
0 13
1 7
1 8
1 9
1 13
1 12
2 4
2 10
2 13
2 9
3 4
3 11
3 10
4 7
4 12
4 11
4 5
4 6
5 8
5 7
6 9
6 8
7 11

# Embedding 583 (with cost 9.89045e-15)
(-0.237667, -0.396062, -0.0153424) (-0.388874, -0.374294, 0.319872) (-0.0463668, -0.591981, 0.299481) (0.362077, -0.505377, 0.170298) (-0.151958, 0.270486, -0.195495) (-0.20318, -0.0849271, 0.73781) (-0.25487, -0.353966, 0.578759) (0.595712, -0.283836, 0.170178) (0.470728, 0.0305067, 0.00806884) (0.283461, 0.326608, 0.0817503) (0.0641625, 0.368817, 0.553743) (-0.0477597, 0.161133, 0.793032) (0.516565, 0.00962389, 0.500945) (0.309225, 0.338642, 0.386054) 


# Original Graph 584 in [575, 600)
14 vertices
0 1
0 2
0 3
0 4
1 4
1 5
2 5
2 6
2 3
3 7
4 8
4 9
4 10
4 11
5 11
5 6
6 11
7 12
7 13
7 8
8 9
9 13
10 13
10 11
11 12
12 13

# Unit Distance Graph 584
14 vertices
0 10
0 11
0 12
0 13
1 7
1 13
1 12
2 4
2 10
2 13
2 9
3 4
3 11
3 10
4 7
4 12
4 11
4 6
5 7
5 8
5 9
5 13
6 9
6 8
7 11
8 11

# Embedding 584 (with cost 9.92289e-15)
(-0.257366, -0.202843, -0.162505) (-0.292877, -0.141815, 0.317549) (0.160522, -0.476389, -0.091251) (0.0528613, -0.0839185, -0.487209) (-0.253063, 0.300263, 0.38389) (0.119616, -0.441512, 0.292857) (0.408829, -0.427346, 0.203659) (0.196615, 0.164435, -0.498912) (0.0666861, 0.389126, -0.261434) (0.144887, 0.518081, 0.0126018) (0.36521, 0.409817, 0.324372) (0.610346, -0.201824, 0.334562) (0.672974, 0.0283335, 0.122146) (0.451414, 0.469939, 0.0496167) 


# Original Graph 585 in [575, 600)
14 vertices
0 1
0 2
0 3
1 3
1 4
2 5
2 6
3 7
3 8
4 9
4 10
5 11
5 12
5 8
5 6
6 8
6 7
7 8
8 12
8 13
8 9
9 13
10 13
10 11
11 13
12 13

# Unit Distance Graph 585
14 vertices
0 8
0 13
0 12
1 5
1 8
1 12
2 8
2 9
2 13
3 5
3 12
3 13
3 11
4 5
4 6
4 8
5 9
5 8
6 10
6 13
6 9
7 10
7 11
7 13
8 11
8 10

# Embedding 585 (with cost 9.75527e-15)
(-0.177408, -0.0701864, 0.246735) (-0.392743, 0.111262, 0.0787817) (0.188098, 0.00497528, 0.47043) (-0.153836, -0.124705, -0.0783547) (-0.416331, 0.438937, 0.0583873) (0.454038, 0.366584, 0.545444) (0.441935, -0.00986965, 0.307291) (0.19502, -0.143071, -0.125686) (0.432613, 0.302943, -0.452299) (-0.0680786, 0.632309, -0.264979) (-0.23927, 0.708717, 0.167314) (0.13481, 0.693568, 0.418749) (0.414978, 0.69462, -0.00654278) (0.0784291, 0.847704, -0.0566194) 


# Original Graph 586 in [575, 600)
14 vertices
0 1
0 2
0 3
1 4
1 5
2 5
2 6
2 3
3 7
4 8
4 9
4 10
4 11
4 5
5 11
5 6
6 11
7 12
7 8
8 9
9 13
10 13
10 11
11 13
11 12
12 13

# Unit Distance Graph 586
14 vertices
0 10
0 11
0 13
1 11
1 12
1 13
2 4
2 10
2 13
2 9
3 4
3 11
3 10
4 7
4 12
4 11
4 6
5 7
5 8
5 9
5 13
5 12
6 9
6 8
7 11
8 11

# Embedding 586 (with cost 7.36811e-15)
(0.192182, 0.0572179, -0.0143306) (0.0351224, 0.0340273, -0.352829) (0.108623, -0.1763, 0.2259) (0.121874, 0.26572, 0.31201) (-0.352273, 0.221644, -0.567332) (-0.137246, -0.388434, -0.109095) (-0.268713, -0.393533, 0.216618) (-0.0808472, 0.495349, 0.355389) (-0.228336, 0.593131, 0.0589304) (-0.539797, 0.526033, -0.0678347) (-0.804659, 0.132437, -0.0398018) (-0.725713, -0.258031, 0.22668) (-0.516085, 0.38021, 0.406333) (-0.741699, 0.348904, 0.192516) 


# Original Graph 587 in [575, 600)
14 vertices
0 1
0 2
0 3
0 4
1 5
1 2
2 6
2 7
3 7
3 6
3 4
4 8
5 9
5 10
5 6
6 10
6 11
6 8
6 7
8 11
8 12
9 12
9 13
10 13
11 13
12 13

# Unit Distance Graph 587
14 vertices
0 6
0 11
0 13
0 10
1 6
1 8
1 11
2 8
2 12
2 13
2 11
3 5
3 10
3 13
3 9
4 5
4 6
4 10
5 8
5 6
6 9
6 12
6 8
7 9
7 13
7 12

# Embedding 587 (with cost 9.87076e-15)
(0.258305, 0.33178, 0.0896401) (0.153848, -0.134031, 0.317448) (0.295243, 0.0436728, -0.083988) (0.0689015, 0.461391, -0.240985) (-0.226971, 0.639685, 0.0500788) (-0.0894111, -0.284775, 0.405678) (-0.336726, -0.149792, -0.553809) (0.124579, 0.173397, -0.369222) (-0.534739, 0.563346, 0.118669) (-0.383754, -0.109173, 0.444259) (-0.493654, -0.323582, 0.0185285) (-0.699153, 0.140497, -0.126424) (-0.592839, 0.259011, 0.32214) (-0.653791, -0.0588673, 0.214039) 


# Original Graph 588 in [575, 600)
14 vertices
0 1
0 2
0 3
0 4
1 4
1 5
2 6
2 7
2 8
2 9
3 9
3 10
3 11
4 11
4 10
5 9
5 12
5 6
6 13
7 13
7 12
8 12
8 9
9 10
10 11
12 13

# Unit Distance Graph 588
14 vertices
0 5
0 12
0 8
0 9
1 2
1 9
1 8
2 5
2 9
2 10
2 4
3 5
3 6
3 13
3 12
4 8
4 12
4 7
5 9
6 10
6 9
7 10
7 11
10 13
11 12
11 13

# Embedding 588 (with cost 8.66193e-15)
(0.420666, 0.234334, -0.282732) (0.0560855, -0.515392, -0.583363) (0.376745, 0.430961, -0.543459) (-0.0831136, 0.0302097, -0.000322701) (-0.00279118, -0.462343, -0.30271) (-0.0365586, -0.407724, -0.898124) (0.116756, -0.126665, -0.967505) (0.138282, 0.379212, -0.824135) (-0.483048, 0.318353, -0.702544) (-0.57779, 0.217285, -0.3356) (-0.345108, -0.0843836, -0.0815631) (-0.114846, -0.27725, -0.113512) (-0.323729, 0.228624, -0.950447) (-0.0257145, 0.209637, -0.982418) 


# Original Graph 589 in [575, 600)
14 vertices
0 1
0 2
0 3
0 4
1 5
1 6
2 7
2 8
2 3
3 5
3 9
3 10
4 10
4 11
4 12
5 12
5 8
6 8
6 7
7 8
9 12
9 11
9 13
9 10
10 13
11 13

# Unit Distance Graph 589
14 vertices
0 3
0 9
0 12
0 5
1 3
1 10
1 9
2 4
2 12
2 9
2 11
3 5
3 12
3 4
4 5
4 8
5 10
6 9
6 10
6 13
7 9
7 13
7 11
8 11
8 13
8 10

# Embedding 589 (with cost 9.92539e-15)
(0.609357, -0.548879, 0.759572) (0.621411, -0.245972, 0.703146) (0.463521, -0.310673, -0.100467) (0.229019, -0.549076, -0.165276) (0.331558, -0.674837, 0.821471) (0.0259233, 0.205502, 0.458715) (0.582428, -0.0233272, 0.461359) (0.51922, -0.020872, 0.151326) (0.33391, 0.17723, 0.298044) (-0.34148, -0.405197, 0.485228) (-0.0347765, -0.737045, 0.130202) (0.0119814, -0.672773, 0.715006) (-0.234525, -0.0485347, 0.565877) (-0.186168, -0.662986, 0.451522) 


# Original Graph 590 in [575, 600)
14 vertices
0 1
0 2
0 3
0 4
1 4
1 5
1 6
2 7
2 5
2 3
3 8
3 9
4 10
4 11
5 11
5 8
5 7
5 6
6 7
8 12
9 12
9 13
10 13
10 12
11 12
12 13

# Unit Distance Graph 590
14 vertices
0 5
0 8
0 12
0 11
1 3
1 9
1 12
1 8
2 4
2 11
2 12
2 10
3 5
3 11
3 4
4 8
4 5
5 10
5 13
5 9
6 9
6 13
6 12
7 10
7 12
7 13

# Embedding 590 (with cost 8.79335e-15)
(-0.340622, -0.37756, -0.31597) (-0.0184775, 0.00037615, -0.605693) (-0.1196, -0.759045, -0.203621) (-0.204932, -0.629181, 0.148556) (-0.0486943, 0.229014, -0.340413) (0.653426, -0.483039, -0.343241) (0.235273, -0.392114, -0.615649) (0.164948, -0.683656, -0.434821) (0.581179, -0.431701, 0.0678954) (-0.0641526, -0.331451, 0.33654) (0.0127603, 0.216068, -0.0257533) (0.575891, -0.0501812, -0.0861256) (0.363031, -0.0547759, 0.317025) (0.042943, 0.00150461, 0.28328) 


# Original Graph 591 in [575, 600)
14 vertices
0 1
0 2
0 3
1 4
1 5
2 6
2 7
2 3
3 8
4 9
4 10
4 5
5 11
5 12
5 13
6 13
6 12
7 12
7 10
8 10
8 9
9 10
10 12
10 11
11 12
12 13

# Unit Distance Graph 591
14 vertices
0 10
0 11
0 12
1 7
1 10
1 12
2 4
2 5
2 11
2 10
3 5
3 12
3 11
4 7
4 12
4 6
5 8
5 10
5 7
6 10
6 9
8 13
8 12
9 12
9 13
10 13

# Embedding 591 (with cost 7.04329e-15)
(-0.10042, -0.494115, -0.300052) (0.238631, -0.155333, -0.329863) (-0.115262, -0.828822, -0.055695) (-0.337839, -0.519361, -0.0966238) (0.216164, 0.112482, -0.119753) (0.572491, -0.107503, -0.137508) (0.166574, -0.871756, 0.0499996) (0.037776, -0.628058, 0.528151) (-0.388722, -0.213082, 0.117288) (-0.241201, 0.0342408, 0.163527) (-0.0885738, -0.0853076, 0.612492) (0.36404, -0.169929, 0.524072) (0.426281, -0.606729, 0.542506) (0.537561, -0.572352, 0.00360564) 


# Original Graph 592 in [575, 600)
14 vertices
0 1
0 2
0 3
0 4
1 5
1 6
1 7
2 7
2 8
2 3
3 4
4 9
5 9
5 10
5 6
6 11
6 12
6 13
7 13
8 13
8 9
9 10
10 13
10 11
11 12
12 13

# Unit Distance Graph 592
14 vertices
0 10
0 11
0 12
0 13
1 8
1 9
1 10
1 13
2 5
2 6
2 11
2 10
3 6
3 12
3 11
4 6
4 13
4 12
5 8
5 13
5 7
6 9
6 8
7 10
7 9
9 13

# Embedding 592 (with cost 9.88892e-15)
(-0.813204, 0.379576, -0.303881) (-0.565092, 0.099253, -0.54475) (-0.69189, 0.889568, -0.394336) (-0.789861, 0.660728, -0.171785) (-0.631206, 0.577277, 0.0852576) (-0.0824415, 0.175065, -0.050739) (-0.0400156, 0.161299, -0.605725) (-0.425406, 0.858872, -0.694776) (-0.390342, 1.06925, -0.375741) (-0.262254, 0.609953, 0.259908) (0.101829, 0.507227, 0.0787675) (0.18242, 0.433698, -0.227708) (0.12661, 0.597694, -0.566892) (-0.0878181, 0.970909, -0.656216) 


# Original Graph 593 in [575, 600)
14 vertices
0 1
0 2
0 3
0 4
1 4
1 5
1 2
2 5
2 3
3 6
3 4
4 7
5 8
6 8
6 9
6 10
6 7
7 10
7 11
7 8
8 12
9 12
9 13
10 13
11 13
11 12

# Unit Distance Graph 593
14 vertices
0 9
0 13
0 11
0 12
1 6
1 10
1 13
1 9
2 7
2 11
2 13
2 10
3 7
3 8
3 12
3 11
4 6
4 9
4 12
4 8
5 6
5 7
5 10
6 8
6 7
7 8

# Embedding 593 (with cost 9.98455e-15)
(0.576199, 0.456768, 0.492436) (0.534876, 0.378487, 0.178239) (0.755879, 0.249727, 0.355225) (0.745581, -0.0914773, 0.796974) (0.0985556, 0.503192, 0.672747) (0.438398, 0.0725879, -0.0394064) (0.572383, -0.358835, 0.852738) (-0.174402, 0.292756, 0.719541) (0.251521, -0.147971, -0.0706164) (0.250307, -0.482528, 0.599753) (-0.0491148, -0.131989, 0.809404) (-0.112227, -0.244228, 0.306227) (0.0741648, -0.307773, 0.0881606) (-0.00743361, -0.348073, 0.600152) 


# Original Graph 594 in [575, 600)
14 vertices
0 1
0 2
0 3
0 4
1 4
1 2
2 5
3 5
3 6
4 6
4 7
5 8
6 9
7 9
7 10
7 11
7 8
8 11
8 9
9 12
9 13
9 10
10 13
10 11
11 12
12 13

# Unit Distance Graph 594
14 vertices
0 10
0 11
0 12
0 13
1 9
1 13
1 12
2 9
2 10
2 13
3 7
3 11
3 10
4 8
4 9
4 12
4 11
5 7
5 10
5 9
6 7
6 8
6 11
7 9
7 8
8 9

# Embedding 594 (with cost 9.96444e-15)
(-0.0651133, -0.0701684, 0.367759) (0.212957, -0.0531398, 0.318903) (-0.10503, -0.302666, 0.177254) (-0.348652, 0.0731825, 0.294026) (0.426432, 0.124845, 0.244931) (-0.243857, -0.400583, -0.0488862) (-0.35702, 0.466111, 0.119881) (0.578766, 0.167688, -0.0678636) (-0.192797, -0.413388, -0.326787) (-0.315447, 0.576163, -0.250981) (0.198293, 0.384175, -0.483235) (-0.00523365, -0.0939603, -0.630163) (-0.106551, 0.180831, -0.599341) (-0.10339, 0.441824, -0.490378) 


# Original Graph 595 in [575, 600)
14 vertices
0 1
0 2
0 3
1 4
1 5
2 5
2 6
3 7
3 8
4 8
4 9
5 10
6 10
6 11
6 7
7 11
7 12
7 13
8 13
9 13
9 12
9 11
9 10
10 11
11 12
12 13

# Unit Distance Graph 595
14 vertices
0 9
0 11
0 12
1 7
1 12
1 11
2 9
2 12
2 13
3 9
3 10
3 11
4 6
4 7
4 11
5 7
5 13
5 12
6 9
6 13
6 8
7 10
7 9
8 11
8 10
10 13

# Embedding 595 (with cost 9.98493e-15)
(-0.0558193, 0.693568, 0.269669) (0.337698, 0.72519, 0.339838) (-0.0854559, 0.41062, 0.437039) (-0.124065, 0.682508, -0.0629459) (0.590091, 0.711567, 0.0622211) (0.230363, 0.397151, 0.529976) (-0.145984, 0.0935596, 0.338374) (-0.186309, 0.250193, -0.367124) (0.398164, 0.715623, -0.2246) (0.763757, 0.222368, -0.0563162) (0.357846, -0.0513657, 0.415792) (0.259865, -0.232335, 0.06219) (0.320054, 0.0610645, -0.407575) (0.351741, 0.427321, -0.462172) 


# Original Graph 596 in [575, 600)
14 vertices
0 1
0 2
0 3
0 4
1 4
1 5
1 6
2 6
2 7
3 7
3 8
4 9
4 10
4 5
5 11
6 11
6 10
6 12
7 13
7 8
8 13
8 9
9 12
9 10
10 11
12 13

# Unit Distance Graph 596
14 vertices
0 6
0 12
0 9
0 10
1 8
1 9
1 12
1 13
2 4
2 10
2 9
3 6
3 10
3 11
4 7
4 13
4 12
4 6
5 7
5 8
5 13
6 9
6 8
7 11
7 10
8 11

# Embedding 596 (with cost 9.3827e-15)
(-0.155116, -0.838146, 0.107986) (-0.0433861, -0.512851, 0.377402) (-0.336967, -0.584944, -0.294924) (-0.0511764, -0.870425, -0.177727) (0.398616, -0.520159, 0.379406) (0.176758, -0.289524, 0.395309) (-0.142398, 0.125245, -0.159814) (-0.0845619, -0.703338, -0.47674) (0.387222, -0.644845, -0.515433) (0.653463, -0.453617, -0.337366) (0.403369, -0.0103864, 0.0540536) (0.110781, 0.0671488, 0.130048) (0.187903, -0.141083, -0.52165) (0.183326, -0.437584, -0.593647) 


# Original Graph 597 in [575, 600)
14 vertices
0 1
0 2
0 3
1 4
1 5
1 6
2 6
2 7
2 8
2 3
3 9
3 10
4 10
4 11
4 12
5 9
5 8
6 8
6 13
6 7
7 13
8 13
8 9
9 12
10 11
11 12

# Unit Distance Graph 597
14 vertices
0 5
0 8
0 9
1 2
1 3
1 9
1 8
2 5
2 9
2 12
2 4
3 6
3 8
3 5
4 8
4 13
4 7
6 10
6 11
6 12
6 9
7 12
7 11
8 10
10 13
11 13

# Embedding 597 (with cost 8.78495e-15)
(-0.453869, 0.208195, 0.300576) (-0.323707, -0.482351, -0.198458) (-0.203049, 0.350813, 0.341245) (-0.549217, 0.0704888, 0.603735) (-0.551438, -0.574439, 0.191134) (0.159089, -0.581271, 0.332605) (0.0508555, -0.0951967, -0.178864) (0.0566661, 0.218368, 0.150313) (0.363222, -0.32825, 0.51174) (0.0693769, -0.533851, 0.719601) (-0.627972, -0.200832, 0.547796) (-0.552872, -0.484624, 0.516736) (-0.247061, -0.606382, 0.627321) (0.311694, -0.0710589, 0.231273) 


# Original Graph 598 in [575, 600)
14 vertices
0 1
0 2
0 3
1 4
1 5
2 5
2 6
3 6
3 7
4 8
4 9
4 10
4 11
5 11
5 10
5 9
5 8
5 12
6 13
7 13
7 12
8 12
8 9
9 10
10 11
12 13

# Unit Distance Graph 598
14 vertices
0 5
0 8
0 9
1 5
1 12
1 8
2 4
2 9
2 8
3 5
3 9
3 10
4 6
4 13
4 12
4 5
5 8
5 12
5 7
6 10
6 9
7 10
7 11
10 13
11 12
11 13

# Embedding 598 (with cost 7.95337e-15)
(0.417937, 0.130313, 0.480694) (0.656306, 0.245955, 0.303691) (-0.188589, 0.319957, -0.0603968) (0.199024, -0.0731312, 0.497299) (0.797105, 0.199772, 0.0577685) (-0.10253, 0.404161, -0.328084) (-0.195254, 0.11432, 0.146776) (0.0849852, -0.306559, 0.349939) (0.349135, -0.48766, -0.30249) (0.524459, -0.278471, -0.4257) (0.651922, 0.0700542, -0.38269) (0.668283, 0.288821, -0.202587) (0.114031, -0.52534, -0.0295385) (-0.118872, -0.172989, 0.206213) 


# Original Graph 599 in [575, 600)
14 vertices
0 1
0 2
0 3
0 4
1 4
1 5
1 6
2 6
2 3
3 7
3 8
3 9
4 10
5 10
5 11
6 12
6 13
6 8
6 7
7 8
8 13
9 13
9 12
9 11
10 11
11 12

# Unit Distance Graph 599
14 vertices
0 6
0 13
0 9
0 12
1 3
1 9
1 13
1 8
2 9
2 11
2 12
3 6
3 12
3 11
3 5
4 6
4 8
4 13
5 8
5 7
6 10
6 11
6 9
7 11
7 10
8 10

# Embedding 599 (with cost 8.99933e-15)
(-0.57436, 0.0371895, 0.0415337) (-0.190212, 0.308451, -0.440742) (-0.634375, 0.30924, 0.0957585) (-0.560425, 0.406815, 0.482983) (-0.333961, -0.0842568, -0.0497102) (0.0618745, 0.0857109, -0.230905) (-0.114548, 0.861877, -0.287804) (-0.456849, 0.660195, 0.402256) (-0.20159, 0.775602, 0.443363) (0.309753, 0.303788, 0.425292) (0.0953613, -0.0716304, 0.00288841) (0.340515, 0.101126, 0.174987) (0.363084, 0.380325, 0.100323) (0.0735954, 0.680626, 0.449141) 
