

# Original Graph 50 in [50, 100)
13 vertices
0 1
0 2
0 3
0 4
1 5
1 3
1 6
2 7
2 8
3 8
3 5
3 9
3 4
4 10
5 10
5 9
6 8
6 11
7 11
7 12
8 12
8 11
9 10
11 12

# Unit Distance Graph 50
13 vertices
0 1
0 6
0 8
0 3
1 3
1 8
1 2
2 3
2 5
3 7
3 11
3 6
4 6
4 11
4 8
5 8
5 12
5 7
7 9
8 10
9 12
9 11
10 11
10 12

# Embedding 50 (with cost 9.64915e-15)
(-0.528175, 0.0920841, -0.264609) (0.296583, 0.257058, 0.276278) (-0.524579, 0.39081, -0.278522) (-0.602399, 0.288226, 0.713153) (-0.426782, -0.122837, -0.0449631) (0.114823, -0.0352334, 0.361517) (0.172154, 0.642887, 0.189434) (-0.376228, 0.632353, -0.198122) (-0.57346, 0.664102, 0.554381) (-0.191403, -0.108711, 0.447373) (-0.208526, -0.181831, 0.165509) (-0.0528062, 0.799475, 0.0524176) (-0.342686, 0.804394, 0.0687523) 


# Original Graph 51 in [50, 100)
13 vertices
0 1
0 2
0 3
0 4
1 5
1 6
1 2
2 3
3 6
3 7
3 5
3 8
3 9
4 9
4 10
5 11
5 7
6 7
8 11
8 12
9 12
9 10
10 12
11 12

# Unit Distance Graph 51
13 vertices
0 3
0 8
0 11
0 5
1 3
1 9
1 12
1 8
2 8
2 12
2 11
3 5
3 11
3 12
3 10
3 4
4 5
4 7
5 9
6 9
6 10
6 12
7 10
7 9

# Embedding 51 (with cost 9.61668e-15)
(-0.432279, 0.296932, 0.0664064) (-0.808542, -0.0110707, 0.0961637) (-0.64389, 0.253809, 0.259841) (-0.405804, -0.029385, 1.0113) (-0.0767235, 0.168508, 0.0879624) (-0.591949, -0.669813, 0.266177) (-0.865493, -0.160896, 0.364) (-0.775892, -0.450706, 0.445366) (-0.0519986, -0.509066, 0.520007) (0.113432, 0.00501216, 0.483081) (0.11002, -0.0877078, 0.156588) (-0.259736, -0.669456, 0.256993) (0.0910698, -0.423962, 0.238363) 


# Original Graph 52 in [50, 100)
13 vertices
0 1
0 2
0 3
0 4
1 5
1 2
2 6
2 7
2 8
2 9
2 10
2 3
3 10
3 11
3 4
4 11
5 12
5 6
6 7
7 8
8 12
9 12
9 10
10 11

# Unit Distance Graph 52
13 vertices
0 2
0 9
0 12
0 8
1 2
1 10
1 9
2 5
2 12
2 9
2 10
2 11
2 4
3 5
3 6
3 7
3 8
3 12
4 8
4 7
5 10
6 11
6 10
7 11

# Embedding 52 (with cost 6.98698e-15)
(0.0861655, -0.395255, -0.12891) (0.0831562, -0.135368, 0.00876642) (-0.530481, 0.0917142, -0.747463) (-0.342825, -0.708286, -0.38611) (-0.109293, -0.602667, -0.163995) (-0.111907, 0.0964919, 0.160707) (-0.31851, 0.275169, -0.206598) (-0.555078, 0.268772, -0.368617) (-0.732351, 0.179129, -0.139606) (-0.89173, -0.34806, 0.0747887) (-0.806113, -0.58655, -0.0662986) (-0.50977, -0.704276, -0.142508) (-0.783907, -0.0383752, 0.211105) 


# Original Graph 53 in [50, 100)
13 vertices
0 1
0 2
0 3
0 4
1 4
1 5
1 6
2 7
2 3
3 8
3 9
3 10
3 6
3 5
4 5
5 6
6 10
7 11
7 8
8 12
9 12
9 11
10 11
11 12

# Unit Distance Graph 53
13 vertices
0 3
0 10
0 11
0 9
1 3
1 9
1 12
1 8
2 3
2 6
2 10
3 7
3 11
3 10
3 6
4 9
4 11
4 12
5 7
5 8
5 12
5 11
6 8
6 7

# Embedding 53 (with cost 9.75948e-15)
(0.335802, 0.216426, -0.122436) (-0.0549589, -0.156004, 0.127737) (0.295476, 0.485438, -0.219194) (-0.367523, 0.0201764, -0.805678) (0.151606, -0.0952207, -0.0578783) (-0.158548, -0.284026, -0.285003) (-0.413339, -0.0912386, 0.187039) (0.0809106, 0.683729, -0.206842) (-0.167304, 0.713619, -0.353026) (-0.571477, 0.465537, -0.461242) (-0.631212, 0.311409, 0.113915) (-0.591037, 0.572159, -0.00233715) (-0.457028, 0.670217, -0.26685) 


# Original Graph 54 in [50, 100)
13 vertices
0 1
0 2
0 3
0 4
0 5
0 6
1 7
1 8
1 9
2 9
2 3
3 9
3 10
3 11
4 11
4 5
5 6
6 12
7 12
7 11
8 10
8 9
9 10
11 12

# Unit Distance Graph 54
13 vertices
0 1
0 8
0 10
0 3
0 11
0 7
1 4
1 11
1 3
2 7
2 11
2 12
3 7
3 12
3 6
4 9
4 8
5 8
5 9
5 10
6 10
6 9
9 12
9 11

# Embedding 54 (with cost 9.53699e-15)
(0.486973, 0.329069, 0.158768) (-0.203077, -0.0691054, -0.445622) (-0.020435, 0.59133, -0.0051669) (-0.48274, 0.398394, 0.392968) (0.15644, -0.0568276, 0.487436) (0.395053, 0.0330779, 0.300288) (0.280585, -0.210054, 0.175881) (-0.146525, -0.394576, -0.115124) (-0.363489, 0.159068, -0.33904) (-0.362411, 0.461456, -0.192399) (-0.506382, 0.397063, 0.0659172) (-0.263254, -0.209233, 0.542681) (0.0474511, -0.399982, 0.107497) 


# Original Graph 55 in [50, 100)
13 vertices
0 1
0 2
0 3
0 4
1 5
1 6
1 2
2 7
3 7
3 8
3 9
3 4
4 9
5 8
5 10
5 11
6 12
6 7
7 12
7 11
7 10
8 10
8 9
11 12

# Unit Distance Graph 55
13 vertices
0 5
0 11
0 7
0 10
1 3
1 8
1 10
1 7
2 5
2 10
2 8
3 6
3 12
3 11
3 5
4 7
4 11
4 12
5 7
6 9
6 8
7 8
7 9
9 12

# Embedding 55 (with cost 9.47631e-15)
(0.307488, 0.599155, 0.174348) (0.758663, 0.216587, 0.194566) (0.458056, 0.263021, -0.141291) (-0.20588, 0.475634, 0.144052) (0.0379463, 0.571499, 0.294158) (0.212809, -0.262089, 0.673641) (0.631867, -0.0481152, -0.0104383) (0.0159377, -0.227935, -0.306193) (-0.115745, 0.0425706, 0.647477) (-0.132186, 0.362382, 0.487271) (-0.048238, -0.258614, 0.545414) (0.271841, -0.398652, 0.23012) (0.400188, -0.297478, -0.0429767) 


# Original Graph 56 in [50, 100)
13 vertices
0 1
0 2
0 3
0 4
0 5
1 6
1 4
1 7
2 8
2 9
2 3
3 10
3 7
3 4
4 6
4 5
5 6
7 8
8 11
9 12
9 10
10 12
10 11
11 12

# Unit Distance Graph 56
13 vertices
0 3
0 7
0 8
0 11
0 10
1 2
1 3
1 10
1 9
2 7
2 3
2 4
3 8
3 7
4 9
4 12
4 11
4 8
5 10
5 11
5 12
6 9
6 10
6 12

# Embedding 56 (with cost 8.69162e-15)
(0.432275, 0.706584, 0.283568) (0.513963, 0.32982, -0.521596) (0.074043, 0.719451, 0.287513) (0.217229, -0.268139, 0.22298) (0.688275, -0.0265533, 0.0302247) (0.726198, 0.31074, 0.0107523) (0.688968, 0.243418, -0.269914) (0.228302, 0.293796, -0.604127) (-0.0636943, 0.352318, -0.509219) (-0.165885, 0.465259, 0.199142) (-0.214522, -0.0240804, 0.0649732) (-0.219031, 0.227456, -0.304852) (-0.27203, 0.251391, 0.00652526) 


# Original Graph 57 in [50, 100)
13 vertices
0 1
0 2
0 3
0 4
1 5
1 6
1 2
2 6
2 7
2 8
2 9
3 9
3 10
4 10
4 11
5 8
5 7
5 12
6 12
6 7
7 12
8 11
9 11
9 10

# Unit Distance Graph 57
13 vertices
0 2
0 8
0 5
0 7
1 2
1 9
1 11
1 8
2 5
2 8
2 11
2 4
3 5
3 12
3 7
4 7
4 6
5 9
6 11
6 9
6 10
7 10
9 12
10 12

# Embedding 57 (with cost 9.59918e-15)
(-0.332412, 0.0046083, 1.36089) (-0.492819, -0.205902, 1.20849) (-0.532578, 0.532944, 0.535787) (-0.120299, 0.287522, 1.24992) (0.247324, 0.156379, 1.03574) (-0.0305468, -0.329237, 0.467903) (-0.604169, -0.173302, 0.627976) (-0.476383, -0.0325879, 0.372007) (0.255345, -0.08248, 0.556553) (-0.00196438, 0.591406, 0.85726) (0.0861666, 0.389035, 1.08318) (0.344909, 0.110983, 0.763745) (-0.312584, -0.260669, 0.435973) 


# Original Graph 58 in [50, 100)
13 vertices
0 1
0 2
0 3
0 4
0 5
1 6
1 7
1 2
2 7
2 8
2 9
2 3
3 10
3 5
3 4
4 5
5 10
6 9
6 11
7 12
8 12
8 11
9 10
11 12

# Unit Distance Graph 58
13 vertices
0 2
0 9
0 6
0 11
0 8
1 2
1 3
1 10
1 9
2 6
2 9
2 10
2 5
3 7
3 12
3 11
3 6
4 8
4 11
4 12
5 8
5 12
5 7
7 10

# Embedding 58 (with cost 9.64533e-15)
(-0.125984, 0.394523, -0.709339) (-0.00380179, 0.641665, -0.300411) (0.705609, -0.0577852, -0.38705) (0.0680211, -0.231714, -0.782129) (-0.172083, 0.0759176, -0.761552) (-0.267374, -0.182038, -0.58164) (-0.114808, -0.0533319, 0.184698) (0.339545, 0.459245, -0.112165) (0.596883, 0.0271108, -0.124128) (-0.178846, -0.290114, 0.017626) (-0.252571, -0.326838, -0.289573) (0.178498, 0.0387486, 0.174242) (0.39899, 0.21937, 0.0467153) 


# Original Graph 59 in [50, 100)
13 vertices
0 1
0 2
0 3
0 4
0 5
1 6
1 7
1 2
2 8
2 9
2 10
3 10
3 4
4 10
4 5
5 10
5 9
6 9
6 11
6 12
7 12
7 8
8 11
11 12

# Unit Distance Graph 59
13 vertices
0 2
0 9
0 6
0 11
0 8
1 2
1 10
1 5
1 9
2 6
2 9
2 5
3 6
3 12
3 11
4 7
4 8
4 11
4 12
5 8
5 7
6 10
7 10
10 12

# Embedding 59 (with cost 9.095e-15)
(0.138375, 0.664584, -0.0371938) (-0.344694, 0.777867, -0.0352296) (-0.270384, 0.0193424, -0.682623) (0.2839, 0.384699, -0.133835) (0.311365, 0.151516, 0.0241628) (0.0801598, -0.0818006, 0.248445) (-0.544412, 0.00593321, 0.279005) (-0.574954, 0.606138, -0.0639091) (-0.51596, 0.0950986, -0.53472) (-0.309317, -0.163709, 0.299709) (0.106693, 0.00427381, -0.479981) (-0.67111, 0.0886386, -0.151308) (-0.682225, 0.247106, 0.0845013) 


# Original Graph 60 in [50, 100)
13 vertices
0 1
0 2
0 3
0 4
0 5
1 6
1 7
2 8
2 9
3 9
3 4
4 9
4 8
4 5
5 8
5 10
5 6
6 10
6 11
7 12
7 8
10 12
10 11
11 12

# Unit Distance Graph 60
13 vertices
0 5
0 10
0 12
0 7
0 8
1 4
1 5
1 8
2 5
2 6
2 10
3 10
3 11
3 12
4 7
4 12
4 11
4 6
5 8
5 7
6 9
6 8
9 11
9 10

# Embedding 60 (with cost 8.99048e-15)
(-0.308105, 0.421377, -0.178059) (-0.096686, 0.447232, 0.123451) (-0.182516, -0.360577, -0.25624) (-0.298522, 0.169848, -0.469423) (0.00340409, -0.000467355, -0.765114) (0.588222, 0.1987, -0.561483) (0.348794, 0.419537, 0.0741135) (0.183376, -0.390096, 0.138102) (0.0431793, -0.512981, -0.118268) (-0.228459, -0.136769, -0.523635) (0.660465, 0.17276, -0.185986) (0.537677, 0.0986714, 0.0743642) (0.420046, -0.194364, 0.123038) 


# Original Graph 61 in [50, 100)
13 vertices
0 1
0 2
0 3
0 4
0 5
0 6
1 6
1 2
2 6
2 7
2 8
3 8
3 7
4 9
4 10
5 11
5 12
6 12
6 11
7 9
7 8
9 10
10 11
11 12

# Unit Distance Graph 61
13 vertices
0 2
0 7
0 9
0 10
0 11
0 6
1 4
1 10
1 9
2 5
2 11
2 10
2 4
3 6
3 11
3 12
4 6
5 8
5 7
6 9
6 7
7 12
8 12
8 11

# Embedding 61 (with cost 8.89123e-15)
(0.220404, -0.323108, -0.252858) (0.460349, 0.210716, -0.612322) (0.0635114, 0.39261, -0.933396) (-0.154677, -0.102744, -0.621965) (-0.365095, 0.213458, -0.0478447) (0.295544, 0.251588, 0.0290351) (0.477615, 0.634375, -0.383505) (-0.432611, 0.319922, -0.652962) (-0.196428, 0.215182, -0.840815) (-0.487854, 0.377221, -0.341792) (-0.26935, 0.51062, 0.0021664) (0.0500321, 0.617465, 0.0409033) (0.348997, 0.571885, -0.0823457) 


# Original Graph 62 in [50, 100)
13 vertices
0 1
0 2
0 3
0 4
0 5
1 6
1 4
1 2
2 7
2 3
3 7
4 7
4 6
4 8
4 5
5 9
6 10
8 11
8 9
9 12
9 10
10 12
10 11
11 12

# Unit Distance Graph 62
13 vertices
0 4
0 8
0 11
0 10
0 6
1 4
1 5
1 9
1 8
2 8
2 9
2 12
2 11
3 10
3 11
3 12
4 6
4 10
4 9
4 5
5 6
7 9
7 10
7 12

# Embedding 62 (with cost 9.85706e-15)
(0.60823, -0.132833, -0.368755) (0.18678, -0.599883, 0.214973) (0.437214, -0.302315, 0.167831) (0.52312, -0.0614457, -0.0496243) (-0.232908, 0.277718, -0.016712) (0.330746, -0.200304, -0.69035) (-0.0861244, -0.708194, 0.0634846) (0.117736, 0.172347, 0.0997042) (-0.373164, 0.0473148, -0.302325) (0.0270935, -0.359265, -0.74242) (-0.221694, -0.684793, -0.287722) (-0.376012, -0.303744, -0.414116) (-0.215292, -0.496876, -0.56455) 


# Original Graph 63 in [50, 100)
13 vertices
0 1
0 2
0 3
0 4
0 5
1 6
1 4
1 7
2 7
2 3
3 7
3 4
4 6
4 8
4 5
5 9
6 10
8 11
8 12
8 9
9 12
9 10
10 11
11 12

# Unit Distance Graph 63
13 vertices
0 4
0 8
0 11
0 10
0 6
1 4
1 5
1 9
1 8
2 8
2 12
2 11
3 9
3 10
3 11
3 12
4 6
4 10
4 9
4 5
5 6
7 8
7 9
7 12

# Embedding 63 (with cost 9.40064e-15)
(-0.0323886, -0.174666, -0.419843) (-0.383711, 0.643772, -0.349152) (-0.361442, 0.077914, -0.154414) (-0.279565, 0.106692, 0.135827) (0.139006, 0.312625, 0.436411) (0.300512, -0.0752429, -0.471044) (-0.137826, 0.818972, -0.380276) (-0.441096, 0.382087, -0.199038) (0.514691, 0.505733, 0.0677651) (0.496332, 0.190088, -0.489496) (0.150879, 0.808322, -0.432004) (0.399704, 0.715331, -0.274236) (0.551322, 0.462554, -0.291944) 


# Original Graph 64 in [50, 100)
13 vertices
0 1
0 2
0 3
0 4
1 4
1 5
1 6
2 7
2 3
3 7
3 5
4 5
5 7
5 8
5 9
5 10
6 10
6 11
7 12
8 12
8 11
9 11
9 10
11 12

# Unit Distance Graph 64
13 vertices
0 5
0 9
0 11
0 8
1 5
1 8
1 12
1 7
2 5
2 10
2 9
3 6
3 11
3 9
3 10
4 8
4 11
4 12
5 7
5 12
5 11
5 6
6 7
7 10

# Embedding 64 (with cost 9.7264e-15)
(0.367273, -0.16801, 0.469242) (0.577588, -0.463993, 0.272209) (0.0677298, -0.0903243, 0.495109) (-0.0247371, 0.118593, 0.306896) (0.534643, -0.15745, 0.194224) (0.179645, 0.0482042, -0.488905) (0.431732, -0.739796, 0.072795) (-0.390363, -0.213483, 0.289947) (-0.324298, -0.53264, -0.154276) (0.0121224, -0.650084, -0.331678) (0.285545, -0.556635, -0.362277) (-0.191073, -0.787131, -0.0829704) (-0.411625, -0.473562, 0.126042) 


# Original Graph 65 in [50, 100)
13 vertices
0 1
0 2
0 3
0 4
0 5
1 6
1 2
2 6
2 3
3 6
3 7
3 8
3 9
3 4
4 5
5 10
6 11
6 7
7 11
8 12
8 9
9 10
10 12
11 12

# Unit Distance Graph 65
13 vertices
0 3
0 8
0 12
0 11
0 7
1 3
1 9
1 8
2 8
2 9
2 10
2 12
3 6
3 11
3 12
3 10
3 5
4 6
4 7
4 11
5 7
5 6
6 10
6 9

# Embedding 65 (with cost 9.46917e-15)
(-0.485696, -0.169791, 0.258718) (-0.631232, 0.327585, 0.546708) (-0.62259, -0.00589368, 0.57709) (0.165058, -0.0611373, 1.01019) (-0.123177, -0.250016, 0.323742) (-0.0315378, 0.00657508, 0.0320489) (-0.506427, 0.602199, 0.679901) (-0.209555, 0.627509, 0.79543) (0.353234, 0.195387, 0.662254) (0.340489, 0.168622, 0.372095) (0.194449, 0.249279, 0.0600463) (-0.129583, 0.736942, 0.484592) (0.083917, 0.650379, 0.312224) 


# Original Graph 66 in [50, 100)
13 vertices
0 1
0 2
0 3
0 4
0 5
0 6
0 7
1 7
1 8
1 9
1 10
1 2
2 10
2 11
3 11
3 4
4 5
5 6
6 12
7 12
7 8
8 9
9 10
11 12

# Unit Distance Graph 66
13 vertices
0 2
0 11
0 12
0 7
0 8
0 9
0 10
1 3
1 4
1 5
1 6
1 12
1 11
2 7
2 12
2 6
3 8
3 7
4 9
4 8
5 10
5 9
6 10
7 11

# Embedding 66 (with cost 7.75797e-15)
(-0.205151, 0.815294, -0.254105) (0.6079, 0.687318, -0.503223) (0.324135, -0.0330859, -0.264503) (-0.0528814, 0.118886, -0.0130659) (-0.201155, 0.439359, 0.0296441) (-0.138389, 0.690485, 0.162392) (0.0776464, 0.721265, 0.343936) (0.670635, 0.766433, 0.226116) (0.763091, 0.696595, -0.0340671) (0.751486, 0.524129, -0.262402) (0.544814, 0.159238, -0.338618) (0.183693, -0.0737705, -0.0125165) (0.444518, 0.622237, 0.481191) 


# Original Graph 67 in [50, 100)
13 vertices
0 1
0 2
0 3
0 4
1 5
1 3
1 6
2 7
2 8
3 8
3 5
3 9
3 10
3 4
4 10
5 9
6 8
6 11
7 12
7 8
8 12
8 11
9 10
11 12

# Unit Distance Graph 67
13 vertices
0 1
0 6
0 8
0 3
1 3
1 8
1 2
2 3
2 5
3 7
3 12
3 11
3 6
4 6
4 11
4 8
5 8
5 7
7 9
8 9
8 10
9 12
10 11
10 12

# Embedding 67 (with cost 6.58267e-15)
(0.605846, -0.248033, 0.461705) (0.698504, 0.278542, -0.383359) (0.594153, -0.469295, 0.272271) (-0.209718, 0.0351049, -0.042962) (0.302628, -0.014232, 0.426506) (0.322875, 0.382246, -0.176378) (0.680191, 0.0199468, -0.498847) (0.58676, -0.568989, -0.0166397) (0.198672, -0.587575, -0.386187) (0.132093, 0.320599, 0.0270754) (0.132787, 0.16739, 0.26626) (0.638084, -0.261628, -0.482485) (0.588815, -0.495053, -0.328054) 


# Original Graph 68 in [50, 100)
13 vertices
0 1
0 2
0 3
0 4
0 5
0 6
0 7
0 8
1 8
1 2
2 8
2 9
3 9
3 4
4 9
4 10
5 10
5 11
6 11
6 12
6 7
7 12
8 12
10 11

# Unit Distance Graph 68
13 vertices
0 2
0 9
0 4
0 10
0 11
0 6
0 12
0 8
1 5
1 11
1 10
2 6
2 11
2 5
3 6
3 7
3 12
4 8
4 12
4 7
5 8
6 9
7 9
8 10

# Embedding 68 (with cost 9.64784e-15)
(0.280822, -0.366693, -0.0656025) (-0.46162, -0.111871, -0.154948) (-0.623808, -0.0208425, 0.18346) (-0.193333, -0.086235, 0.548314) (-0.138013, 0.185013, 0.655645) (0.297057, 0.349668, 0.304824) (0.0923183, 0.614575, -0.105343) (0.0550734, 0.364804, -0.308924) (-0.507354, 0.212674, -0.273237) (-0.470837, 0.0200927, 0.468631) (0.0509822, 0.398956, 0.535193) (0.162443, 0.596989, 0.173781) (-0.274291, 0.430119, -0.304226) 


# Original Graph 69 in [50, 100)
13 vertices
0 1
0 2
0 3
0 4
1 5
1 2
2 5
2 3
3 5
3 6
3 7
3 8
3 9
3 10
3 4
4 10
5 6
6 7
7 11
8 11
8 9
9 12
10 12
11 12

# Unit Distance Graph 69
13 vertices
0 3
0 8
0 11
0 7
1 3
1 9
1 8
2 8
2 9
2 12
2 11
3 5
3 6
3 7
3 11
3 12
3 10
3 4
4 7
4 6
5 10
5 12
5 9
6 10

# Embedding 69 (with cost 9.71143e-15)
(-0.200146, 0.0232262, 0.18142) (-0.0978804, -0.311755, 0.392433) (0.153158, -0.195002, 0.450307) (0.783675, -0.0331165, 0.0113536) (-0.203219, 0.0895273, -0.093525) (0.0851007, -0.670063, 0.33738) (0.169366, -0.816137, 0.108841) (0.198435, -0.822849, -0.172543) (0.3438, -0.48221, -0.488398) (0.23794, -0.226238, -0.545603) (-0.144357, 0.0103452, -0.358604) (0.163475, -0.688858, -0.419176) (-0.0421277, -0.189723, -0.530426) 


# Original Graph 70 in [50, 100)
13 vertices
0 1
0 2
0 3
0 4
0 5
0 6
0 7
0 8
0 9
0 10
1 10
1 2
2 10
2 3
3 4
4 5
5 11
6 11
6 12
7 12
7 8
8 9
9 10
11 12

# Unit Distance Graph 70
13 vertices
0 2
0 3
0 4
0 5
0 11
0 12
0 7
0 8
0 9
0 10
1 6
1 12
1 11
2 7
2 12
2 6
3 8
3 7
4 9
4 8
5 10
5 9
6 10
10 11

# Embedding 70 (with cost 9.16272e-15)
(-0.025476, 0.823008, 0.412812) (0.0862427, 0.374535, -0.327111) (-0.190282, 0.310274, -0.429769) (-0.469465, 0.294356, -0.310652) (-0.630378, 0.208316, -0.0933965) (-0.642199, 0.0782672, 0.157834) (-0.3408, 0.117936, 0.539947) (0.032605, -0.1753, 0.415535) (0.251148, -0.122866, 0.243101) (0.3411, -0.010171, -0.00123456) (0.267281, 0.137392, -0.253689) (-0.497381, -0.0570991, 0.360693) (-0.246922, -0.151227, 0.455561) 


# Original Graph 71 in [50, 100)
13 vertices
0 1
0 2
0 3
0 4
0 5
0 6
0 7
0 8
1 8
1 3
1 9
2 9
2 3
3 9
3 4
4 5
5 10
6 10
6 11
7 12
7 8
10 12
10 11
11 12

# Unit Distance Graph 71
13 vertices
0 1
0 3
0 4
0 5
0 10
0 12
0 7
0 8
1 6
1 10
1 5
2 10
2 11
2 12
3 7
3 12
3 11
3 6
4 8
4 7
5 8
6 9
9 11
9 10

# Embedding 71 (with cost 9.70512e-15)
(-0.472596, 0.433617, -0.414969) (-0.401961, -0.334466, 0.221473) (-0.21836, -0.282454, -0.288348) (0.126644, -0.343715, -0.223482) (0.342442, -0.0990798, -0.187048) (0.403611, 0.222008, 0.0180262) (-0.213735, 0.589784, -0.11069) (-0.309351, 0.148931, 0.52965) (-0.448006, -0.107811, 0.425419) (-0.244349, -0.406452, -0.0295984) (0.274101, 0.401848, 0.249437) (0.00101361, 0.513683, 0.275602) (-0.0744322, 0.321611, 0.495482) 


# Original Graph 72 in [50, 100)
13 vertices
0 1
0 2
0 3
0 4
0 5
0 6
0 7
0 8
1 9
1 10
2 11
2 3
3 11
3 4
4 6
4 5
5 6
6 12
6 7
7 12
8 12
8 9
9 10
10 11

# Unit Distance Graph 72
13 vertices
0 3
0 4
0 6
0 12
0 8
0 9
0 10
0 11
1 4
1 5
1 6
2 6
2 7
2 12
3 8
3 12
3 7
4 9
4 8
5 10
5 9
6 11
6 10
7 11

# Embedding 72 (with cost 9.7853e-15)
(-0.550651, 0.52249, -0.608342) (-0.129377, -0.104866, -0.58319) (0.215987, 0.327555, -0.393916) (0.306571, 0.379697, -0.113587) (0.0387757, 0.495036, 0.199014) (-0.275812, 0.500046, 0.199522) (-0.463936, 0.162332, 0.320511) (-0.623793, 0.0713371, 0.0847516) (-0.380898, -0.345942, -0.142498) (-0.132704, -0.340173, -0.323501) (0.127127, -0.184838, -0.407581) (0.284755, 0.0471837, -0.332331) (-0.489213, -0.19064, 0.0899925) 


# Original Graph 73 in [50, 100)
13 vertices
0 1
0 2
0 3
0 4
0 5
0 6
1 7
1 2
2 4
2 8
3 9
3 4
4 9
4 8
4 5
5 10
6 10
6 11
7 12
7 10
8 9
10 12
10 11
11 12

# Unit Distance Graph 73
13 vertices
0 1
0 2
0 4
0 5
0 10
0 7
1 5
1 4
2 6
2 10
2 5
3 7
3 10
3 12
4 7
4 12
4 11
4 6
6 8
8 11
8 10
9 10
9 11
9 12

# Embedding 73 (with cost 8.00257e-15)
(0.522327, 0.79411, 0.0859738) (-0.134587, 0.127729, -0.266729) (0.0992299, 0.106624, -0.50424) (0.605449, 0.674968, -0.447016) (0.307134, 0.772681, -0.890362) (-0.150223, 1.0702, -0.600649) (0.146066, 0.911978, 0.0867013) (-0.315495, 0.350133, -0.231737) (0.313243, 0.305351, -0.690509) (0.490983, 0.531156, -0.687085) (-0.338942, 0.996883, -0.379965) (-0.17525, 0.862563, -0.0190259) (-0.347961, 0.620631, -0.150273) 


# Original Graph 74 in [50, 100)
13 vertices
0 1
0 2
0 3
0 4
0 5
0 6
0 7
0 8
1 8
1 9
2 9
2 3
3 9
3 4
4 10
5 10
5 11
6 11
6 12
7 12
7 8
8 9
10 11
11 12

# Unit Distance Graph 74
13 vertices
0 3
0 4
0 10
0 11
0 12
0 7
0 8
0 9
1 5
1 11
1 10
2 6
2 12
2 11
3 7
3 12
3 6
4 8
4 7
5 9
5 8
6 9
8 10
9 11

# Embedding 74 (with cost 9.58381e-15)
(0.110077, -0.389675, 0.3067) (0.498723, 0.110907, -0.132712) (0.0682601, 0.183454, -0.280377) (-0.0798197, 0.0930027, -0.548263) (-0.174626, -0.22675, -0.637969) (-0.0182902, -0.69466, -0.422124) (0.437306, -0.742374, -0.361913) (0.789836, -0.385461, -0.426724) (0.780961, -0.0955884, -0.374056) (0.316473, 0.247543, -0.435833) (-0.0854732, -0.499293, -0.667849) (0.275625, -0.735052, -0.617047) (0.634394, -0.606219, -0.51683) 


# Original Graph 75 in [50, 100)
13 vertices
0 1
0 2
0 3
0 4
0 5
0 6
1 7
1 2
2 7
2 8
3 8
3 9
4 10
4 11
5 11
5 7
5 12
6 12
6 7
7 12
8 10
8 9
9 10
10 11

# Unit Distance Graph 75
13 vertices
0 2
0 8
0 10
0 11
0 5
0 7
1 4
1 11
1 10
2 5
2 11
2 4
3 5
3 12
3 7
4 7
5 8
6 8
6 9
6 10
7 10
7 9
8 12
9 12

# Embedding 75 (with cost 9.89423e-15)
(-0.45505, -0.075967, 0.280509) (0.344097, -0.0329344, 0.274382) (0.454592, 0.283254, 0.489106) (-0.266964, 0.325167, 0.536621) (-0.344327, 0.64064, 0.00536629) (0.0421184, 0.455315, -0.405467) (0.0477491, -0.0964538, -0.151578) (0.462807, 0.058512, -0.0929266) (0.253415, 0.569799, 0.565227) (-0.0887604, 0.68144, 0.461811) (-0.105243, 0.849425, 0.134615) (-0.100554, 0.711263, -0.224072) (0.183486, 0.14673, -0.338168) 


# Original Graph 76 in [50, 100)
13 vertices
0 1
0 2
0 3
0 4
0 5
0 6
1 6
1 7
2 8
2 9
3 10
3 4
4 10
4 6
4 11
4 5
5 11
6 11
6 7
7 12
8 12
8 9
9 12
9 10

# Unit Distance Graph 76
13 vertices
0 4
0 6
0 7
0 12
0 9
0 10
1 3
1 4
1 10
2 4
2 11
2 6
3 7
3 6
4 8
4 12
4 7
5 8
5 9
5 12
6 10
6 9
8 11
9 11

# Embedding 76 (with cost 8.91332e-15)
(-0.342804, 0.0636537, -0.631137) (-0.542116, -0.478872, -0.0731061) (-0.270254, 0.247996, -0.175998) (0.364658, -0.125202, -0.302622) (0.436758, -0.452127, -0.275814) (0.0867084, -0.495518, -0.519907) (-0.379583, -0.735372, -0.0309666) (-0.421535, -0.426872, 0.236726) (-0.220151, 0.146181, 0.182987) (0.0664592, 0.103733, 0.280399) (0.358358, -0.0680425, 0.0695969) (-0.0253557, -0.715297, -0.285958) (-0.293201, -0.160234, 0.342215) 


# Original Graph 77 in [50, 100)
13 vertices
0 1
0 2
0 3
0 4
0 5
0 6
1 7
1 8
2 9
2 3
3 9
3 10
3 5
3 4
4 5
5 11
5 12
5 6
6 12
7 11
7 8
8 10
9 10
11 12

# Unit Distance Graph 77
13 vertices
0 3
0 5
0 11
0 7
0 8
0 10
1 3
1 4
1 5
2 5
2 12
2 11
3 7
3 11
3 12
3 6
4 8
4 7
5 9
5 10
5 8
6 10
6 9
9 12

# Embedding 77 (with cost 9.0341e-15)
(-0.502937, -0.375467, 0.166097) (0.0990994, -0.118213, 0.549663) (-0.115678, -0.506638, -0.0515773) (0.290715, -0.232201, -0.425165) (-0.193794, 0.123804, -0.375346) (-0.149024, 0.47977, -0.212473) (-0.365391, 0.301443, 0.108452) (0.284588, 0.14081, 0.502641) (0.428842, -0.0818938, 0.379646) (0.303366, -0.406952, -0.117247) (0.483984, -0.226334, 0.104888) (0.134133, 0.371435, 0.356567) (-0.0822657, 0.463473, 0.188775) 


# Original Graph 78 in [50, 100)
13 vertices
0 1
0 2
0 3
0 4
1 5
1 6
2 7
2 8
3 8
3 9
4 9
4 10
5 11
5 9
5 6
6 8
6 12
7 12
7 8
8 12
8 9
9 11
9 10
10 11

# Unit Distance Graph 78
13 vertices
0 5
0 6
0 8
0 9
1 3
1 9
1 8
2 5
2 9
2 11
3 6
3 5
4 6
4 12
4 8
5 8
6 9
7 9
7 10
7 11
8 11
8 10
9 12
10 12

# Embedding 78 (with cost 9.48329e-15)
(-0.269022, -0.788488, -0.253142) (-0.503598, -0.0693463, -0.402874) (-0.465224, -0.72534, -0.00495332) (-0.148364, -0.52146, 0.415296) (0.0835488, -0.573019, -0.192811) (-0.223842, 0.210453, -0.26191) (-0.60878, 0.14812, -0.167525) (-0.651307, -0.457472, 0.242678) (-0.479829, -0.271144, 0.576265) (0.28141, -0.0978556, 0.215955) (0.236218, -0.165474, -0.113743) (0.0583362, 0.109342, -0.175805) (-0.7179, -0.104986, 0.179513) 


# Original Graph 79 in [50, 100)
13 vertices
0 1
0 2
0 3
0 4
0 5
0 6
1 7
1 8
2 8
2 9
3 9
3 10
4 10
4 11
5 11
5 12
6 12
6 7
7 12
7 8
8 9
9 10
10 11
11 12

# Unit Distance Graph 79
13 vertices
0 7
0 8
0 9
0 10
0 11
0 12
1 4
1 11
1 10
2 5
2 12
2 11
3 6
3 7
3 12
4 8
4 7
5 9
5 8
6 10
6 9
7 10
8 11
9 12

# Embedding 79 (with cost 9.2348e-15)
(0.408587, -0.436613, 0.421283) (0.780885, -0.133607, -0.0438891) (0.663396, 0.312218, 0.216297) (0.160608, 0.341304, 0.325524) (-0.186415, 0.0942882, 0.0674377) (-0.0393791, -0.274715, -0.185719) (0.441456, -0.371657, -0.31698) (0.653616, -0.032617, -0.46005) (0.768271, 0.312734, -0.134689) (0.476556, 0.519327, 0.135698) (-0.0617777, 0.38527, 0.0999344) (-0.187366, 0.033858, -0.229484) (0.20963, -0.182156, -0.525114) 


# Original Graph 80 in [50, 100)
13 vertices
0 1
0 2
0 3
0 4
0 5
1 6
1 2
2 7
2 8
2 9
2 10
2 3
3 4
4 10
4 5
5 10
6 11
6 12
6 7
7 8
8 12
9 11
9 10
11 12

# Unit Distance Graph 80
13 vertices
0 2
0 9
0 11
0 12
0 8
1 2
1 10
1 9
2 6
2 11
2 9
2 10
2 5
3 6
3 12
3 11
4 6
4 7
4 8
4 12
5 8
5 7
6 10
7 10

# Embedding 80 (with cost 9.91785e-15)
(-0.697175, 0.449632, 0.199825) (-0.494994, 0.657301, 0.188173) (0.0329464, -0.082658, -0.228649) (-0.546694, -0.0916807, 0.0675458) (-0.620748, -0.0807377, 0.374767) (-0.487865, -0.0439898, 0.624146) (-0.0673526, 0.750094, 0.315837) (0.138454, 0.48325, 0.0499149) (0.261862, 0.229483, 0.0215508) (-0.00214217, 0.00735096, 0.766673) (-0.240575, -0.142856, 0.731331) (0.140801, 0.250675, 0.70797) (0.275879, 0.360441, 0.412451) 


# Original Graph 81 in [50, 100)
13 vertices
0 1
0 2
0 3
0 4
0 5
1 6
1 7
1 8
1 2
2 3
3 8
3 7
3 9
3 4
4 10
5 10
5 11
6 12
6 7
7 8
9 12
9 11
10 11
11 12

# Unit Distance Graph 81
13 vertices
0 3
0 9
0 12
0 6
0 7
1 3
1 4
1 10
1 11
1 9
2 9
2 11
2 12
3 6
3 12
3 11
3 5
4 7
4 6
5 7
5 8
7 10
8 11
8 10

# Embedding 81 (with cost 9.18622e-15)
(0.268889, -0.0702881, -0.627831) (-0.0402734, 0.427158, -0.444973) (-0.0936917, 0.13437, -0.654045) (-0.639995, -0.365166, -0.332914) (-0.135083, -0.561, -0.324329) (0.354805, -0.271892, -0.292018) (-0.112754, 0.269941, 0.231583) (-0.363226, 0.348018, 0.0244343) (-0.528679, 0.195845, -0.265987) (-0.152272, -0.278164, 0.255012) (0.187725, -0.478858, -0.0883878) (0.207051, -0.300635, 0.194674) (0.00463323, 0.00984205, 0.333287) 


# Original Graph 82 in [50, 100)
13 vertices
0 1
0 2
0 3
0 4
1 5
1 6
2 7
2 8
3 9
3 10
4 10
4 11
5 11
5 10
5 12
5 6
6 12
7 12
7 8
8 12
8 10
8 9
9 10
10 11

# Unit Distance Graph 82
13 vertices
0 5
0 12
0 8
0 10
1 8
1 9
1 10
2 5
2 10
2 11
3 5
3 6
3 12
4 7
4 8
4 12
5 9
5 8
6 10
6 9
7 11
7 10
8 11
10 12

# Embedding 82 (with cost 8.06649e-15)
(-0.766978, 0.302052, 0.101798) (-0.618378, -0.070822, 0.225096) (-0.545538, 0.430067, 0.528184) (-0.381919, 0.566304, 0.0138423) (-0.377167, 0.174426, -0.203683) (-0.0094129, -0.344395, 0.192357) (-0.19256, -0.279967, 0.511806) (-0.192626, 0.246634, 0.776486) (0.0531443, 0.561155, 0.61196) (0.0740162, 0.64993, 0.258374) (0.202308, 0.374157, -0.13333) (-0.019238, -0.0787797, -0.153053) (-0.0740721, -0.0759477, 0.715799) 


# Original Graph 83 in [50, 100)
13 vertices
0 1
0 2
0 3
0 4
0 5
0 6
1 6
1 7
1 8
2 9
2 10
3 10
3 11
4 11
4 7
4 12
4 5
5 12
6 7
7 12
8 10
8 9
9 10
10 11

# Unit Distance Graph 83
13 vertices
0 1
0 8
0 10
0 11
0 4
0 7
1 4
1 11
1 3
2 4
2 12
2 7
3 7
3 6
4 9
4 8
5 8
5 9
5 10
6 11
6 10
7 10
9 12
10 12

# Embedding 83 (with cost 9.884e-15)
(-0.796442, -0.673172, -0.0678241) (0.106869, -1.00255, 0.207024) (-0.650027, -0.845797, 0.437234) (-0.481389, -0.283638, 0.577325) (-0.105765, -0.0266521, 0.256179) (-0.280094, -0.272437, -0.14696) (-0.0250361, -0.837962, -0.118712) (0.203243, -0.656816, -0.0487877) (-0.0406047, -0.993455, 0.503253) (-0.366103, -0.927437, 0.603758) (-0.314378, -0.581408, 0.803493) (-0.234189, -0.129353, 0.555179) (0.0179522, -0.339421, -0.108098) 


# Original Graph 84 in [50, 100)
13 vertices
0 1
0 2
0 3
0 4
0 5
1 6
1 7
2 7
2 8
2 9
3 9
3 8
3 10
4 10
4 8
4 11
5 11
5 12
6 12
6 7
7 11
8 10
8 9
11 12

# Unit Distance Graph 84
13 vertices
0 2
0 8
0 4
0 11
0 7
1 4
1 8
1 10
2 5
2 11
2 4
3 6
3 7
3 11
3 12
4 7
5 9
5 8
6 10
6 8
7 10
8 12
9 12
9 11

# Embedding 84 (with cost 9.9164e-15)
(0.191614, 0.0128159, -0.494931) (-0.172088, -0.348636, -0.60232) (-0.795515, -0.135548, -0.435225) (-0.181406, 0.331065, -0.0784491) (-0.228836, -0.205431, 0.385745) (0.12464, -0.468548, -0.229248) (-0.336364, -0.579087, -0.46265) (-0.705488, -0.427972, -0.464712) (-0.53488, 0.165084, 0.175159) (-0.595951, 0.218205, -0.133744) (-0.29164, 0.0669539, 0.299341) (-0.176957, -0.637821, 0.169017) (-0.120482, -0.657919, -0.213352) 


# Original Graph 85 in [50, 100)
13 vertices
0 1
0 2
0 3
0 4
0 5
1 6
1 7
1 8
2 8
2 7
2 3
3 7
3 9
3 4
4 10
5 11
5 12
6 12
6 7
7 8
9 12
9 11
9 10
10 11

# Unit Distance Graph 85
13 vertices
0 3
0 9
0 12
0 6
0 7
1 3
1 4
1 10
1 9
2 5
2 12
2 9
2 11
3 6
3 12
3 5
4 7
4 6
5 7
7 11
7 10
8 9
8 10
8 11

# Embedding 85 (with cost 9.88657e-15)
(0.528617, -0.207344, 0.699442) (0.0198298, 0.366584, 0.585865) (-0.0658126, -0.127653, 0.583523) (0.00363844, -0.316066, -0.1447) (0.535177, -0.337332, 0.0970717) (0.688289, 0.355476, 0.138645) (0.201625, 0.599012, 0.206629) (-0.287836, 0.197675, 0.287904) (-0.157619, 0.146909, 0.533803) (0.436335, 0.0438951, -0.264073) (0.586346, -0.121329, -0.0782127) (0.650332, 0.153236, -0.0554126) (0.441655, 0.558685, 0.0625467) 


# Original Graph 86 in [50, 100)
13 vertices
0 1
0 2
0 3
0 4
0 5
0 6
1 7
1 8
2 9
2 3
3 10
3 4
4 7
4 6
4 11
4 5
5 11
6 11
6 7
8 10
8 12
9 12
9 10
10 12

# Unit Distance Graph 86
13 vertices
0 1
0 8
0 10
0 3
0 4
0 7
1 4
1 3
2 4
2 6
2 7
3 7
3 6
4 9
4 12
4 8
5 8
5 12
5 10
6 10
6 9
9 11
10 11
11 12

# Embedding 86 (with cost 9.83459e-15)
(0.158833, 0.0129827, -1.05663) (0.225941, 0.55652, -0.219935) (0.291944, -0.187736, -0.765928) (-0.102151, -0.3872, -0.178145) (-0.615901, 0.0576521, -0.425925) (-0.372615, 0.144044, -0.83005) (-0.320675, 0.544481, -0.468345) (-0.0857189, 0.606411, -0.289797) (0.302372, 0.292811, -0.107374) (0.350605, -0.196679, -0.460312) (0.181552, -0.231782, -0.0873166) (-0.511985, 0.295224, -0.57851) (0.342289, 0.0102807, -0.143742) 


# Original Graph 87 in [50, 100)
13 vertices
0 1
0 2
0 3
0 4
0 5
1 6
1 7
1 8
2 8
2 5
2 9
2 10
2 3
3 10
4 9
4 5
5 11
6 12
6 7
7 12
7 11
7 8
9 10
11 12

# Unit Distance Graph 87
13 vertices
0 2
0 5
0 11
0 7
0 8
1 2
1 9
1 4
1 5
2 6
2 12
2 11
2 5
3 7
3 11
3 12
4 8
4 7
5 8
6 10
6 9
7 9
7 10
10 12

# Embedding 87 (with cost 8.84154e-15)
(-0.0316544, 0.595929, 0.379129) (0.0388346, 0.911413, -0.0991092) (-0.16455, -0.0215367, -0.396161) (-0.0649335, 0.277805, 0.238599) (-0.792192, 0.386165, 0.0839461) (-0.905912, 0.583686, -0.10618) (-0.180697, 0.975788, -0.32487) (-0.195654, 0.843106, -0.575862) (-0.0591181, 0.376601, -0.596136) (-0.535562, 0.0987248, -0.00109362) (-0.246762, 0.0373318, 0.0141508) (-0.762003, 0.772034, -0.280855) (-0.523092, 0.911902, -0.384308) 


# Original Graph 88 in [50, 100)
13 vertices
0 1
0 2
0 3
0 4
0 5
1 5
1 6
1 7
2 7
2 8
3 9
3 10
4 10
4 6
4 11
5 12
5 6
6 12
6 11
7 10
7 9
7 8
8 9
11 12

# Unit Distance Graph 88
13 vertices
0 1
0 7
0 10
0 4
0 6
1 4
1 10
1 3
2 4
2 11
2 6
3 6
3 5
4 7
5 10
5 7
5 9
6 9
6 8
7 12
7 11
8 11
8 12
9 12

# Embedding 88 (with cost 8.38654e-15)
(0.040275, 0.0521221, 0.186091) (-0.752097, 0.508078, -0.219189) (-0.053147, 0.421087, 0.254945) (0.215996, 0.748814, -0.288773) (0.103603, 0.442306, -0.732465) (-0.339354, -0.0760777, -0.183233) (-0.595817, 0.233746, -0.563842) (-0.431864, 0.907379, -0.027496) (-0.0999049, 0.708065, 0.163545) (0.0329606, 0.84688, -0.0856116) (0.165827, 0.696146, -0.568541) (-0.139302, 0.255984, -0.727561) (-0.367542, 0.052848, -0.542898) 


# Original Graph 89 in [50, 100)
13 vertices
0 1
0 2
0 3
0 4
0 5
0 6
1 7
1 8
1 9
2 9
2 10
2 11
3 11
3 10
3 4
4 5
5 10
5 12
6 12
6 7
7 12
8 12
8 9
10 11

# Unit Distance Graph 89
13 vertices
0 2
0 10
0 5
0 12
0 8
0 9
1 3
1 4
1 5
1 10
2 6
2 12
2 5
3 8
3 12
3 7
4 9
4 8
5 9
6 11
6 10
7 10
7 11
11 12

# Embedding 89 (with cost 9.76925e-15)
(0.606277, 0.105517, -0.518106) (-0.0660778, 0.437651, -0.787635) (-0.35682, -0.0445196, -0.294651) (0.231799, -0.0458334, 0.0354764) (0.432578, 0.207533, 0.048061) (0.152424, 0.689151, 0.155236) (0.388357, 0.552474, -0.591822) (0.104631, 0.661682, -0.659685) (-0.269337, 0.587148, -0.554606) (-0.390182, 0.189574, -0.520044) (-0.120362, 0.147017, 0.167658) (-0.156827, -0.0723927, -0.0329688) (0.0222818, 0.880669, -0.277088) 


# Original Graph 90 in [50, 100)
13 vertices
0 1
0 2
0 3
0 4
0 5
0 6
1 7
1 8
1 2
2 8
2 9
3 10
3 11
3 4
4 12
5 12
5 8
5 7
5 6
6 7
9 11
9 10
10 11
11 12

# Unit Distance Graph 90
13 vertices
0 2
0 9
0 11
0 12
0 5
0 8
1 3
1 4
1 12
1 11
2 5
2 12
2 4
3 8
3 5
3 7
4 8
5 10
5 9
6 9
6 10
6 11
7 11
7 10

# Embedding 90 (with cost 9.18919e-15)
(0.0684401, 0.246293, -0.577022) (-0.665905, 0.520804, -0.206456) (-0.475475, 0.830842, 0.0250231) (0.328992, 0.481166, -0.113671) (0.279262, 0.198925, -0.151195) (-0.372445, -0.142022, 0.232195) (-0.346928, -0.0193201, -0.307737) (-0.593074, 0.0960209, -0.15186) (-0.653215, 0.481263, 0.0741337) (-0.201987, 0.841925, 0.179346) (0.108033, 0.732718, 0.169179) (0.1411, 0.51292, 0.384035) (-0.0498525, 0.000666892, 0.385098) 


# Original Graph 91 in [50, 100)
13 vertices
0 1
0 2
0 3
0 4
0 5
0 6
0 7
1 8
1 9
2 10
2 3
3 4
4 11
4 5
5 12
5 7
5 6
6 7
7 12
7 8
8 12
9 11
9 10
10 11

# Unit Distance Graph 91
13 vertices
0 1
0 9
0 11
0 4
0 5
0 12
0 8
1 5
1 4
2 5
2 7
2 12
3 7
3 8
3 12
4 8
4 7
5 10
5 9
6 9
6 10
6 11
7 11
7 10

# Embedding 91 (with cost 9.37987e-15)
(-0.444625, 0.235718, -0.13829) (0.278741, 0.406125, 0.530816) (-0.42572, 0.164969, 0.462534) (-0.4502, -0.0926902, 0.326273) (-0.0374259, -0.527648, 0.363169) (0.229235, -0.475582, 0.0616244) (0.12238, 0.103529, -0.266392) (0.375394, 0.237049, -0.131621) (0.449202, 0.34345, 0.296988) (0.0682547, 0.259842, 0.719832) (-0.218865, 0.178952, 0.670552) (-0.0405959, -0.169979, 0.681571) (0.510725, 0.0913731, 0.119528) 


# Original Graph 92 in [50, 100)
13 vertices
0 1
0 2
0 3
0 4
1 5
1 6
2 7
2 8
3 8
3 9
3 6
3 5
3 10
3 4
4 10
5 10
5 6
6 11
7 12
7 9
8 9
9 12
9 11
11 12

# Unit Distance Graph 92
13 vertices
0 3
0 6
0 11
0 9
1 3
1 9
1 8
2 3
2 5
2 6
3 7
3 12
3 11
3 6
4 9
4 11
4 12
5 8
5 9
5 7
6 8
7 10
9 10
10 12

# Embedding 92 (with cost 8.70708e-15)
(-0.382545, -0.284587, -0.695704) (-0.0572388, -0.191132, 7.75112e-05) (-0.494447, -0.0175009, -0.70808) (0.474121, 0.229778, -0.735104) (0.230008, -0.260518, -0.673092) (0.26413, -0.145107, -0.0691139) (0.0205321, 0.08045, 0.143508) (-0.509197, 0.261079, -0.555919) (-0.142508, 0.429667, -0.779241) (-0.119258, 0.663226, -0.515893) (0.364, -0.207004, -0.420174) (-0.126981, 0.319657, 0.0589988) (-0.411264, 0.414703, -0.30861) 


# Original Graph 93 in [50, 100)
13 vertices
0 1
0 2
0 3
0 4
0 5
0 6
1 7
1 8
2 9
2 10
3 10
3 11
3 4
4 7
4 12
4 5
5 12
6 12
6 7
7 12
8 11
8 9
9 11
10 11

# Unit Distance Graph 93
13 vertices
0 1
0 8
0 11
0 3
0 4
0 7
1 4
1 3
2 4
2 12
2 7
3 7
3 6
4 9
4 8
5 8
5 9
5 11
6 11
6 10
7 10
9 12
10 12
11 12

# Embedding 93 (with cost 7.92078e-15)
(-0.622589, 0.414287, 0.251625) (-0.643086, -0.581941, 0.335936) (-0.490173, 0.2492, 0.591667) (0.23194, -0.105115, 0.252469) (0.148118, -0.131316, -0.0775054) (-0.251989, -0.0287107, -0.249699) (-0.693731, -0.205489, -0.112301) (-0.628185, -0.557944, 0.0176719) (-0.488468, -0.516995, 0.590335) (-0.440736, -0.0965071, 0.729984) (-0.0564308, -0.0176529, 0.635071) (-0.116849, -0.325332, 0.695687) (-0.432815, -0.284285, -0.252196) 


# Original Graph 94 in [50, 100)
13 vertices
0 1
0 2
0 3
0 4
0 5
0 6
1 7
1 8
2 8
2 9
2 10
3 10
3 4
4 9
4 5
5 9
5 11
6 11
6 7
7 11
7 12
8 12
9 10
11 12

# Unit Distance Graph 94
13 vertices
0 2
0 9
0 5
0 11
0 12
0 8
1 4
1 5
1 9
2 6
2 11
2 5
3 7
3 12
3 11
4 8
4 12
4 7
5 8
6 10
6 9
7 9
7 10
10 11

# Embedding 94 (with cost 9.91065e-15)
(0.258341, 0.890496, 0.336761) (0.174166, 0.17023, 0.472964) (-0.497408, 0.243955, 0.232706) (-0.164473, 0.867856, 0.0837193) (-0.0110321, 0.761239, -0.312154) (0.163576, 0.363887, -0.508048) (0.483131, 0.43683, 0.26934) (0.370367, 0.0438968, 0.270903) (-0.272562, 0.0430736, 0.332703) (-0.281725, 0.441116, -0.374848) (-0.491794, 0.50312, 0.0569077) (0.364511, 0.087411, -0.249569) (0.103121, -0.0882745, 0.202915) 


# Original Graph 95 in [50, 100)
13 vertices
0 1
0 2
0 3
0 4
0 5
0 6
0 7
1 7
1 8
1 9
1 2
2 9
2 10
3 10
3 11
3 4
4 5
5 12
6 12
6 8
6 7
8 9
10 11
11 12

# Unit Distance Graph 95
13 vertices
0 2
0 10
0 11
0 12
0 6
0 8
0 9
1 3
1 4
1 5
1 12
1 11
2 6
2 12
2 5
3 8
3 6
3 7
4 9
4 8
5 9
6 10
7 11
7 10

# Embedding 95 (with cost 9.84905e-15)
(0.156948, 0.429904, -0.153011) (-0.421511, -0.0461521, 0.2444) (-0.478472, -0.341027, -0.109351) (0.154864, -0.320838, -0.525236) (0.310293, -0.00902879, -0.436103) (0.471649, -0.0442843, -0.205335) (0.34633, -0.34026, 0.456071) (-0.098418, 0.163076, 0.312425) (0.0509326, -0.345867, 0.469033) (-0.403496, -0.324224, 0.189322) (-0.0772442, -0.500329, -0.435537) (0.256706, -0.556388, -0.284449) (0.479901, -0.467888, 0.146438) 


# Original Graph 96 in [50, 100)
13 vertices
0 1
0 2
0 3
0 4
0 5
1 6
1 7
1 8
2 9
2 3
3 7
3 10
4 10
4 11
4 5
5 11
5 10
5 6
6 10
7 12
8 12
8 9
9 12
10 11

# Unit Distance Graph 96
13 vertices
0 1
0 7
0 3
0 10
0 6
1 4
1 10
1 3
2 5
2 6
2 10
3 6
3 5
4 8
4 12
4 7
5 7
5 12
5 9
8 11
8 10
9 10
9 11
11 12

# Embedding 96 (with cost 8.53709e-15)
(0.400786, -0.334037, -0.463665) (-0.272076, -0.0412236, 0.215685) (0.407811, -0.524654, -0.100107) (-0.25015, -0.993729, -0.088047) (-0.00724652, -0.377336, -0.688137) (-0.394334, -0.106612, -0.526492) (-0.45094, -0.0149106, -0.0480679) (-0.202116, -0.739794, 0.223263) (-0.074311, -0.241407, 0.300309) (0.231532, -0.459245, 0.169168) (-0.502907, -0.761477, -0.438496) (-0.36531, -0.451106, -0.63315) (-0.0165163, -0.521093, 0.301433) 


# Original Graph 97 in [50, 100)
13 vertices
0 1
0 2
0 3
0 4
1 5
1 6
2 7
2 3
3 8
3 9
4 9
4 10
5 10
5 9
5 11
6 11
6 8
6 12
7 12
7 8
8 12
8 9
9 11
9 10

# Unit Distance Graph 97
13 vertices
0 6
0 8
0 9
0 11
1 3
1 9
1 8
2 5
2 11
2 9
3 6
3 11
3 5
4 6
4 12
4 8
5 8
5 7
6 9
7 9
7 10
8 10
9 12
10 12

# Embedding 97 (with cost 9.52165e-15)
(0.255694, -0.167168, 0.0461955) (-0.173507, 0.236192, -0.0823073) (0.173199, -0.166532, 0.536419) (0.445917, 0.0289403, 0.674899) (0.441298, 0.15624, -0.0235019) (0.155502, 0.626536, -0.0724555) (-0.391764, 0.504489, 0.406301) (-0.051254, 0.0420351, 0.712153) (0.0638293, 0.34574, 0.882924) (0.581544, 0.727456, 0.351924) (0.428722, 0.501907, -0.0349352) (-0.09145, 0.750686, 0.238642) (-0.287222, 0.324947, 0.640423) 


# Original Graph 98 in [50, 100)
13 vertices
0 1
0 2
0 3
0 4
0 5
1 5
1 6
1 7
1 8
2 9
2 3
3 10
4 11
4 12
5 12
5 11
5 6
6 11
7 10
7 9
7 8
8 9
10 11
11 12

# Unit Distance Graph 98
13 vertices
0 1
0 7
0 10
0 11
0 6
1 4
1 11
1 10
1 3
2 5
2 6
2 11
3 6
3 5
4 8
4 7
5 10
5 7
5 9
7 12
8 12
8 11
9 11
9 12

# Embedding 98 (with cost 8.87002e-15)
(-0.0753801, -0.33297, 0.237126) (0.46977, 0.271868, 0.817629) (-0.25449, -0.165113, 0.512984) (-0.360925, 0.0202376, 0.321011) (0.0661886, 0.000191152, -0.0560498) (0.608129, 0.242219, 0.213036) (0.546574, 0.427057, 0.425627) (-0.17864, 0.506306, 0.770937) (0.185301, 0.259187, 0.902456) (-0.212692, 0.0358343, 0.745632) (-0.305826, 0.637861, 0.303332) (0.0496562, 0.625829, -0.0179649) (0.271791, 0.283051, -0.0935109) 


# Original Graph 99 in [50, 100)
13 vertices
0 1
0 2
0 3
0 4
0 5
0 6
1 7
1 8
1 2
2 8
2 9
3 9
3 10
3 11
4 11
4 12
5 12
5 8
5 6
6 7
7 8
9 10
10 12
10 11

# Unit Distance Graph 99
13 vertices
0 2
0 9
0 10
0 12
0 5
0 8
1 4
1 12
1 10
1 11
2 5
2 12
2 4
3 5
3 6
3 7
3 8
4 8
5 9
6 10
6 9
7 11
7 10
8 11

# Embedding 99 (with cost 9.86069e-15)
(-0.778288, -0.334005, 0.65554) (-0.856051, 0.528091, 0.44323) (-0.593744, 0.5149, 0.16026) (-0.177069, 0.00454067, 0.183756) (-0.332024, -0.282891, 0.703428) (-0.264354, 0.401164, 1.09758) (-0.883195, 0.12265, 0.881922) (-0.885304, 0.434891, 0.7434) (-0.673954, 0.655252, 0.757934) (-0.302102, 0.347413, 0.0997379) (0.0722585, 0.188303, 0.594177) (-0.0834842, -0.105273, 0.487846) (-0.0359453, 0.266729, 0.952265) 
