

# Original Graph 500 in [500, 525)
14 vertices
0 1
0 2
0 3
0 4
1 4
1 5
1 6
2 6
2 3
3 7
4 7
5 8
5 6
6 9
6 10
6 11
6 7
7 11
8 12
8 13
8 9
9 13
9 10
10 12
11 12
12 13

# Unit Distance Graph 500
14 vertices
0 9
0 10
0 12
0 13
1 6
1 11
1 12
1 10
2 8
2 13
2 12
3 8
3 9
3 13
4 6
4 10
4 9
5 6
5 7
5 11
6 8
6 12
6 11
6 7
7 9
7 8

# Embedding 500 (with cost 8.58588e-15)
(0.352267, 0.431517, 0.313214) (-0.107889, 0.372153, 0.206975) (0.631907, 0.0282801, 0.258245) (0.608101, 0.467913, 0.141489) (0.152989, 0.583445, 0.16555) (-0.237015, 0.19039, 0.0109348) (0.633567, -0.291701, 0.109296) (0.615343, 0.636932, -0.261255) (-0.213149, 0.0770815, -0.274201) (0.1567, -0.240649, -0.400892) (0.370281, -0.0934744, -0.537703) (0.551738, 0.465443, -0.538806) (0.355173, 0.265634, -0.672927) (0.0273881, 0.0199677, -0.538303) 


# Original Graph 501 in [500, 525)
14 vertices
0 1
0 2
0 3
0 4
1 4
1 5
1 6
2 6
2 7
2 3
3 7
4 7
5 8
5 9
5 6
6 10
6 11
6 12
7 12
8 12
8 11
8 13
9 13
9 10
10 13
10 11

# Unit Distance Graph 501
14 vertices
0 8
0 13
0 10
0 11
1 6
1 12
1 8
1 11
2 5
2 9
2 13
2 8
3 9
3 10
3 13
4 6
4 11
4 10
5 7
5 12
5 6
6 8
6 12
6 7
7 10
7 9

# Embedding 501 (with cost 9.05121e-15)
(0.00882432, -0.185265, 0.0766223) (-0.141788, -0.692387, 0.121778) (0.0453521, 0.0224166, -0.276159) (0.259943, -0.054733, -0.0387883) (0.0222519, -0.458687, 0.175702) (-0.0771202, -0.936581, -0.0205747) (-0.114413, -0.317169, -0.804755) (0.598628, -0.205219, -0.112628) (0.710115, -0.714052, -0.401473) (-0.00157638, -0.975046, -0.329704) (0.0358249, -0.658086, -0.804122) (0.317639, -0.62979, -0.764229) (0.729295, -0.40267, -0.274805) (0.277678, -0.907792, -0.560302) 


# Original Graph 502 in [500, 525)
14 vertices
0 1
0 2
0 3
0 4
1 4
1 5
2 5
2 3
3 6
4 7
4 8
4 9
4 10
4 11
5 11
5 10
6 12
6 7
7 12
8 12
8 13
8 9
9 10
10 13
10 11
12 13

# Unit Distance Graph 502
14 vertices
0 8
0 9
0 10
0 13
1 8
1 13
1 12
2 4
2 9
2 8
3 4
3 10
3 9
4 6
4 12
4 13
4 10
4 5
5 8
5 12
5 7
6 11
6 10
7 10
7 11
11 12

# Embedding 502 (with cost 9.34251e-15)
(0.00430938, -0.687938, 0.173089) (0.0477914, -0.371135, 0.360956) (0.221432, -0.652891, -0.109029) (-0.091824, -0.804365, -0.127099) (-0.306342, -0.0311969, 0.46972) (0.404445, -0.324737, -0.169511) (-0.34629, -0.715912, -0.257995) (-0.583746, -0.477944, -0.167097) (-0.534795, -0.0624064, -0.390894) (-0.356185, 0.15493, -0.226434) (0.186916, 0.120197, -0.386887) (0.253415, 0.0540219, -0.0399222) (-0.558478, -0.376452, -0.434285) (-0.245738, -0.0205465, -0.528385) 


# Original Graph 503 in [500, 525)
14 vertices
0 1
0 2
0 3
1 3
1 4
2 5
2 6
2 7
3 7
4 8
4 9
4 10
5 11
5 6
6 8
7 8
8 11
8 12
8 13
8 9
9 10
10 13
10 11
11 13
11 12
12 13

# Unit Distance Graph 503
14 vertices
0 8
0 13
0 12
1 8
1 12
1 11
2 8
2 9
2 10
2 13
3 11
3 12
3 13
4 5
4 6
4 8
4 11
5 9
5 8
6 10
6 9
7 10
7 11
7 13
8 11
8 10

# Embedding 503 (with cost 9.76754e-15)
(-0.448974, 0.306568, -0.215691) (-0.517068, 0.408689, 0.223377) (-0.330537, 0.130774, -0.413527) (-0.368825, 0.487739, -0.00780607) (-0.482185, 0.299908, 0.484855) (-0.262013, -0.156618, -0.377182) (-0.0361887, 0.0738966, -0.381173) (-0.0509315, 0.497873, -0.103407) (0.467878, 0.24182, 0.178252) (-0.289376, 0.112763, 0.585463) (-0.347506, -0.224743, 0.520988) (-0.174257, -0.492567, -0.041608) (0.191805, -0.295672, 0.26045) (-0.0431605, -0.361294, 0.408229) 


# Original Graph 504 in [500, 525)
14 vertices
0 1
0 2
0 3
1 3
1 4
2 5
2 6
2 3
3 7
4 8
4 9
5 10
5 6
6 10
6 7
7 10
7 11
7 12
7 13
7 8
8 13
9 13
9 12
9 10
10 11
11 12

# Unit Distance Graph 504
14 vertices
0 7
0 12
0 11
1 7
1 11
1 10
2 7
2 13
2 9
2 12
3 9
3 10
3 11
3 12
4 6
4 7
4 10
5 7
5 8
5 13
6 9
6 13
6 8
7 10
7 9
8 10

# Embedding 504 (with cost 9.31251e-15)
(0.916428, -0.0760209, 0.383572) (0.76028, -0.167017, 0.0914806) (0.894176, -0.064911, 0.670241) (0.811315, 0.169745, 0.266688) (0.517324, -0.292019, -0.0111631) (0.564446, -0.229325, 0.950563) (0.647083, 0.0397908, 0.923216) (0.0967625, 0.493806, 0.442277) (0.309535, -0.0997884, -0.00768608) (0.0673078, -0.497005, 0.310263) (0.302023, -0.333943, 0.964484) (-0.0261585, -0.151261, 0.708948) (-0.0588032, -0.283465, 0.460325) (0.0673402, -0.0134428, 0.110158) 


# Original Graph 505 in [500, 525)
14 vertices
0 1
0 2
0 3
1 4
1 5
1 6
1 7
2 7
2 3
3 8
3 9
4 9
4 10
4 11
4 12
4 5
5 13
6 13
6 7
8 13
8 9
9 10
10 11
11 13
11 12
12 13

# Unit Distance Graph 505
14 vertices
0 11
0 12
0 13
1 8
1 9
1 10
1 11
1 13
2 4
2 12
2 11
3 4
3 5
3 13
3 12
4 8
4 13
4 6
4 7
5 9
5 8
6 10
6 9
7 11
7 10
9 13

# Embedding 505 (with cost 9.87445e-15)
(0.32271, -0.268495, 0.0810212) (0.492363, -0.193103, -0.296193) (0.299272, -0.183512, 0.352655) (0.00427824, -0.0543393, 0.462631) (-0.0175467, 0.256558, -0.487562) (0.441003, 0.103089, -0.423082) (0.765508, 0.217027, 0.133134) (0.625797, -0.0855969, 0.197303) (0.104388, 0.262563, 0.504958) (-0.210495, 0.135106, 0.334892) (-0.201102, 0.450534, 0.0275918) (0.0460539, 0.677376, -0.0886522) (0.338177, 0.718909, -0.0764406) (0.606069, 0.686826, 0.165105) 


# Original Graph 506 in [500, 525)
14 vertices
0 1
0 2
0 3
1 4
1 5
1 2
2 5
2 6
3 6
3 7
3 8
4 9
4 10
4 5
5 11
5 12
5 8
5 7
6 7
8 13
9 13
9 11
9 10
10 11
11 12
12 13

# Unit Distance Graph 506
14 vertices
0 5
0 12
0 11
1 5
1 8
1 13
1 12
2 9
2 11
2 12
2 13
3 4
3 5
3 11
3 10
4 8
4 5
4 7
5 9
5 13
5 8
6 9
6 10
6 11
7 10
7 9

# Embedding 506 (with cost 7.36016e-15)
(0.357087, -0.868354, 0.299992) (0.67499, -0.948365, 0.276071) (0.26493, -0.705677, 0.000792077) (0.0461789, -0.350985, 0.467527) (0.930512, -0.812, 0.393912) (0.673967, -0.112966, -0.273573) (0.100299, -0.488305, 0.110815) (0.214183, -0.263095, -0.0368732) (0.255786, -0.114345, 0.63479) (0.919557, -0.34813, 0.666843) (1.03018, -0.528937, 0.47643) (1.00217, -0.104291, 0.308708) (0.765126, 0.0312808, 0.455432) (0.535986, -0.0609038, 0.715492) 


# Original Graph 507 in [500, 525)
14 vertices
0 1
0 2
0 3
0 4
1 4
1 5
2 6
2 7
3 7
3 8
3 4
5 8
5 9
5 10
5 11
6 11
6 7
8 11
8 12
8 10
8 9
9 10
10 13
11 13
11 12
12 13

# Unit Distance Graph 507
14 vertices
0 8
0 10
0 13
0 12
1 8
1 12
1 11
2 8
2 9
2 10
3 5
3 11
3 13
3 10
4 11
4 12
4 13
5 8
5 11
5 6
5 7
6 9
6 8
7 10
7 9
8 11

# Embedding 507 (with cost 9.77516e-15)
(0.438226, -0.0663997, 0.459229) (0.0340382, -0.14027, 0.222838) (0.736337, 0.0525825, 0.282455) (0.32162, 0.653319, 0.487976) (0.253943, 0.157339, 0.529499) (-0.120245, -0.0852161, -0.0212584) (0.841533, 0.186179, -0.0577018) (0.710558, 0.339139, 0.338866) (0.143154, 0.853519, 0.200998) (-0.154431, 0.206606, -0.145107) (0.0267697, 0.270643, -0.387593) (0.764221, 0.270686, -0.323008) (0.545445, 0.481315, -0.370538) (0.318011, 0.320521, -0.455015) 


# Original Graph 508 in [500, 525)
14 vertices
0 1
0 2
0 3
1 3
1 4
2 5
2 6
3 7
4 8
4 9
5 9
5 6
6 7
7 9
7 10
8 10
8 11
8 12
9 12
9 13
9 10
10 13
10 12
10 11
11 12
12 13

# Unit Distance Graph 508
14 vertices
0 10
0 12
0 13
1 9
1 10
1 13
2 10
2 11
2 12
3 9
3 13
3 12
4 7
4 10
4 9
5 8
5 11
5 10
6 8
6 12
6 11
7 9
7 12
7 8
8 9
9 10

# Embedding 508 (with cost 9.51936e-15)
(0.0245333, -0.271786, 0.545333) (0.149291, -0.209245, 0.791349) (0.12719, -0.323533, 0.286907) (-0.117114, 0.094089, 0.434713) (0.394493, -0.143751, 0.916196) (0.456269, -0.278263, -0.00453912) (0.185641, -0.199324, 0.0396106) (-0.062029, 0.386201, 0.201536) (0.56251, 0.0837158, 0.921573) (0.723617, -0.18871, -0.0270199) (0.320032, 0.657071, 0.321941) (0.628259, 0.466407, 0.640353) (0.848201, 0.292157, 0.604819) (0.847414, 0.16341, 0.179997) 


# Original Graph 509 in [500, 525)
14 vertices
0 1
0 2
0 3
0 4
1 4
1 5
1 6
1 7
2 8
2 3
3 9
3 10
3 4
5 10
5 6
6 10
6 11
7 12
7 13
7 9
7 8
8 9
10 13
10 11
11 12
12 13

# Unit Distance Graph 509
14 vertices
0 10
0 11
0 12
0 13
1 3
1 10
1 13
1 7
1 9
2 6
2 11
2 10
3 7
3 12
3 11
3 6
4 7
4 13
4 12
5 7
5 8
5 9
6 9
6 8
7 10
8 10

# Embedding 509 (with cost 9.41876e-15)
(-0.153113, 0.163762, 0.416651) (-0.144586, 0.151069, -0.0994051) (-0.265979, -0.055128, 0.604675) (0.463643, -0.420991, 0.450872) (0.0168588, 0.176448, 0.188508) (0.0274617, -0.063291, -0.238604) (-0.120442, -0.305281, -0.352531) (-0.503638, -0.659251, 0.363695) (-0.411997, -0.382921, 0.600868) (-0.157558, -0.546175, 0.617311) (0.477261, -0.577799, 0.187051) (-0.236197, -0.581236, -0.245221) (-0.385102, -0.722959, 0.016767) (-0.156612, -0.808371, 0.182248) 


# Original Graph 510 in [500, 525)
14 vertices
0 1
0 2
0 3
0 4
0 5
1 5
1 2
2 5
2 3
3 6
3 7
3 8
4 8
4 9
5 9
6 9
6 10
6 7
7 11
7 8
8 12
8 10
10 13
11 13
11 12
12 13

# Unit Distance Graph 510
14 vertices
0 6
0 7
0 11
0 13
0 10
1 11
1 12
1 13
2 8
2 10
2 13
2 12
3 4
3 9
3 6
3 10
3 8
4 7
4 6
5 7
5 8
5 12
5 11
6 8
7 9
8 9

# Embedding 510 (with cost 9.31646e-15)
(-0.787989, -0.297552, 0.0957037) (-0.84163, 0.0051746, 0.0101554) (-0.845949, 0.124741, 0.276627) (-0.538558, 0.266695, 0.665465) (-0.353656, -0.524317, 0.0822733) (-0.690481, 0.162735, -0.209838) (-0.158733, 0.398446, -0.250163) (-0.190615, 0.284204, 0.647705) (-0.0531974, -0.481482, 0.213074) (-0.414939, 0.278575, -0.326794) (0.0704178, 0.167184, -0.121457) (0.0337274, 0.12448, 0.478681) (0.0963094, -0.210102, 0.28205) (0.14523, 0.0552479, 0.16378) 


# Original Graph 511 in [500, 525)
14 vertices
0 1
0 2
0 3
0 4
0 5
1 5
1 6
1 7
1 8
2 9
2 3
3 4
4 9
4 6
4 5
6 10
6 11
6 7
7 11
7 12
8 13
8 10
8 9
10 13
11 12
12 13

# Unit Distance Graph 511
14 vertices
0 6
0 11
0 12
0 13
0 10
1 4
1 6
1 10
1 8
1 9
2 6
2 7
2 11
3 7
3 12
3 11
4 8
4 13
4 12
4 7
5 8
5 10
5 13
6 9
6 8
7 9

# Embedding 511 (with cost 8.82595e-15)
(0.639294, 0.281513, -0.125454) (0.479191, -0.226363, -0.509666) (0.343875, 0.589022, -0.164865) (0.465819, 0.422265, 0.0676211) (0.246381, 0.173629, 0.376791) (0.613826, -0.0627144, -0.252227) (-0.180067, -0.160693, 0.239377) (0.0805545, -0.324763, -0.474154) (-0.146676, 0.552062, -0.46124) (0.0686491, 0.656306, -0.280864) (-0.351365, 0.148067, -0.0973797) (-0.199061, -0.244184, -0.269693) (-0.246807, -0.0295312, -0.469076) (-0.306428, 0.274739, -0.45036) 


# Original Graph 512 in [500, 525)
14 vertices
0 1
0 2
0 3
1 3
1 4
2 5
2 6
3 6
4 7
4 8
4 9
5 9
5 10
6 10
6 11
7 11
7 8
8 11
8 12
9 12
9 13
9 11
9 10
11 13
11 12
12 13

# Unit Distance Graph 512
14 vertices
0 11
0 12
0 13
1 9
1 11
1 13
2 8
2 12
2 11
3 9
3 13
3 12
4 6
4 11
4 9
4 10
5 7
5 8
5 11
6 9
6 12
6 8
7 10
7 9
8 10
9 11

# Embedding 512 (with cost 7.76352e-15)
(-0.545109, -0.187899, -0.171684) (-0.545826, -0.143026, 0.141022) (-0.362326, -0.206644, -0.409966) (-0.643686, 0.139695, -0.201638) (-0.366796, -0.103269, 0.359421) (-0.0364601, -0.184941, -0.508267) (-0.474276, 0.510093, -0.423033) (-0.250684, 0.17097, 0.401367) (0.0298163, 0.236534, 0.396147) (0.30803, -0.111209, -0.378514) (-0.103186, 0.0944399, -0.58473) (-0.166471, 0.737232, -0.143996) (0.255491, 0.268509, 0.216559) (0.340076, 0.267267, -0.0753941) 


# Original Graph 513 in [500, 525)
14 vertices
0 1
0 2
0 3
0 4
1 4
1 5
2 6
2 3
3 6
3 7
4 7
5 8
5 6
6 9
6 10
6 11
6 7
7 11
8 12
8 9
9 13
9 10
10 11
11 13
11 12
12 13

# Unit Distance Graph 513
14 vertices
0 9
0 10
0 11
0 13
1 6
1 11
1 10
2 11
2 12
2 13
3 8
3 9
3 13
3 12
4 6
4 10
4 9
5 6
5 7
5 11
6 8
6 12
6 11
6 7
7 9
7 8

# Embedding 513 (with cost 9.94969e-15)
(0.386538, -0.400899, 0.347072) (0.158621, -0.318929, 0.506499) (0.329674, -0.636905, -0.0456706) (0.509955, -0.413396, -0.0133862) (0.419749, -0.0563594, 0.201137) (-0.158256, -0.300279, 0.516858) (-0.0528815, -0.711064, -0.388764) (0.401349, 0.1541, -0.176238) (-0.373236, -0.152976, 0.376684) (-0.47632, -0.324585, -0.152582) (-0.3104, -0.432401, -0.369367) (0.00907945, 0.28101, -0.279446) (-0.348803, 0.0665764, 0.165949) (-0.340599, 0.101389, -0.120881) 


# Original Graph 514 in [500, 525)
14 vertices
0 1
0 2
0 3
1 4
1 2
2 5
3 6
3 7
4 7
4 6
4 8
5 8
5 9
5 10
6 10
6 7
8 10
8 11
8 12
8 13
9 13
9 12
10 12
10 11
11 12
12 13

# Unit Distance Graph 514
14 vertices
0 8
0 12
0 11
1 10
1 11
1 12
2 8
2 11
2 10
3 8
3 13
3 12
4 5
4 10
4 12
4 9
5 8
5 10
5 6
6 9
6 13
6 8
7 9
7 12
7 13
8 10

# Embedding 514 (with cost 9.43809e-15)
(0.404198, -0.0167312, 0.0650641) (0.247465, -0.321367, 0.0459812) (0.252772, 0.0332221, -0.19279) (0.398467, 0.0313636, 0.361935) (-0.0830087, -0.587686, 0.350883) (0.00707981, 0.163296, -0.303265) (0.162757, 0.177494, 0.684441) (0.26721, -0.148403, 0.5464) (-0.434126, -0.516763, 0.282275) (-0.265311, 0.213866, -0.218573) (-0.142629, 0.359562, 0.66579) (-0.484764, 0.222955, 0.455315) (-0.548441, 0.274727, 0.151842) (-0.517491, 0.0567791, -0.0385318) 


# Original Graph 515 in [500, 525)
14 vertices
0 1
0 2
0 3
0 4
1 4
1 5
2 6
2 3
3 7
4 7
5 8
5 9
5 10
6 10
6 7
7 8
8 10
8 11
8 12
8 9
9 12
9 13
10 13
10 11
11 13
12 13

# Unit Distance Graph 515
14 vertices
0 8
0 12
0 13
0 11
1 8
1 11
1 10
2 8
2 9
2 12
3 9
3 13
3 12
4 10
4 11
4 13
5 6
5 7
5 8
5 10
6 9
6 8
7 10
7 13
7 9
8 10

# Embedding 515 (with cost 8.62312e-15)
(0.16083, 0.128749, -1.07372) (0.493939, 0.0374449, -1.06498) (-0.161704, -0.0480421, -0.779172) (-0.0753754, 0.235313, -0.886082) (0.153017, 0.410595, -0.907186) (0.720017, -0.0979857, -0.922793) (-0.19077, -0.207667, -0.524751) (0.0318819, 0.568702, -0.636441) (0.420459, 0.507294, -0.185296) (0.797759, -0.0591053, -0.497553) (-0.0259475, -0.37759, -0.318344) (0.217237, -0.229985, -0.141985) (0.633604, 0.105877, -0.192833) (0.500574, -0.193651, -0.190186) 


# Original Graph 516 in [500, 525)
14 vertices
0 1
0 2
0 3
0 4
1 4
1 5
1 6
2 7
2 5
2 3
3 8
4 8
5 8
5 7
5 9
5 10
5 6
6 11
7 12
9 12
9 13
10 13
10 11
11 13
11 12
12 13

# Unit Distance Graph 516
14 vertices
0 5
0 10
0 13
0 9
1 5
1 9
1 12
1 7
2 5
2 6
2 11
2 10
3 10
3 11
3 13
4 9
4 13
4 12
5 7
5 12
5 11
5 6
6 7
8 11
8 12
8 13

# Embedding 516 (with cost 7.68677e-15)
(0.14274, 0.554856, 0.856563) (-0.180713, 0.213065, 1.04754) (0.435382, 0.517508, 0.461194) (0.137564, 0.676395, 0.599035) (-0.125994, 0.475547, 0.929095) (-0.483714, 0.350159, 0.104463) (-0.186047, -0.0960035, 0.948461) (0.491602, 0.267665, 0.309292) (-0.260528, 0.648234, 0.455585) (-0.0286774, -0.0807989, 0.103862) (-0.233916, -0.215998, 0.342838) (-0.0783367, -0.2866, 0.760365) (0.397021, -0.0863521, 0.288217) (0.084483, -0.278518, 0.306932) 


# Original Graph 517 in [500, 525)
14 vertices
0 1
0 2
0 3
1 4
1 5
1 6
1 7
2 8
2 9
2 10
2 11
3 12
3 4
4 12
4 5
5 6
6 7
7 12
7 13
7 8
8 13
9 13
9 10
10 11
11 12
12 13

# Unit Distance Graph 517
14 vertices
0 7
0 13
0 12
1 9
1 10
1 11
1 12
1 13
2 4
2 5
2 6
2 7
2 12
3 7
3 8
3 13
4 9
4 13
4 8
5 10
5 9
6 11
6 10
7 12
7 11
8 12

# Embedding 517 (with cost 7.70092e-15)
(-0.119667, -0.196358, 0.928873) (-0.121509, -0.301461, 0.422649) (0.280675, -0.273985, 1.2185) (-0.00123437, 0.174355, 0.64065) (0.0747971, 0.179661, 0.351422) (0.0304347, -0.123522, 0.262077) (0.299363, -0.462374, 0.236581) (0.565945, -0.580054, 0.310234) (0.629789, -0.601403, 0.637644) (0.702271, -0.267915, 0.988566) (0.561694, -0.0424461, 1.1054) (0.577316, 0.211748, 0.920907) (0.588449, 0.392952, 0.539917) (0.838008, -0.366508, 0.696689) 


# Original Graph 518 in [500, 525)
14 vertices
0 1
0 2
0 3
0 4
1 5
1 2
2 5
2 3
3 5
3 6
3 4
4 6
4 7
4 8
4 5
5 8
6 9
7 10
7 11
8 12
9 12
9 13
9 10
10 13
11 13
11 12

# Unit Distance Graph 518
14 vertices
0 9
0 13
0 11
0 12
1 9
1 10
1 13
2 7
2 11
2 13
2 10
3 4
3 8
3 12
3 11
3 7
4 6
4 9
4 12
4 8
4 5
5 7
5 10
5 9
5 6
6 8

# Embedding 518 (with cost 9.74192e-15)
(-0.548864, -0.345974, -0.197765) (-0.223524, -0.199724, -0.512835) (-0.382692, -0.0140304, -0.343355) (-0.322586, 0.213569, 0.0830653) (-0.382852, -0.782783, 0.1435) (0.0542947, -0.254187, -0.584161) (-0.0787918, 0.153528, 0.319197) (-0.0865283, -0.738098, 0.279552) (0.298861, -0.358331, -0.45241) (0.196281, -0.000409213, 0.372624) (0.100887, -0.501471, 0.383662) (0.407656, -0.469418, 0.0664882) (0.451107, -0.352339, -0.201798) (0.294168, -0.293717, 0.337553) 


# Original Graph 519 in [500, 525)
14 vertices
0 1
0 2
0 3
0 4
1 4
1 5
1 6
2 6
2 7
2 8
2 9
3 5
3 4
5 9
5 6
6 7
7 10
7 11
7 12
8 12
8 10
9 10
10 13
11 13
11 12
12 13

# Unit Distance Graph 519
14 vertices
0 7
0 11
0 13
0 10
1 8
1 10
1 13
1 12
2 5
2 6
2 7
2 10
2 9
3 7
3 12
3 11
4 11
4 12
4 13
5 8
5 12
5 7
6 9
6 10
6 8
7 9

# Embedding 519 (with cost 9.78076e-15)
(0.597618, 0.139688, -0.162308) (0.11123, 0.0358304, -0.584211) (0.690071, -0.135209, 0.0865518) (0.165115, 0.419047, -0.158131) (0.366221, 0.271843, -0.320991) (-0.11113, 0.444621, -0.061347) (-0.044043, -0.276278, -0.577659) (-0.136393, -0.519766, -0.324633) (0.445114, -0.306587, 0.29401) (-0.189476, 0.324792, 0.208194) (-0.259127, 0.0448348, 0.344635) (-0.128949, -0.513839, 0.0498328) (0.0764714, -0.479248, 0.272227) (-0.175867, -0.265531, 0.32505) 


# Original Graph 520 in [500, 525)
14 vertices
0 1
0 2
0 3
0 4
1 5
1 6
2 7
2 8
3 8
3 4
4 5
5 8
6 9
6 10
6 7
7 11
7 12
7 9
8 9
9 12
9 10
10 13
10 11
11 13
11 12
12 13

# Unit Distance Graph 520
14 vertices
0 9
0 10
0 13
0 12
1 7
1 9
1 12
2 6
2 10
2 9
3 10
3 11
3 13
4 11
4 12
4 13
5 7
5 12
5 11
6 8
6 9
6 7
7 9
7 8
8 11
8 10

# Embedding 520 (with cost 9.30519e-15)
(-0.3183, -0.370478, 0.0694192) (-0.145355, -0.122537, 0.62976) (-0.132845, -0.161719, -0.285968) (0.0936813, -0.670363, 0.2) (-0.149195, -0.540832, 0.27446) (-0.0707573, -0.436608, 0.528229) (0.0386941, 0.101641, 0.663355) (0.0483929, 0.0531971, -0.335423) (0.42264, -0.700124, 0.20536) (0.660399, -0.529405, 0.199389) (0.338448, 0.254288, 0.491733) (0.348145, 0.264005, -0.0494072) (0.56676, 0.0814658, -0.0420096) (0.434606, 0.269442, 0.223158) 


# Original Graph 521 in [500, 525)
14 vertices
0 1
0 2
0 3
0 4
1 4
1 5
1 2
2 5
2 3
3 6
3 4
4 6
4 7
4 8
4 9
4 5
5 9
6 10
7 10
7 11
8 11
8 12
9 12
10 13
11 13
12 13

# Unit Distance Graph 521
14 vertices
0 8
0 12
0 13
0 11
1 7
1 11
1 13
1 10
2 4
2 8
2 11
2 7
3 4
3 9
3 12
3 8
4 6
4 10
4 13
4 12
4 9
4 5
5 7
5 10
5 6
6 9

# Embedding 521 (with cost 8.56993e-15)
(0.172109, -0.358584, 0.283039) (-0.0771682, -0.476075, 0.380023) (0.108389, -0.623052, 0.167418) (0.287709, -0.494164, -0.220507) (-0.103232, 0.353837, 0.137348) (-0.483528, -0.561587, 0.26916) (0.170796, -0.393379, -0.468109) (-0.219, 0.131228, -0.401685) (-0.628791, -0.0956127, -0.254924) (-0.668848, -0.468066, 0.0698684) (-0.0694978, -0.313501, -0.606644) (-0.429437, -0.0556751, -0.456141) (-0.704477, -0.371438, -0.198033) (-0.352341, -0.310809, -0.567061) 


# Original Graph 522 in [500, 525)
14 vertices
0 1
0 2
0 3
1 3
1 4
1 5
2 6
2 7
3 7
4 8
4 9
4 10
5 10
5 6
6 10
6 9
6 11
6 12
7 12
7 13
8 13
8 12
8 11
8 9
9 11
12 13

# Unit Distance Graph 522
14 vertices
0 8
0 9
0 11
1 6
1 12
1 8
1 11
2 4
2 9
2 8
3 6
3 11
3 9
4 7
4 12
4 6
5 8
5 12
5 13
6 8
6 13
6 7
7 10
7 9
10 13
10 12

# Embedding 522 (with cost 9.9747e-15)
(0.369769, -0.367826, -0.0708241) (0.0160352, -0.114258, -0.0573483) (0.642607, -0.360248, -0.144999) (0.234187, -0.335124, 0.175241) (0.0961388, 0.460987, 0.0191521) (0.140106, 0.0431446, -0.256925) (0.933981, 0.100556, -0.390861) (0.583043, -0.294018, 0.458347) (0.658963, 0.377565, 0.529809) (0.520385, 0.614048, 0.0442335) (0.172026, 0.320974, -0.214595) (0.749263, 0.521989, 0.182581) (0.904926, 0.00129525, 0.385958) (0.694015, -0.00317823, 0.574362) 


# Original Graph 523 in [500, 525)
14 vertices
0 1
0 2
0 3
1 4
1 5
1 6
2 7
2 8
2 3
3 4
4 8
5 8
5 6
6 8
6 9
7 10
7 11
8 11
8 12
8 13
9 13
9 12
9 10
10 12
10 11
12 13

# Unit Distance Graph 523
14 vertices
0 8
0 13
0 12
1 8
1 12
1 10
1 11
2 6
2 9
2 13
2 8
3 9
3 12
3 13
4 9
4 10
4 12
5 7
5 11
5 10
6 8
6 11
6 7
7 8
8 10
8 9

# Embedding 523 (with cost 7.79555e-15)
(0.103578, 0.178842, 0.984658) (-0.111081, -0.175425, 0.91068) (0.377483, 0.447655, 0.811536) (0.0554773, 0.434689, 0.8651) (-0.232037, 0.423863, 0.685501) (-0.254571, -0.22355, 0.649471) (-0.0379866, -0.439895, 0.612441) (0.548386, 0.369947, 0.594508) (-0.320584, 0.37077, 0.0996436) (0.179087, -0.441784, 0.399787) (0.621609, 0.0913624, 0.284588) (0.486145, 0.356302, 0.31019) (0.382216, -0.0448467, 0.0506753) (0.103618, -0.108384, 0.0267952) 


# Original Graph 524 in [500, 525)
14 vertices
0 1
0 2
0 3
1 3
1 4
1 5
2 6
2 7
2 8
3 8
4 9
4 5
5 9
5 10
5 6
6 10
6 11
6 12
6 7
7 12
8 13
9 13
10 13
10 11
11 13
12 13

# Unit Distance Graph 524
14 vertices
0 10
0 11
0 13
1 6
1 12
1 13
1 11
2 5
2 10
2 13
2 9
3 6
3 11
3 10
4 6
4 7
4 12
5 8
5 13
5 12
5 7
6 9
6 13
6 8
7 9
8 10

# Embedding 524 (with cost 9.67395e-15)
(0.314877, 0.109392, 0.499217) (0.566776, -0.0366668, 0.209567) (2.7953e-05, 0.147988, 0.573982) (0.416395, -0.160298, 0.555332) (0.534985, -0.350443, -0.0142219) (0.364631, -0.223448, -0.279891) (-0.41345, -0.0345325, 0.0116961) (-0.250882, 0.0452229, 0.461027) (0.194161, -0.474455, 0.672966) (0.369094, -0.650957, 0.0991383) (-0.0966885, -0.366988, -0.277749) (-0.315596, -0.408102, -0.079318) (-0.382579, -0.300493, 0.380216) (0.0117658, -0.840546, 0.423442) 
