

# Original Graph 425 in [425, 450)
14 vertices
0 1
0 2
0 3
1 4
1 5
1 6
2 6
2 7
3 7
3 8
3 5
3 9
4 9
4 10
4 11
5 12
5 13
5 6
6 8
7 8
9 13
10 13
10 12
10 11
11 12
12 13

# Unit Distance Graph 425
14 vertices
0 5
0 13
0 12
1 3
1 9
1 13
1 5
2 10
2 12
2 13
3 5
3 12
3 11
3 4
4 5
4 6
4 8
5 9
6 10
6 13
6 9
7 10
7 11
7 12
8 11
8 10

# Embedding 425 (with cost 9.91663e-15)
(0.41798, 0.643618, 0.0732163) (0.205203, 0.766506, -0.0998838) (0.444369, 0.493122, 0.352491) (0.559347, -0.125349, 0.1815) (0.0890772, 0.585547, -0.341447) (-0.371847, 0.143264, 0.427926) (0.0816183, 0.406195, 0.64231) (0.526441, 0.132447, 0.383419) (0.321473, 0.227217, 0.562761) (0.421141, -0.209408, -0.0688565) (-0.24755, 0.0931343, -0.248556) (-0.16458, 0.369122, -0.299571) (-0.407296, 0.0806045, 0.0292347) (-0.096893, -0.185767, -0.143639) 


# Original Graph 426 in [425, 450)
14 vertices
0 1
0 2
0 3
1 4
1 5
2 6
2 7
2 8
2 9
2 3
3 10
4 11
4 12
5 13
5 8
5 6
6 8
6 7
7 8
8 13
8 9
9 13
9 12
9 10
10 11
11 12

# Unit Distance Graph 426
14 vertices
0 8
0 9
0 13
1 2
1 9
1 8
2 5
2 13
2 9
2 12
2 4
3 5
3 8
3 13
4 8
4 7
5 10
5 9
6 9
6 10
6 11
6 12
7 12
7 11
8 11
8 10

# Embedding 426 (with cost 9.73274e-15)
(0.0215874, -0.202223, -0.285549) (-0.235305, -0.193754, 0.228888) (0.410284, 0.192591, -0.429862) (0.349884, -0.287576, -0.370252) (0.046643, -0.423166, 0.269143) (-0.179929, 0.11905, 0.374028) (0.121622, 0.457243, 0.076936) (0.352728, 0.44529, -0.120853) (0.523636, 0.455716, 0.275756) (0.748288, -0.25211, 0.399592) (0.46692, -0.459825, -0.12245) (0.33279, -0.517596, 0.148318) (0.513557, -0.42015, 0.353645) (0.492722, 0.0572121, 0.557497) 


# Original Graph 427 in [425, 450)
14 vertices
0 1
0 2
0 3
1 3
1 4
1 5
2 6
2 7
3 8
3 9
3 10
4 10
4 5
5 10
5 6
6 10
7 11
7 12
7 13
8 13
8 9
9 12
9 11
9 10
10 11
12 13

# Unit Distance Graph 427
14 vertices
0 9
0 10
0 11
1 7
1 12
1 9
1 11
2 3
2 10
2 9
3 7
3 11
3 10
3 6
4 7
4 13
4 12
5 8
5 9
5 12
5 13
6 9
6 8
7 10
8 10
10 13

# Embedding 427 (with cost 9.59678e-15)
(0.194152, 0.271181, 0.486375) (0.530014, 0.469005, 0.461541) (-0.198602, 0.0574228, 0.135116) (0.720973, 0.153018, 0.516223) (0.496481, 0.599322, 0.179424) (0.285633, 0.630293, -0.00957118) (-0.0659102, 0.377153, -0.0587355) (-0.0931872, -0.198543, 0.0541113) (0.606954, -0.256104, 0.323676) (0.687046, -0.265992, -0.198095) (0.549863, 0.385542, -0.441197) (0.477066, 0.0590081, -0.449008) (0.394671, -0.361313, -0.0790644) (0.204501, -0.356022, 0.133962) 


# Original Graph 428 in [425, 450)
14 vertices
0 1
0 2
0 3
0 4
1 5
1 2
2 6
2 7
3 7
3 4
4 8
4 5
5 9
5 10
5 11
5 6
6 12
6 7
8 12
8 13
8 9
9 10
10 13
10 11
11 12
12 13

# Unit Distance Graph 428
14 vertices
0 10
0 11
0 12
0 13
1 8
1 13
1 12
2 8
2 9
2 10
2 13
3 5
3 11
3 10
4 5
4 6
4 12
4 11
5 8
5 12
5 6
5 7
6 9
6 8
7 10
7 9

# Embedding 428 (with cost 7.97847e-15)
(-0.445686, -0.422786, 0.0634064) (-0.16671, -0.294762, -0.185444) (-0.465924, -0.0999981, -0.0681008) (-0.483407, -0.437296, 0.40093) (-0.301317, -0.565109, 0.594438) (0.384173, -0.214513, -0.0436741) (-0.354875, 0.380213, 0.272725) (-0.522634, 0.141693, 0.181756) (-0.102144, -0.428787, 0.803428) (0.242839, -0.356437, 0.589086) (0.441992, -0.0618326, 0.349311) (0.274017, 0.212995, 0.342353) (-0.151212, 0.420243, 0.513503) (0.16973, 0.0588218, 0.68736) 


# Original Graph 429 in [425, 450)
14 vertices
0 1
0 2
0 3
1 3
1 4
1 5
2 5
2 6
3 6
3 7
4 8
4 9
4 10
5 10
5 11
5 12
5 13
6 13
6 7
7 13
8 13
8 12
8 9
9 12
9 11
10 11

# Unit Distance Graph 429
14 vertices
0 8
0 9
0 12
1 5
1 13
1 8
1 12
2 4
2 9
2 8
3 5
3 12
3 9
3 11
4 6
4 13
4 5
5 8
5 13
5 7
6 10
6 11
6 9
7 11
7 10
10 13

# Embedding 429 (with cost 9.95823e-15)
(-1.02322, 0.0125934, 0.0256036) (-0.908166, -0.4007, 0.0186984) (-0.751734, 0.451699, -0.0124964) (-1.10191, -0.160561, 0.247574) (-0.553552, -0.526115, 0.055368) (-0.393557, 0.446656, -0.112316) (-0.973662, 0.270052, 0.49083) (-0.875416, 0.0938043, 0.689748) (-0.349427, -0.0348766, 0.763) (-0.110144, -0.217592, 0.36222) (-0.327448, -0.239097, -0.0776552) (-0.137618, -0.0184139, 0.0241196) (-0.160387, 0.0216243, 0.531015) (-0.602408, 0.126286, 0.811666) 


# Original Graph 430 in [425, 450)
14 vertices
0 1
0 2
0 3
1 4
1 5
2 6
2 7
2 8
3 8
3 9
3 10
4 10
4 9
4 8
5 8
5 7
5 11
6 11
6 12
7 12
7 13
7 8
8 9
9 10
11 13
12 13

# Unit Distance Graph 430
14 vertices
0 5
0 7
0 8
1 2
1 8
1 7
2 5
2 8
2 4
3 5
3 11
3 13
3 7
4 7
4 12
4 6
5 8
6 8
6 9
7 10
8 11
9 12
9 13
9 11
10 13
10 12

# Embedding 430 (with cost 9.12265e-15)
(-0.288982, 0.089284, 0.686362) (0.422084, -0.459448, 0.579231) (-0.440722, 0.0304109, 0.454317) (0.0169393, 0.258889, 0.706534) (0.51904, -0.196523, 0.619725) (0.319148, -0.598584, 0.29011) (-0.415134, -0.176859, 0.263449) (0.04533, -0.0408011, -0.24708) (0.389366, 0.356404, 0.00189813) (0.440959, 0.300984, 0.460349) (0.371733, 0.138178, 0.681051) (0.0685554, -0.577348, 0.160601) (-0.280973, -0.23351, 0.0208824) (-0.0634195, -0.404745, -0.0371946) 


# Original Graph 431 in [425, 450)
14 vertices
0 1
0 2
0 3
1 4
1 5
2 6
2 7
2 8
2 3
3 8
3 9
4 9
4 10
4 8
5 11
5 12
6 12
6 13
7 13
7 12
7 11
7 8
8 11
8 10
9 10
12 13

# Unit Distance Graph 431
14 vertices
0 7
0 8
0 11
1 2
1 8
1 7
2 5
2 11
2 8
2 4
3 5
3 12
3 7
3 11
4 7
4 13
4 6
5 8
6 8
6 10
7 9
8 12
9 12
9 13
10 13
10 12

# Embedding 431 (with cost 9.77225e-15)
(0.46618, 0.219182, 0.20013) (-0.238732, -0.0248083, 0.160944) (0.744395, 0.0599066, -0.00117747) (0.536268, 0.0574776, 0.488534) (-0.0954143, -0.136624, 0.504881) (-0.211341, -0.209427, -0.119614) (0.56301, -0.0783035, -0.245503) (0.415653, -0.726853, -0.119971) (0.384843, -0.735324, 0.487014) (0.265147, -0.0687904, 0.617797) (0.204987, -0.370937, 0.641168) (0.064519, -0.673412, -0.00467409) (0.0932593, -0.267169, -0.347139) (0.408794, -0.329207, -0.336954) 


# Original Graph 432 in [425, 450)
14 vertices
0 1
0 2
0 3
0 4
1 4
1 5
2 6
2 7
2 8
3 8
3 9
4 9
4 10
4 8
5 8
5 11
5 12
6 12
6 13
7 11
7 8
8 10
9 10
11 13
11 12
12 13

# Unit Distance Graph 432
14 vertices
0 5
0 11
0 7
0 8
1 2
1 8
1 7
2 5
2 8
2 4
3 5
3 12
3 11
4 7
4 11
4 13
4 6
5 8
6 8
6 10
8 12
9 11
9 12
9 13
10 13
10 12

# Embedding 432 (with cost 9.96642e-15)
(-0.454644, 0.0627747, 0.486497) (0.191654, 0.403039, -0.0427375) (-0.349217, -0.239623, 0.49989) (-0.598672, 0.140776, 0.198521) (-0.149053, 0.534082, -0.101205) (0.359554, 0.151349, -0.0872953) (-0.074719, -0.325263, 0.404759) (-0.270275, -0.421858, -0.36857) (-0.50085, -0.166271, -0.485822) (-0.531109, 0.3037, -0.0706329) (-0.5135, 0.134056, -0.367573) (0.159203, -0.416394, -0.14087) (0.340876, -0.169682, 0.0540729) (0.161064, -0.379144, 0.163077) 


# Original Graph 433 in [425, 450)
14 vertices
0 1
0 2
0 3
0 4
1 5
1 6
1 2
2 6
2 7
2 3
3 8
4 9
4 10
4 11
4 5
5 11
5 8
5 7
6 7
8 12
8 9
9 13
9 10
10 13
11 12
12 13

# Unit Distance Graph 433
14 vertices
0 5
0 8
0 12
0 11
1 8
1 9
1 13
1 12
2 4
2 11
2 12
2 13
2 10
3 4
3 5
3 11
4 8
4 5
4 7
5 9
5 8
6 9
6 10
6 13
7 10
7 9

# Embedding 433 (with cost 9.9121e-15)
(0.0392974, -0.151794, -0.587) (-0.294328, -0.085101, -0.684601) (-0.384387, 0.340465, -0.703066) (-0.167662, 0.651874, -0.400379) (0.200055, -0.239584, -0.135642) (-0.773024, -0.043923, -0.0138536) (-0.550611, 0.0766342, -0.611987) (-0.731407, 0.0532458, -0.351578) (-0.118959, 0.707519, -0.10065) (0.079125, 0.474826, 0.0550031) (0.170111, 0.0618093, 0.081078) (-0.56156, -0.0401773, 0.204525) (-0.338083, 0.17026, 0.281254) (-0.0249414, 0.234044, 0.224011) 


# Original Graph 434 in [425, 450)
14 vertices
0 1
0 2
0 3
1 3
1 4
2 5
2 6
3 6
3 7
3 8
4 8
4 9
4 10
5 11
5 12
5 8
6 8
6 7
7 8
8 12
8 9
9 12
9 13
10 13
10 11
11 13

# Unit Distance Graph 434
14 vertices
0 8
0 9
0 12
1 5
1 8
1 12
2 4
2 9
2 8
3 5
3 12
3 9
3 13
3 11
4 6
4 8
4 5
5 8
6 10
6 13
6 9
7 10
7 11
7 13
8 11
8 10

# Embedding 434 (with cost 9.62935e-15)
(-0.311748, -0.482384, 0.173541) (-0.424291, -0.468807, 0.506297) (0.304586, -0.608532, 0.00620401) (-0.36495, -0.193151, 0.184969) (-0.27782, -0.537135, 0.81596) (0.509564, -0.677182, 0.215616) (0.0769677, -0.140095, -0.0304945) (-0.0302392, 0.0802369, 0.156039) (0.277085, 0.243631, 0.528757) (0.287307, -0.252767, 0.94062) (-5.8979e-05, -0.6748, 0.811027) (0.397849, -0.748961, 0.515443) (0.529527, -0.196022, 0.632074) (0.280731, -0.570281, 0.848949) 


# Original Graph 435 in [425, 450)
14 vertices
0 1
0 2
0 3
1 3
1 4
1 5
2 6
2 4
2 3
3 4
4 6
4 7
4 5
5 8
5 6
6 9
7 9
7 10
7 11
7 8
8 12
9 13
10 13
10 11
11 12
12 13

# Unit Distance Graph 435
14 vertices
0 7
0 11
0 10
1 7
1 10
1 13
1 9
2 7
2 8
2 12
2 11
3 10
3 11
3 12
3 13
4 5
4 6
4 9
4 13
4 12
4 8
5 7
5 9
5 6
6 8
6 7

# WARNING!!: failed to find good embedding for graph 435!!!


# Original Graph 436 in [425, 450)
14 vertices
0 1
0 2
0 3
1 4
1 5
1 2
2 5
2 3
3 6
4 7
4 8
4 9
4 5
5 9
5 6
6 7
7 10
8 11
8 12
8 9
9 12
9 13
9 10
10 11
11 13
12 13

# Unit Distance Graph 436
14 vertices
0 9
0 13
0 12
1 9
1 10
1 11
1 13
2 8
2 12
2 13
2 11
3 8
3 9
3 12
4 5
4 6
4 7
4 10
4 9
5 8
5 11
5 10
5 7
6 9
6 8
7 9

# WARNING!!: failed to find good embedding for graph 436!!!


# Original Graph 437 in [425, 450)
14 vertices
0 1
0 2
0 3
1 3
1 4
2 5
2 3
3 6
4 6
4 7
5 8
5 6
6 9
7 9
7 10
7 8
8 11
8 9
9 11
9 12
9 13
9 10
10 13
10 11
11 12
12 13

# Unit Distance Graph 437
14 vertices
0 9
0 13
0 12
1 9
1 12
1 11
2 9
2 10
2 13
3 10
3 11
3 12
3 13
4 8
4 9
4 11
5 7
5 10
5 9
6 7
6 8
6 11
6 10
7 9
7 8
8 9

# Embedding 437 (with cost 9.08428e-15)
(-0.180837, -0.321028, 0.114856) (-0.353681, -0.158407, 0.297734) (-0.0407935, -0.285157, -0.159567) (0.0493528, -0.363383, 0.273667) (-0.469915, 0.0892561, 0.369563) (0.0349256, -0.114501, -0.372051) (0.275423, -0.248746, 0.399176) (-0.510434, 0.364058, 0.316109) (0.038315, 0.142579, -0.490006) (0.487923, 0.376554, 0.372031) (-0.257772, 0.588283, 0.27635) (0.160659, 0.426425, -0.329503) (0.251928, 0.569887, -0.0229323) (0.103336, 0.633082, 0.209301) 


# Original Graph 438 in [425, 450)
14 vertices
0 1
0 2
0 3
1 4
1 5
2 6
2 7
2 8
2 3
3 9
4 9
4 10
5 10
5 6
6 11
6 12
6 13
7 13
7 12
7 8
8 12
8 11
8 10
9 10
11 12
12 13

# Unit Distance Graph 438
14 vertices
0 8
0 11
0 12
1 7
1 8
1 12
2 5
2 6
2 11
2 8
2 10
3 6
3 12
3 11
4 7
4 12
4 13
5 8
5 7
6 9
6 10
6 8
7 10
9 13
9 12
10 13

# Embedding 438 (with cost 8.02022e-15)
(0.241401, 0.535209, -0.390284) (0.126526, -0.0642691, -0.32043) (0.111255, 0.785381, -0.319284) (0.414316, 0.450647, -0.169549) (0.35081, 0.00522016, -0.0795053) (-0.190152, -0.162205, -0.213295) (-0.476003, -0.00365453, -0.138868) (-0.230903, 0.815332, -0.00650891) (0.110395, 0.359183, 0.585345) (0.47935, 0.229834, 0.04219) (0.372883, 0.115952, 0.375997) (-0.463765, 0.165644, 0.214829) (-0.459907, 0.437057, 0.315784) (-0.459473, 0.573584, 0.0633358) 


# Original Graph 439 in [425, 450)
14 vertices
0 1
0 2
0 3
1 3
1 4
2 5
2 6
3 6
3 7
4 7
4 8
4 5
5 9
5 7
6 7
7 10
8 10
8 11
8 12
9 12
9 13
9 10
10 13
10 11
11 13
11 12

# Unit Distance Graph 439
14 vertices
0 10
0 11
0 13
1 9
1 10
1 13
2 8
2 11
2 10
3 9
3 13
3 11
3 12
4 5
4 7
4 10
4 9
5 8
5 10
5 7
6 8
6 12
6 11
7 9
7 12
7 8

# Embedding 439 (with cost 7.86308e-15)
(-0.440117, -0.186867, 0.1599) (-0.559835, 0.106792, 0.426962) (-0.179911, -0.268929, -0.0199153) (-0.540932, -0.244417, 0.441658) (-0.406722, 0.399665, 0.539152) (0.131501, -0.152065, -0.0979583) (-0.31691, -0.499074, 0.494943) (-0.128746, -0.527112, 0.791767) (-0.0977725, 0.463185, 0.656296) (0.36568, -0.0345188, 0.0756001) (0.239019, -0.279522, 0.888041) (0.272009, 0.288442, 0.67658) (0.317046, 0.264874, 0.374601) (0.404971, -0.00779758, 0.663647) 


# Original Graph 440 in [425, 450)
14 vertices
0 1
0 2
0 3
1 4
1 5
1 6
2 6
2 7
2 8
3 8
3 4
4 7
5 9
5 10
6 11
6 12
6 7
7 9
7 8
9 12
9 13
10 13
10 11
11 13
11 12
12 13

# Unit Distance Graph 440
14 vertices
0 9
0 13
0 12
1 6
1 7
1 9
1 12
2 5
2 10
2 13
2 9
3 11
3 12
3 13
4 6
4 12
4 11
5 7
5 6
6 9
6 7
7 11
7 10
8 10
8 11
8 13

# Embedding 440 (with cost 8.32498e-15)
(0.389102, 0.114262, 0.250275) (0.542936, -0.250692, 0.203369) (-0.0314874, 0.397986, -0.0112451) (0.18844, 0.133798, 0.448672) (0.352386, -0.10313, 0.427454) (0.41358, -0.487889, 0.119675) (-0.134282, 0.164362, -0.404172) (-0.373033, -0.040374, 0.545081) (-0.0811413, 0.212494, 0.482328) (-0.428279, -0.457381, 0.321776) (0.216121, -0.569341, -0.0657315) (-0.169216, -0.212142, -0.418742) (-0.345319, -0.349538, -0.24522) (-0.237122, -0.57528, -0.11356) 


# Original Graph 441 in [425, 450)
14 vertices
0 1
0 2
0 3
1 4
1 5
2 6
2 7
3 8
3 4
4 8
5 9
5 10
5 6
6 11
6 12
6 13
6 7
7 8
8 13
9 13
9 10
10 13
10 12
10 11
11 12
12 13

# Unit Distance Graph 441
14 vertices
0 10
0 12
0 13
1 6
1 13
1 12
2 9
2 10
2 13
3 10
3 11
3 12
4 6
4 12
4 11
5 6
5 7
5 8
5 13
6 9
6 13
6 8
7 10
7 9
8 11
8 10

# Embedding 441 (with cost 9.76118e-15)
(-0.331513, 0.174023, 0.593878) (-0.257074, -0.214592, 0.982239) (-0.179014, 0.234832, 0.349415) (-0.627907, -0.0905569, 0.576298) (-0.498753, -0.200208, 0.819445) (0.0317425, -0.431447, 0.968631) (0.160741, 0.0943042, 0.12783) (-0.406504, 0.0747804, 0.225883) (-0.732608, -0.303604, 0.33663) (0.00637085, -0.649206, 0.778494) (0.173603, -0.685667, 0.517768) (0.253704, -0.340458, 0.175909) (0.114793, -0.594365, 0.135193) (-0.439613, -0.705427, 0.130323) 


# Original Graph 442 in [425, 450)
14 vertices
0 1
0 2
0 3
1 4
1 5
2 6
2 7
3 7
3 8
4 8
4 9
4 10
4 11
5 11
5 7
5 6
6 7
8 11
8 12
9 12
9 13
10 13
10 12
10 11
11 12
12 13

# Unit Distance Graph 442
14 vertices
0 10
0 11
0 12
1 8
1 12
1 11
2 10
2 12
2 13
3 4
3 11
3 10
4 8
4 11
4 5
4 7
5 9
5 12
5 8
6 9
6 13
6 12
7 10
7 13
7 9
8 11

# Embedding 442 (with cost 9.04442e-15)
(-0.208171, 0.0606714, 0.517645) (0.0719561, 0.127672, 0.692274) (-0.282475, 0.058965, 0.227239) (-0.58787, 0.541243, 0.230128) (0.220439, 0.375453, 0.795062) (0.133868, 0.232135, -0.190821) (-0.140639, 0.122631, -0.0595954) (-0.432274, 0.243932, 0.0489601) (-0.507708, 0.833586, 0.285243) (0.185468, 0.689325, 0.69705) (0.374325, 0.812821, 0.209473) (0.320797, 0.533138, -0.187314) (-0.127116, 1.04077, 0.336433) (0.189631, 0.908218, 0.46364) 


# Original Graph 443 in [425, 450)
14 vertices
0 1
0 2
0 3
0 4
1 5
1 2
2 5
2 6
3 7
3 8
3 9
3 4
4 10
5 10
5 9
6 11
6 12
6 7
7 12
8 12
8 13
9 13
9 11
9 10
11 12
12 13

# Unit Distance Graph 443
14 vertices
0 9
0 11
0 12
0 13
1 8
1 13
1 12
2 3
2 9
2 13
2 8
3 6
3 11
3 9
3 5
4 6
4 12
4 11
5 8
5 12
5 7
6 10
6 9
7 9
7 10
10 12

# Embedding 443 (with cost 9.97018e-15)
(0.502298, -0.299193, -0.282753) (0.105342, -0.442096, -0.24104) (0.0407264, -0.566492, 0.0532757) (0.778044, 0.0941083, -0.0880411) (0.512067, 0.0492155, -0.356953) (-0.169225, -0.162084, -0.280518) (0.0932972, -0.439302, 0.408542) (0.577306, -0.0909176, 0.381015) (0.483219, 0.286398, 0.330368) (-0.172212, 0.404167, -0.0584309) (-0.038915, 0.195741, -0.352536) (-0.0517606, 0.0586591, 0.468886) (0.232741, 0.0791966, 0.602775) (0.0833001, 0.403633, 0.292118) 


# Original Graph 444 in [425, 450)
14 vertices
0 1
0 2
0 3
0 4
1 5
1 6
2 7
2 3
3 7
3 6
3 8
4 9
4 10
4 5
5 11
5 8
5 6
6 7
8 12
8 9
9 12
10 12
10 13
11 13
11 12
12 13

# Unit Distance Graph 444
14 vertices
0 5
0 8
0 12
0 11
1 8
1 9
1 12
2 11
2 12
2 13
3 4
3 5
3 11
3 13
3 10
4 8
4 5
4 6
5 9
5 8
6 10
6 12
6 9
7 10
7 13
7 12

# Embedding 444 (with cost 9.84847e-15)
(0.672284, -0.257901, -0.604427) (0.502507, 0.194863, -0.0448208) (0.513082, -0.441542, -0.17977) (0.0511631, -0.551716, -0.0594372) (0.513646, -0.110346, -0.828399) (0.217962, 0.434146, -0.0434791) (0.363874, 0.0165159, 0.152149) (0.381247, -0.355187, 0.0641195) (-0.256066, -0.417113, -0.268544) (-0.127221, -0.261628, -0.673358) (0.232245, 0.0483285, -0.83864) (0.0229031, 0.425341, -0.270534) (-0.302508, -0.0351538, -0.591669) (-0.0255728, 0.308457, -0.563634) 


# Original Graph 445 in [425, 450)
14 vertices
0 1
0 2
0 3
0 4
1 4
1 2
2 5
2 6
3 6
3 7
4 7
4 8
5 9
5 7
6 7
7 10
7 11
7 8
8 12
8 13
9 13
9 12
9 10
10 11
11 12
12 13

# Unit Distance Graph 445
14 vertices
0 9
0 10
0 11
0 12
1 7
1 11
1 10
2 7
2 8
2 12
2 11
3 9
3 12
3 13
4 5
4 7
4 10
4 9
5 8
5 7
6 8
6 13
6 12
7 9
7 13
7 8

# Embedding 445 (with cost 9.9386e-15)
(0.506094, -0.760292, 0.194792) (0.603953, -0.569909, 0.414411) (0.421807, -0.378974, 0.695029) (0.203788, -0.766578, 0.200193) (0.695162, -0.489329, -0.161673) (0.35138, -0.0649481, 0.676011) (-0.00770228, -0.633628, 0.358556) (-0.289959, -0.415598, -0.00643248) (0.656125, -0.219011, -0.26388) (0.34055, 0.180461, 0.490732) (-0.160198, -0.0253387, 0.0686994) (0.0566334, 0.0769735, -0.116611) (0.329615, 0.165902, -0.138404) (0.508104, 0.179434, 0.0886037) 


# Original Graph 446 in [425, 450)
14 vertices
0 1
0 2
0 3
0 4
1 4
1 5
2 6
2 7
2 8
2 9
2 10
3 11
3 4
5 11
5 6
6 7
7 9
7 12
7 8
8 12
8 13
8 9
9 13
9 10
10 11
12 13

# Unit Distance Graph 446
14 vertices
0 7
0 12
0 13
0 9
1 8
1 9
1 13
2 5
2 6
2 7
2 9
2 10
2 11
3 7
3 8
3 12
4 8
4 13
4 12
5 9
5 8
6 10
6 9
7 11
7 10
8 11

# Embedding 446 (with cost 8.27189e-15)
(-0.32957, 0.463424, -0.101372) (0.104946, 0.75842, -0.276042) (-0.497106, 0.236258, -0.271759) (0.169997, 0.44275, 0.0792188) (-0.0313015, 0.611494, -0.0431057) (0.317768, 0.776834, -0.480946) (0.267719, 0.667461, -0.750411) (0.246127, 0.411646, -0.917394) (-0.0351628, -0.129039, -0.715115) (0.404865, -0.195469, -0.264054) (0.443159, -0.00189991, -0.0284853) (0.446601, 0.289668, 0.0546821) (0.20575, 0.0638231, -0.845517) (0.274049, -0.182877, -0.568212) 


# Original Graph 447 in [425, 450)
14 vertices
0 1
0 2
0 3
1 4
1 5
1 2
2 6
3 6
3 7
3 8
4 9
4 10
4 5
5 11
5 12
5 8
5 7
5 6
6 7
8 13
9 13
9 10
10 11
11 13
11 12
12 13

# Unit Distance Graph 447
14 vertices
0 5
0 12
0 11
1 5
1 8
1 13
1 12
2 11
2 12
2 13
3 4
3 5
3 11
3 10
4 8
4 5
4 7
5 9
5 13
5 8
6 9
6 10
6 11
6 13
7 10
7 9

# Embedding 447 (with cost 9.80028e-15)
(0.292813, -0.157338, 0.379174) (0.413841, 0.0665773, 0.248965) (0.304887, -0.360425, 0.182674) (-0.363916, -0.386655, 0.438799) (0.298456, 0.311625, 0.167379) (-0.118152, -0.278144, -0.524438) (0.149248, -0.551059, 0.0432266) (-0.118229, -0.571922, -0.0464418) (-0.546956, -0.181022, 0.373724) (-0.132227, 0.392627, 0.217094) (-0.0452196, 0.425403, -0.0500711) (-0.291658, 0.2752, -0.307342) (-0.492034, 0.130183, -0.169776) (-0.585459, 0.0838614, 0.282145) 


# Original Graph 448 in [425, 450)
14 vertices
0 1
0 2
0 3
1 4
1 5
2 6
2 3
3 4
4 7
5 7
5 8
5 9
5 10
6 10
6 7
7 8
8 11
8 12
8 13
8 9
9 13
9 12
9 11
10 11
11 12
12 13

# Unit Distance Graph 448
14 vertices
0 8
0 13
0 12
1 8
1 12
1 11
2 8
2 9
2 13
3 9
3 12
3 13
4 9
4 11
4 12
5 6
5 7
5 8
5 11
5 10
6 9
6 8
7 10
7 11
7 9
8 10

# Embedding 448 (with cost 8.22864e-15)
(-0.0493425, -0.427822, -0.347376) (-0.269986, -0.52982, -0.190777) (0.227549, -0.170084, -0.370536) (-0.0152967, -0.223134, -0.543258) (-0.24364, -0.0695846, -0.649935) (-0.429763, -0.515711, 0.0562186) (0.351677, 0.0407122, -0.226173) (-0.383451, 0.192212, -0.648551) (-0.572624, 0.420372, -0.265248) (-0.482329, -0.0339503, 0.320507) (0.332404, 0.131605, 0.0470627) (0.135469, 0.296617, 0.199872) (-0.181456, 0.363866, 0.249094) (-0.452129, 0.329705, 0.166352) 


# Original Graph 449 in [425, 450)
14 vertices
0 1
0 2
0 3
0 4
1 4
1 5
1 2
2 5
2 6
2 7
2 8
3 9
3 4
5 9
5 6
6 10
6 11
6 7
7 11
7 12
7 13
8 13
8 9
10 13
10 12
11 12

# Unit Distance Graph 449
14 vertices
0 6
0 11
0 12
0 10
1 7
1 13
1 10
1 12
2 5
2 6
2 10
2 13
2 8
2 9
3 6
3 7
3 11
4 7
4 12
4 11
5 8
5 13
5 7
6 9
6 8
7 9

# WARNING!!: failed to find good embedding for graph 449!!!
