# Original Graph 1 in [1, 2)
12 vertices
0 1
0 2
0 3
0 4
0 5
1 5
1 6
1 7
2 8
2 3
3 8
3 4
4 9
4 10
4 6
4 5
6 10
7 10
7 11
8 11
8 9
9 11

# Unit Distance Graph
12 vertices
0 4
0 10
0 7
0 11
0 9
1 3
1 4
1 9
1 8
2 4
2 6
2 10
3 7
3 10
3 6
4 8
4 11
4 7
5 8
5 9
5 11
6 8

# Embedding (with cost 9.94351e-15)
(-0.579899, -0.125591, -0.326856) (0.0153491, 0.209639, -0.772993) (-0.366997, 0.120941, 0.108056) (-0.467676, -0.135975, 0.0315182) (0.317869, -0.544141, -0.189642) (-0.179747, -0.321708, -0.599312) (0.254306, -0.0546175, -0.655594) (0.245991, 0.436407, -0.372287) (-0.126004, 0.254913, 0.215931) (0.236505, 0.115859, 0.197726) (0.411945, -0.17999, -0.442115) (0.205424, 0.44389, -0.0840416) 
