# Original Graph 150 in [150, 200)
14 vertices
0 1
0 2
0 3
0 4
0 5
0 6
1 7
1 8
1 4
1 3
1 2
2 3
3 4
4 8
4 9
4 5
5 6
6 10
7 11
7 8
9 12
9 13
10 13
10 11
11 12
12 13

# Unit Distance Graph
14 vertices
0 4
0 9
0 12
0 11
0 7
0 8
1 4
1 5
1 6
1 10
1 13
1 9
2 9
2 13
2 12
3 10
3 11
3 12
3 13
4 7
4 11
4 10
4 6
5 8
5 7
6 8

# Embedding (with cost 8.55198e-15)
(0.778905, -0.370899, -0.0266557) (0.103338, -0.0867812, -0.528684) (0.457737, -0.434256, -0.2669) (0.24285, -0.485253, -0.0898585) (-0.0522385, -0.100175, 0.459049) (0.719887, -0.161924, 0.255039) (0.860979, 0.0911219, 0.0992739) (0.160201, 0.302503, -0.431299) (-0.040371, 0.113662, -0.33323) (0.068627, 0.155256, 0.440962) (0.756913, 0.354184, 0.0864497) (0.334803, 0.498828, -0.241946) (0.300426, 0.504749, 0.0389149) (0.484203, 0.427503, 0.239727) 
# Original Graph 151 in [150, 200)
14 vertices
0 1
0 2
0 3
0 4
0 5
1 6
1 7
1 8
1 9
2 9
2 3
3 9
3 8
4 8
4 5
5 10
6 10
6 11
6 7
7 8
8 12
10 12
10 13
11 13
11 12
12 13

# Unit Distance Graph
14 vertices
0 6
0 7
0 8
0 12
0 11
1 4
1 5
1 10
1 12
1 8
2 11
2 12
2 13
3 6
3 11
3 13
3 10
4 7
4 6
5 8
5 7
6 8
8 10
9 10
9 13
9 12

# Embedding (with cost 9.38834e-15)
(-0.437781, 0.0913849, 0.222991) (-0.464818, -0.414174, -0.543049) (-0.363798, -0.296292, 0.0925752) (-0.0368771, -0.324397, 0.104366) (-0.192924, 0.232291, 0.169802) (-0.401768, 0.392964, 0.0439381) (-0.418113, -0.0244139, -0.770087) (-0.261466, -0.267715, -0.693503) (0.429695, -0.0827817, -0.243006) (-0.400473, -0.452853, -0.220751) (-0.348589, 0.543958, -0.281374) (-0.1234, 0.243751, -0.713999) (0.291447, 0.232925, -0.446482) (-0.112151, 0.459212, -0.512311) 
# Original Graph 152 in [150, 200)
14 vertices
0 1
0 2
0 3
0 4
0 5
0 6
1 6
1 7
1 8
2 9
2 3
3 9
3 4
4 10
4 11
4 7
4 5
5 6
7 11
8 11
8 12
9 12
9 13
9 10
10 13
12 13

# Unit Distance Graph
14 vertices
0 4
0 11
0 8
0 12
0 13
0 10
1 3
1 4
1 10
1 9
2 4
2 7
2 11
3 8
3 11
3 7
4 9
4 12
4 8
5 9
5 13
5 12
6 9
6 10
6 13
7 9

# Embedding (with cost 8.42021e-15)
(0.195208, -0.188019, -0.658601) (-0.52787, -0.36306, -0.448282) (0.313037, -0.200786, -0.401492) (0.385587, -0.0819238, -0.154073) (-0.284809, 0.585271, -0.244347) (-0.195245, 0.219002, -0.645459) (-0.351359, -0.239672, -0.635867) (-0.50926, 0.351058, -0.262585) (-0.570527, -0.35017, -0.0362214) (0.227363, -0.16366, 0.176108) (-0.0913473, 0.287624, 0.173054) (-0.593776, 0.118217, -0.125944) (-0.314975, -0.313904, 0.192202) (-0.0525696, -0.0657398, 0.302468) 
# Original Graph 153 in [150, 200)
14 vertices
0 1
0 2
0 3
0 4
0 5
0 6
1 6
1 7
1 8
1 9
2 10
2 11
2 12
3 12
3 4
4 12
4 5
5 11
5 7
5 6
7 13
7 8
8 13
9 13
9 10
10 11

# Unit Distance Graph
14 vertices
0 5
0 7
0 13
0 9
0 10
0 11
1 2
1 12
1 4
1 5
1 11
2 7
2 5
2 6
3 7
3 8
3 13
4 9
4 13
4 8
5 10
5 9
6 11
6 10
7 12
8 12

