# Original Graph 375 in [375, 400)
14 vertices
0 1
0 2
0 3
0 4
0 5
1 5
1 6
1 7
2 8
2 3
3 9
3 10
4 10
4 6
4 5
6 10
6 11
7 11
7 12
7 8
8 9
9 12
9 13
10 13
10 11
12 13

# Unit Distance Graph
14 vertices
0 7
0 12
0 13
0 10
0 11
1 3
1 10
1 13
1 9
2 6
2 11
2 10
3 7
3 11
3 6
4 7
4 8
4 9
4 12
5 9
5 13
5 12
6 9
6 8
7 10
8 10

# Embedding (with cost 9.41465e-15)
(-0.362049, -0.387708, -0.48313) (-0.301219, 0.374314, -0.443979) (-0.525025, -0.393139, -0.250125) (-0.380364, -0.535017, -0.0355024) (0.260924, -0.0954698, -0.310132) (-0.0827556, -0.0339187, -0.549566) (0.259137, 0.222092, -0.169008) (-0.497981, 0.455378, 0.0371853) (-0.666533, -0.0765033, 0.0633171) (-0.480554, -0.203769, 0.352048) (0.326627, -0.0922587, 0.179014) (0.0916307, 0.344518, 0.0248262) (-0.435945, 0.124665, 0.372448) (-0.177431, -0.065709, 0.445435) 
# Original Graph 376 in [375, 400)
14 vertices
0 1
0 2
0 3
0 4
0 5
1 5
1 6
1 7
2 8
2 9
3 9
3 10
4 10
4 11
4 5
6 11
6 10
6 7
7 12
7 8
8 9
9 12
9 13
10 13
10 11
12 13

# Unit Distance Graph
14 vertices
0 6
0 7
0 12
0 13
0 10
1 3
1 10
1 13
1 9
2 6
2 10
2 11
3 7
3 6
4 7
4 8
4 9
4 12
5 9
5 13
5 12
6 9
7 10
8 11
8 10
9 11

# Embedding (with cost 9.15215e-15)
(-0.470359, -0.149936, -0.57101) (0.218121, 0.157772, -0.596623) (-0.561537, 0.134628, -0.391925) (-0.49963, -0.11563, 0.0437548) (0.0405036, -0.463784, -0.237126) (-0.0445451, -0.333679, -0.533997) (0.42613, 0.139364, -0.235433) (0.20499, 0.522133, -0.267322) (-0.437557, 0.414515, -0.230187) (-0.509826, 0.31206, 0.0714242) (0.0431469, -0.303464, 0.27323) (0.322463, -0.219305, -0.0865175) (0.0167346, 0.506025, 0.00557957) (-0.161283, 0.158547, 0.328607) 
# Original Graph 377 in [375, 400)
14 vertices
0 1
0 2
0 3
0 4
1 4
1 5
2 6
2 7
2 8
3 8
3 9
3 4
4 5
5 9
5 10
6 10
6 7
7 11
7 12
8 12
8 13
8 10
8 9
10 11
11 13
12 13

# Unit Distance Graph
14 vertices
0 8
0 10
0 11
0 13
1 8
1 13
1 12
2 5
2 10
2 8
2 9
3 6
3 7
3 11
3 10
4 7
4 12
4 13
4 11
5 8
5 12
5 7
6 9
6 8
7 9
8 10

# Embedding (with cost 9.87867e-15)
(0.0340308, -0.602903, -0.175892) (-0.532277, -0.528516, -0.348086) (0.277134, -0.460001, -0.390401) (-0.317858, -0.215814, 0.127917) (-0.379927, -0.542704, -0.0952254) (-0.708407, -0.354633, -0.523091) (0.00794605, -0.270815, -0.815919) (0.211652, -0.00155768, -0.692883) (-0.18486, 0.367122, -0.0703568) (-0.524409, 0.00621958, -0.0160122) (-0.560353, -0.149331, -0.839955) (-0.197074, 0.146603, -0.796239) (0.11403, 0.214223, -0.523089) (-0.0867683, 0.365603, -0.393613) 
# Original Graph 378 in [375, 400)
14 vertices
0 1
0 2
0 3
0 4
1 5
1 6
1 7
2 8
2 3
3 4
4 9
5 9
5 7
5 10
5 11
5 6
6 11
7 11
7 12
7 13
8 13
8 9
9 13
10 12
10 11
11 12

# Unit Distance Graph
14 vertices
0 5
0 10
0 12
0 7
1 5
1 7
1 13
1 9
2 5
2 11
2 10
3 10
3 11
3 12
4 7
4 12
4 11
5 8
5 13
5 7
6 8
6 9
6 13
7 9
8 11
9 11

# WARNING: failed to find good embedding
# Embedding (with cost 0.0897258)
(-0.175765, -0.124423, -0.497748) (-0.272164, -0.578688, -0.124038) (-0.433386, 0.21089, -0.349124) (-0.15925, 0.140241, -0.395765) (0.126022, 0.237971, -0.0639459) (0.209727, 0.0716797, 0.403884) (-0.184311, -0.419056, -0.34037) (-0.792171, 0.0314137, 0.274109) (-0.617415, 0.332496, -0.100676) (0.167959, 0.2867, 0.224938) (-0.285151, -0.339054, 0.472811) (-0.370815, -0.552977, 0.293206) (-0.583885, -0.292263, 0.399619) (-0.726875, 0.279339, 0.154653) 
# Original Graph 379 in [375, 400)
14 vertices
0 1
0 2
0 3
0 4
1 5
1 6
2 6
2 7
2 3
3 7
3 4
4 7
5 8
5 9
5 6
6 10
6 11
6 8
6 12
7 12
8 12
8 13
9 13
9 10
10 11
11 13

# Unit Distance Graph
14 vertices
0 6
0 8
0 13
0 11
1 6
1 12
1 8
2 5
2 9
2 13
2 8
3 9
3 10
3 11
3 13
4 6
4 11
4 10
5 7
5 12
5 6
6 8
6 12
6 7
7 10
7 9

# WARNING: failed to find good embedding
# Embedding (with cost 7.54069e-07)
(0.211679, 0.429937, -0.0866605) (-0.0260942, 0.378117, 0.0574871) (0.33373, 0.205433, -0.548278) (0.452627, 0.306965, -0.312577) (0.577962, 0.121582, -0.13959) (-0.248623, 0.0669747, 0.252751) (-0.159552, -0.284991, -0.679043) (0.655464, -0.149393, -0.115798) (0.38118, -0.53265, 0.124857) (-0.318048, -0.168204, 0.111786) (-0.334843, -0.286252, -0.144695) (-0.229378, -0.422006, -0.369302) (0.586472, -0.408091, -0.0246105) (0.106176, -0.553241, 0.0620172) 
# Original Graph 380 in [375, 400)
14 vertices
0 1
0 2
0 3
0 4
1 4
1 5
2 6
2 7
3 8
3 4
4 5
5 8
5 7
5 9
6 9
6 10
7 11
7 12
7 9
7 8
9 13
9 10
10 13
10 11
11 12
12 13

# Unit Distance Graph
14 vertices
0 7
0 9
0 13
0 12
1 7
1 12
1 11
2 5
2 9
2 7
3 9
3 10
3 13
4 10
4 11
4 12
4 13
5 7
5 11
5 10
5 6
6 7
6 8
7 9
8 10
8 9

# Embedding (with cost 9.62306e-15)
(0.43419, 0.248644, 0.704719) (-0.10133, 0.360363, 0.74247) (0.521455, -0.121966, 0.562689) (0.290345, 0.53477, 0.363976) (0.166799, 0.445095, 0.71199) (-0.379181, 0.305256, 0.642288) (0.342816, -0.363466, 0.464716) (0.0994167, 0.30744, -0.235743) (0.170171, 0.517045, 0.0232475) (-0.474424, -0.0999475, 0.474709) (0.157615, -0.451927, 0.270099) (0.133818, -0.19787, -0.053195) (0.0452769, 0.032773, -0.190907) (-0.200991, -0.316069, 0.1778) 
# Original Graph 381 in [375, 400)
14 vertices
0 1
0 2
0 3
0 4
1 5
1 6
1 2
2 3
3 6
4 7
4 8
5 8
5 9
5 10
5 11
5 12
6 12
6 11
7 11
7 9
7 8
9 13
9 10
10 13
11 13
11 12

# Unit Distance Graph
14 vertices
0 5
0 11
0 13
0 10
1 7
1 9
1 13
1 11
2 9
2 10
2 13
3 5
3 10
3 9
4 5
4 12
4 11
5 7
5 11
5 6
6 9
6 7
6 8
7 12
8 11
8 12

# Embedding (with cost 9.29376e-15)
(-0.132007, 0.419387, -0.0194501) (0.338063, 0.485868, -0.0963713) (0.123253, 0.413205, 0.104902) (0.133265, 0.133035, 0.307744) (-0.272852, 0.265282, -0.213733) (0.655857, 0.0968276, -0.54407) (0.281532, -0.138192, 0.352951) (-0.296876, -0.195344, -0.460792) (-0.234766, 0.0832945, -0.474321) (-0.058051, -0.298402, -0.57388) (0.283785, -0.293571, -0.58408) (0.273387, -0.471778, 0.184219) (0.563783, -0.215916, 0.0479745) (0.179661, -0.460303, -0.378629) 
# Original Graph 382 in [375, 400)
14 vertices
0 1
0 2
0 3
1 4
1 5
1 6
2 7
2 8
3 8
3 9
4 9
4 10
4 11
4 12
4 5
5 12
5 13
6 13
6 11
7 11
7 10
8 10
9 10
11 13
11 12
12 13

# Unit Distance Graph
14 vertices
0 4
0 12
0 11
1 4
1 11
1 7
1 10
2 4
2 5
2 12
3 11
3 12
3 13
4 7
4 11
4 6
5 8
5 10
5 7
6 10
6 9
8 13
8 12
9 11
9 13
10 13

# Embedding (with cost 9.00345e-15)
(-0.256262, 0.416387, -0.665627) (0.0305249, 0.319381, -0.793247) (-0.220611, 0.763624, -0.115671) (-0.44189, 0.274056, -0.28411) (0.0604596, -0.177072, 0.0743008) (0.402175, 0.117446, -0.556795) (0.29495, 0.480456, -0.641709) (0.0708957, 0.822863, 0.0698151) (-0.391901, 0.481786, -0.0702786) (-0.266821, -0.0012283, 0.0308925) (-0.273992, 0.292402, 0.158878) (0.363758, 0.774895, 0.0322604) (0.532579, 0.106108, -0.135102) (0.544096, 0.384984, -0.408713) 
# Original Graph 383 in [375, 400)
14 vertices
0 1
0 2
0 3
1 4
1 5
1 6
2 6
2 7
3 8
3 9
4 9
4 10
4 11
4 12
4 5
5 12
5 7
5 6
7 12
8 12
8 13
9 10
10 13
10 11
11 13
11 12

# Unit Distance Graph
14 vertices
0 4
0 12
0 11
1 8
1 13
1 11
1 12
2 4
2 11
2 10
3 4
3 5
3 12
4 8
4 12
4 7
5 9
5 10
5 13
5 8
6 10
6 11
6 13
7 10
7 9
9 12

# Embedding (with cost 8.84703e-15)
(-0.0554871, -0.240008, 0.0339373) (0.030664, 0.425841, 0.248733) (-0.219266, 0.0397307, -0.149717) (0.19032, -0.38083, -0.0148235) (0.579498, 0.507608, 0.228524) (-0.0373536, 0.584872, -0.139658) (-0.167024, 0.350854, -0.0211502) (-0.0341965, 0.310652, -0.536059) (0.396849, -0.292837, -0.342376) (0.551627, -0.185405, 0.10483) (0.77286, 0.00943405, -0.0281928) (0.735092, 0.175849, -0.415559) (0.290595, 0.328997, -0.712025) (0.686525, -0.0842754, -0.307708) 
# Original Graph 384 in [375, 400)
14 vertices
0 1
0 2
0 3
1 4
1 5
1 6
2 7
2 8
2 9
3 10
3 11
3 4
4 11
5 11
5 6
6 10
6 12
6 7
7 13
8 13
8 12
8 9
9 10
10 12
10 11
12 13

# Unit Distance Graph
14 vertices
0 6
0 12
0 10
1 8
1 9
1 10
1 12
2 5
2 6
2 10
2 11
3 6
3 7
3 13
3 12
4 8
4 12
4 13
5 9
5 8
6 10
6 9
7 11
7 10
8 11
11 13

# Embedding (with cost 8.77553e-15)
(0.205658, -0.264778, 0.63802) (-0.232414, 0.187915, 0.974615) (0.0956359, -0.521613, 0.589885) (0.119636, 0.169962, 0.52491) (-0.107931, 0.310644, 0.751441) (-0.514695, 0.168771, 0.978299) (-0.703309, -0.103974, 1.02262) (-0.550342, -0.455137, 0.925386) (-0.3316, -0.565689, 0.324812) (-0.353162, -0.290116, 0.104612) (-0.54753, 0.0131193, 0.0417975) (-0.256902, 0.411748, 0.522392) (-0.71615, -0.306842, 0.252663) (-0.595169, -0.529248, 0.512319) 
# Original Graph 385 in [375, 400)
14 vertices
0 1
0 2
0 3
1 4
1 5
2 6
2 7
2 8
3 8
3 7
3 9
4 9
4 10
4 5
5 11
5 6
6 12
6 9
6 13
7 13
7 8
9 13
9 12
10 12
10 11
11 12

# Unit Distance Graph
14 vertices
0 6
0 9
0 12
1 6
1 13
1 9
2 4
2 10
2 12
2 9
3 5
3 6
3 12
3 11
4 7
4 13
4 6
5 9
5 13
5 7
6 9
7 11
7 10
8 10
8 11
8 12

# Embedding (with cost 9.99782e-15)
(-0.355348, -0.0398578, -0.241581) (-0.168234, -0.163874, -0.413651) (-0.410015, -0.00904102, 0.0342125) (-0.16647, 0.443404, 0.079342) (0.494605, 0.225238, -0.321844) (0.182472, -0.392245, -0.34484) (0.282631, -0.36703, 0.455514) (-0.186269, 0.154207, 0.407104) (-0.322542, 0.223626, 0.169174) (0.444872, 0.508695, 0.000779608) (0.551199, -0.0394944, -0.239905) (0.427334, -0.293752, -0.243145) (0.559206, -0.244054, 0.107554) (0.0320649, 0.0387092, 0.544911) 
# Original Graph 386 in [375, 400)
14 vertices
0 1
0 2
0 3
0 4
1 5
1 6
1 7
2 8
2 9
2 10
3 11
3 4
4 5
5 11
5 6
6 7
7 11
7 12
7 8
8 12
8 13
9 13
9 10
10 11
11 13
12 13

# Unit Distance Graph
14 vertices
0 7
0 12
0 13
0 11
1 9
1 10
1 11
1 13
2 5
2 6
2 7
2 11
3 7
3 8
3 12
4 8
4 13
4 12
5 9
5 13
5 8
6 10
6 9
7 11
7 10
8 11

# Embedding (with cost 8.00966e-15)
(-0.537886, 0.0446482, 0.519611) (-0.773437, -0.218439, -0.0613369) (-0.19794, 0.258512, 0.424684) (-0.371408, -0.457767, 0.484134) (-0.625373, -0.427257, 0.363425) (-0.675698, -0.556141, 0.0959164) (-0.63232, -0.277415, -0.299261) (-0.447106, -0.13616, -0.459709) (-0.117715, 0.214873, -0.210989) (0.149185, -0.0176647, 0.267994) (0.142747, -0.292996, 0.332424) (0.0766231, -0.676224, 0.199107) (-0.0732793, -0.0190759, -0.36361) (0.224576, -0.163895, -0.0928937) 
# Original Graph 387 in [375, 400)
14 vertices
0 1
0 2
0 3
1 4
1 5
1 6
2 7
2 8
3 9
3 10
4 10
4 5
5 10
5 9
5 6
6 9
6 11
6 7
7 11
7 12
8 13
8 9
9 11
11 13
11 12
12 13

# Unit Distance Graph
14 vertices
0 6
0 11
0 9
1 8
1 9
1 11
1 13
2 5
2 6
2 9
3 6
3 7
3 11
4 11
4 12
4 13
5 8
5 13
5 12
5 7
6 9
6 8
7 10
7 9
10 12
10 11

# Embedding (with cost 8.59146e-15)
(-0.369625, -0.328259, -0.134045) (-0.480965, -0.133749, 0.160838) (-0.169767, -0.548744, -0.149158) (0.153189, 0.291352, -0.00760472) (-0.327075, 0.150861, 0.288636) (-0.218582, 0.162315, 0.552278) (-0.0165032, -0.273531, 0.79993) (0.0169794, -0.694201, 0.0930495) (0.493769, -0.188064, -0.0558254) (0.454579, 0.204303, 0.0584746) (-0.0728978, 0.298221, 0.176839) (0.36417, -0.536129, 0.512743) (0.291876, -0.631764, 0.222321) (0.474594, -0.427684, 0.138264) 
# Original Graph 388 in [375, 400)
14 vertices
0 1
0 2
0 3
0 4
1 5
1 6
2 7
2 3
3 7
3 8
3 9
4 9
4 10
5 10
5 11
6 12
6 8
6 13
7 13
7 8
8 13
8 9
9 12
9 11
9 10
11 12

# Unit Distance Graph
14 vertices
0 6
0 8
0 9
0 12
1 3
1 9
1 8
2 9
2 11
2 12
3 6
3 12
3 11
3 5
4 6
4 13
4 8
5 8
5 7
6 9
7 11
7 9
7 10
8 10
9 13
10 13

# Embedding (with cost 7.91128e-15)
(-0.224495, -0.487301, -0.534862) (0.0586451, -0.0877906, -0.682448) (-0.464241, -0.388471, -0.413292) (-0.461073, -0.314557, 0.141245) (0.112476, -0.449289, -0.271329) (0.327055, -0.0309923, -0.405057) (-0.188789, 0.498836, -0.372812) (-0.656484, -0.00555457, -0.226157) (-0.505238, 0.261031, 0.066123) (0.178314, -0.133577, 0.309309) (0.31613, -0.237491, -0.211059) (0.323203, 0.194569, -0.213301) (0.121178, 0.403522, -0.239998) (-0.496562, 0.343652, -0.253536) 
# Original Graph 389 in [375, 400)
14 vertices
0 1
0 2
0 3
0 4
0 5
1 5
1 6
1 7
1 8
2 9
2 3
3 9
3 10
4 11
4 12
5 12
5 13
6 13
6 11
7 10
7 9
7 8
8 9
10 11
11 13
11 12

# Unit Distance Graph
14 vertices
0 1
0 7
0 10
0 11
0 6
1 4
1 11
1 10
1 3
2 6
2 11
2 13
3 6
3 13
3 5
4 8
4 7
5 10
5 7
5 9
7 12
8 12
8 11
9 13
9 11
9 12

# Embedding (with cost 9.16561e-15)
(0.587625, -0.052828, 0.278698) (-0.28909, -0.00882607, -0.200297) (0.528185, -0.298134, 0.150394) (0.416096, -0.511848, 0.299385) (0.343071, 0.0415124, 0.572904) (-0.0299027, 0.383011, 0.281684) (-0.405119, 0.0535967, 0.222709) (-0.234644, -0.56071, 0.021928) (-0.116335, -0.359711, -0.21954) (0.151354, -0.518997, -0.110143) (-0.209399, -0.529243, 0.649889) (-0.259441, -0.265702, 0.765693) (0.0927062, 0.200123, 0.582264) (-0.301579, 0.165492, 0.461107) 
# Original Graph 390 in [375, 400)
14 vertices
0 1
0 2
0 3
0 4
0 5
1 6
1 7
1 8
1 2
2 8
3 9
3 7
3 10
3 4
4 11
5 11
5 12
6 12
6 7
7 9
8 9
10 12
10 13
11 13
11 12
12 13

# Unit Distance Graph
14 vertices
0 3
0 10
0 12
0 6
0 7
1 3
1 4
1 11
1 13
1 10
2 10
2 13
2 12
3 6
3 12
3 5
4 7
4 6
5 7
5 9
7 11
8 11
8 12
8 13
9 12
9 11

# Embedding (with cost 8.94005e-15)
(0.616527, 0.136723, -0.312477) (-0.101923, 0.284504, -0.0475058) (0.332658, 0.0620172, -0.181702) (0.608994, 0.463312, 0.632659) (0.881096, 0.458536, 0.0106854) (0.592139, 0.679436, -0.343561) (-0.0472036, 0.828379, -0.0277429) (-0.0474584, 0.419331, 0.379806) (0.119266, 0.0883277, 0.0722152) (0.17629, 0.232186, 0.448295) (0.605836, 0.798482, 0.437163) (0.693034, 0.888797, -0.101102) (0.288028, 1.05803, -0.104425) (0.605077, 0.956616, 0.172531) 
# Original Graph 391 in [375, 400)
14 vertices
0 1
0 2
0 3
0 4
0 5
1 5
1 6
1 7
1 8
2 9
2 10
3 10
3 11
4 12
4 5
5 12
5 13
5 6
6 13
6 12
7 11
7 8
8 9
9 10
11 12
12 13

# Unit Distance Graph
14 vertices
0 1
0 7
0 11
0 12
0 6
1 4
1 12
1 11
1 3
2 6
2 12
2 13
3 6
3 5
4 8
4 7
5 11
5 7
5 8
5 9
5 10
6 10
8 12
9 13
9 12
10 13

# Embedding (with cost 7.59248e-15)
(0.275273, 0.755799, -0.396361) (0.28458, 0.0317876, 0.293364) (0.514266, 0.521507, -0.420126) (0.334869, 0.0657715, -0.704792) (-0.108976, 0.649878, -0.387135) (-0.260171, 0.595679, -0.100537) (-0.127453, 0.0461124, 0.181702) (0.339605, -0.204153, -0.123685) (0.542349, 0.0122386, 0.024195) (0.636747, 0.1769, -0.242527) (0.544294, 0.199416, -0.543042) (0.0407359, -0.181926, -0.65261) (-0.296674, -0.0557739, -0.515633) (-0.353069, 0.135051, -0.10647) 
# Original Graph 392 in [375, 400)
14 vertices
0 1
0 2
0 3
0 4
1 5
1 6
1 2
2 6
2 7
2 5
2 3
3 5
3 8
3 9
4 10
4 11
5 11
5 7
6 7
8 11
8 12
9 12
9 13
9 10
10 13
12 13

# Unit Distance Graph
14 vertices
0 3
0 8
0 11
0 5
1 3
1 9
1 12
1 8
2 4
2 11
2 8
2 12
2 13
2 10
3 5
3 11
3 4
4 5
5 10
5 9
6 9
6 13
6 12
7 9
7 10
7 13

# Embedding (with cost 9.98218e-15)
(0.0138459, 0.520809, -0.249712) (-0.241892, 0.480229, -0.416012) (-0.548607, -0.0375004, -0.425737) (-0.343872, -0.290033, 0.213509) (0.0529042, 0.611381, 0.0402423) (-0.940321, 0.495471, 0.0484877) (-0.568726, 0.261538, -0.44835) (-0.827648, 0.332359, -0.247893) (-0.627895, 0.341964, 0.496065) (-0.199778, -0.0626969, 0.422712) (0.0350411, 0.409967, 0.251853) (-0.813236, 0.587863, 0.308355) (-0.384432, 0.197049, 0.532403) (-0.112367, 0.208355, 0.439855) 
# Original Graph 393 in [375, 400)
14 vertices
0 1
0 2
0 3
0 4
0 5
1 5
1 6
1 7
2 7
2 8
2 3
3 8
4 9
4 10
5 10
5 11
5 6
6 11
6 12
6 7
7 13
8 9
9 13
10 13
10 12
11 12

# Unit Distance Graph
14 vertices
0 6
0 7
0 13
0 10
0 12
1 4
1 10
1 13
1 9
2 5
2 11
2 12
2 10
3 6
3 12
3 11
4 7
4 6
5 8
5 9
5 13
5 7
6 9
6 8
7 10
8 11

# Embedding (with cost 9.7394e-15)
(0.18111, 0.157814, 0.239706) (0.655095, -0.342662, 0.143065) (0.586287, 0.353086, -0.103443) (0.312279, 0.340897, 0.0106326) (0.0200495, -0.0133137, -0.555682) (0.111918, -0.493889, 0.136573) (0.79508, -0.515544, -0.172156) (0.96616, -0.181175, -0.278737) (0.324355, 0.3458, -0.363221) (0.221466, 0.194658, -0.580297) (0.0416387, -0.287507, -0.644736) (0.435002, -0.632007, -0.185314) (0.314067, -0.538318, -0.465789) (0.287785, -0.036894, -0.735337) 
# Original Graph 394 in [375, 400)
14 vertices
0 1
0 2
0 3
1 4
1 5
2 6
2 7
3 8
3 9
4 10
4 11
5 11
5 12
5 6
6 12
7 12
7 8
8 12
8 13
9 13
9 10
10 13
10 11
11 13
11 12
12 13

# Unit Distance Graph
14 vertices
0 11
0 12
0 13
1 8
1 13
1 12
2 10
2 11
2 13
3 5
3 12
3 11
4 7
4 8
4 12
5 9
5 13
5 8
6 9
6 10
6 13
7 11
7 10
8 11
9 12
10 12

# Embedding (with cost 9.66061e-15)
(0.160216, 0.0235709, 0.225104) (0.512543, 0.287158, 0.251379) (-0.112893, 0.120199, 0.511408) (-0.145846, 0.18015, -0.111548) (0.510199, 0.49929, 0.0374387) (0.307799, 0.571951, 0.688888) (0.0698612, 0.413812, 0.721466) (-0.401178, 0.267659, 0.377644) (-0.475515, 0.346999, 0.109391) (0.051, 0.498385, -0.274773) (0.293766, 0.668631, -0.219243) (0.248923, 1.01889, 0.263521) (-0.220086, 0.861445, 0.616687) (-0.191272, 0.895855, -0.114862) 
# Original Graph 395 in [375, 400)
14 vertices
0 1
0 2
0 3
0 4
1 5
1 6
1 7
2 8
2 9
3 10
3 4
4 11
4 5
5 11
5 6
6 11
6 12
6 7
7 12
7 8
8 13
9 13
9 10
10 11
11 13
12 13

# Unit Distance Graph
14 vertices
0 6
0 12
0 13
0 11
1 9
1 10
1 11
1 13
2 5
2 6
2 11
3 6
3 7
3 12
4 7
4 8
4 13
4 12
5 9
5 13
5 8
6 10
6 9
7 11
7 10
8 11

# Embedding (with cost 7.77233e-15)
(-0.846998, 0.0860045, 0.0696284) (-0.813931, 0.697369, 0.306142) (-0.50684, 0.294544, -0.195396) (-0.586062, -0.121695, 0.203585) (-0.674127, -0.00294897, 0.559718) (-0.575654, 0.345485, 0.800932) (-0.412028, 0.728435, 0.700567) (-0.465144, 0.866793, 0.112643) (-0.357594, 0.653356, -0.12517) (-0.0499721, 0.143859, -0.0255093) (-0.228411, -0.102731, 0.175736) (-0.0673709, 0.155383, 0.692017) (-0.135068, 0.770541, 0.226358) (0.106904, 0.386116, 0.0712313) 
# Original Graph 396 in [375, 400)
14 vertices
0 1
0 2
0 3
0 4
1 5
1 6
1 7
2 8
2 9
3 9
3 10
3 4
4 11
5 11
5 10
5 6
6 10
6 12
7 12
7 13
7 8
8 13
9 13
10 13
10 11
12 13

# Unit Distance Graph
14 vertices
0 6
0 12
0 13
0 10
1 3
1 10
1 13
1 9
2 5
2 6
2 10
3 7
3 12
3 6
4 7
4 13
4 12
5 9
5 13
5 8
6 9
7 11
7 10
8 10
8 11
11 13

# Embedding (with cost 9.5334e-15)
(-0.193829, 0.0719895, 0.385882) (0.212907, 0.53139, 0.144017) (-0.0336475, 0.0243497, 0.636061) (0.0109716, -0.412007, 0.407123) (0.0332579, -0.25839, 0.0314945) (0.465953, 0.0112787, -0.230097) (0.723067, 0.157061, -0.00407304) (0.527264, 0.430227, 0.562309) (0.376218, 0.223231, 0.743055) (0.146982, -0.325091, 0.65597) (0.600112, -0.374679, -0.0266042) (0.257927, -0.226125, -0.142432) (0.79175, 0.207675, 0.486986) (0.731044, -0.0930758, 0.728463) 
# Original Graph 397 in [375, 400)
14 vertices
0 1
0 2
0 3
0 4
0 5
1 6
1 7
1 8
2 8
2 9
3 9
3 10
4 10
4 11
5 11
5 12
5 6
6 12
6 7
7 12
7 8
8 13
9 13
10 13
11 13
11 12

# Unit Distance Graph
14 vertices
0 7
0 8
0 13
0 11
0 12
1 4
1 11
1 13
1 10
2 5
2 12
2 11
3 6
3 7
3 12
4 8
4 7
5 9
5 13
5 8
6 10
6 13
6 9
7 10
8 11
9 12

# Embedding (with cost 9.90941e-15)
(0.24677, 0.400245, -0.413402) (0.225073, -0.291826, -0.598711) (-0.372847, -0.0379762, -0.451879) (-0.18447, 0.36773, -0.188259) (0.0267194, 0.102659, 0.298528) (0.531326, -0.0606248, -0.0253119) (0.359692, -0.458354, -0.334799) (0.0332652, -0.576448, -0.435482) (-0.268986, -0.454071, -0.477752) (-0.437495, 0.127032, -0.187089) (-0.225299, 0.189278, 0.153422) (0.143544, -0.183369, 0.392041) (0.327317, -0.421965, 0.150054) (-0.460512, -0.0861329, 0.0996179) 
# Original Graph 398 in [375, 400)
14 vertices
0 1
0 2
0 3
0 4
1 5
1 6
2 7
2 8
3 8
3 9
3 10
4 10
4 11
5 11
5 9
5 12
6 12
6 7
7 13
8 13
8 12
8 9
9 11
9 10
10 11
12 13

# Unit Distance Graph
14 vertices
0 5
0 12
0 8
0 9
1 3
1 9
1 8
2 5
2 9
2 11
3 6
3 12
3 5
4 8
4 12
4 13
5 8
6 10
6 9
7 9
7 10
7 11
8 11
10 13
10 12
11 13

# Embedding (with cost 9.47786e-15)
(0.26517, -0.597051, 0.404061) (0.376618, -0.14434, 0.719887) (-0.0257316, -0.51567, 0.638546) (-0.211427, -0.337244, -0.0656016) (0.323159, -0.330227, 0.142575) (0.282773, 0.402706, 0.390733) (0.112404, -0.111517, 0.853192) (-0.150607, -0.304575, 0.806572) (-0.589031, -0.0810385, 0.467865) (-0.147252, 0.182999, -0.0665033) (0.0304771, -0.04115, -0.14096) (0.273907, 0.284499, 0.118982) (-0.246152, 0.167159, 0.797168) (-0.422227, -0.0568241, 0.750563) 
# Original Graph 399 in [375, 400)
14 vertices
0 1
0 2
0 3
0 4
1 5
1 2
2 6
3 6
3 7
3 4
4 5
5 7
5 8
6 9
6 7
7 10
7 11
7 12
8 12
8 9
9 13
9 10
10 13
10 11
11 12
12 13

# Unit Distance Graph
14 vertices
0 10
0 11
0 12
0 13
1 7
1 11
1 10
2 7
2 12
2 11
3 8
3 9
3 13
3 12
4 9
4 10
4 13
5 6
5 7
5 10
5 9
6 8
6 12
6 7
7 9
7 8

# Embedding (with cost 9.73018e-15)
(-0.0704658, -0.0927315, -0.285078) (0.14476, -0.214022, 0.00749931) (-0.166502, 0.211874, -0.174155) (-0.445466, -0.417933, -0.305393) (-0.117715, -0.402284, -0.238545) (0.173385, -0.41172, 0.234826) (-0.375427, 0.376771, -0.042819) (-0.80577, -0.519695, 0.0627898) (0.0307649, -0.304178, 0.566538) (-0.435682, 0.378811, 0.298845) (-0.72555, -0.0413065, 0.468726) (-0.774653, -0.365779, 0.370335) (-0.260092, -0.313286, 0.671687) (-0.481638, -0.0549405, 0.625696) 
