# Original Graph 125 in [125, 150)
14 vertices
0 1
0 2
0 3
0 4
1 5
1 6
1 7
2 8
2 4
2 9
3 10
3 4
4 11
4 5
5 8
5 7
5 12
6 12
6 7
7 12
7 8
9 11
9 13
9 10
10 13
11 13

# Unit Distance Graph
14 vertices
0 2
0 4
0 5
0 8
1 2
1 9
1 11
1 4
2 5
2 4
3 5
3 7
3 8
4 8
4 7
5 10
5 9
6 9
6 13
6 11
7 11
7 13
7 10
9 12
10 12
12 13

# Embedding (with cost 9.94268e-15)
(-0.015702, 0.37276, 0.805162) (0.274312, 0.445824, 0.832687) (0.147708, 0.692965, -0.127986) (-0.192452, 0.246304, 0.600052) (0.361983, -0.251467, 0.121281) (0.690984, -0.0592618, 0.244848) (0.599244, 0.53562, 0.61874) (0.680316, 0.66762, 0.353539) (0.423744, 0.737155, -0.0158753) (-0.0950556, 0.456098, -0.0965394) (-0.243898, 0.286959, 0.323115) (0.106764, -0.0667288, -0.00946335) (0.745692, 0.372997, 0.438472) (-0.165467, 0.226584, 0.0533076) 
# Original Graph 126 in [125, 150)
14 vertices
0 1
0 2
0 3
0 4
1 5
1 3
1 6
2 7
2 8
3 8
3 5
3 9
3 4
4 10
4 5
5 10
5 9
6 8
6 11
7 11
7 12
8 13
9 10
11 13
11 12
12 13

# Unit Distance Graph
14 vertices
0 1
0 6
0 8
0 3
1 3
1 8
1 2
2 3
2 5
3 7
3 11
3 6
4 6
4 11
4 13
4 8
5 8
5 13
5 12
5 7
7 9
9 12
9 11
10 11
10 12
10 13

# Embedding (with cost 9.02049e-15)
(0.518931, -0.49216, -0.363716) (-0.471344, -0.625052, -0.404882) (0.446726, -0.231656, -0.453747) (-0.0538059, -0.227017, 0.411959) (0.373365, -0.714073, -0.188849) (-0.316101, -0.813667, -0.172039) (-0.430256, -0.215874, -0.514411) (0.232293, -0.058562, -0.531318) (-0.0873357, 0.0979896, 0.169355) (-0.100111, -0.702199, 0.158058) (0.0481614, -0.825445, -0.049129) (-0.234648, -0.00511163, -0.546193) (0.00506382, 0.0961507, -0.434881) (-0.103234, 0.161293, -0.10768) 
# Original Graph 127 in [125, 150)
14 vertices
0 1
0 2
0 3
0 4
0 5
1 6
1 7
1 2
2 3
3 7
3 8
3 9
3 10
4 10
4 5
5 10
5 11
6 12
6 8
6 13
7 13
8 13
9 12
9 11
10 11
11 12

# Unit Distance Graph
14 vertices
0 3
0 9
0 12
0 6
0 8
1 3
1 10
1 11
1 9
2 9
2 11
2 12
3 6
3 12
3 11
3 5
4 6
4 13
4 8
5 8
5 13
5 7
6 10
7 11
7 10
10 13

# Embedding (with cost 8.31091e-15)
(0.568243, -0.0560711, 0.0166288) (0.622861, -0.496961, -0.055304) (0.393521, -0.346963, 0.0760386) (-0.345758, -0.354078, -0.258681) (0.44691, 0.141644, -0.158671) (0.450871, 0.222714, -0.439494) (0.452659, -0.631226, -0.793209) (0.302798, -0.751867, -0.27137) (0.0304672, -0.677476, -0.553156) (0.1486, -0.191314, -0.880929) (0.00141657, 0.187101, -0.437229) (0.353716, 0.0767333, -0.82889) (0.400866, -0.351615, -0.923924) (0.301698, -0.757134, -0.572326) 
# Original Graph 128 in [125, 150)
14 vertices
0 1
0 2
0 3
0 4
0 5
1 5
1 4
1 6
2 7
2 3
3 8
3 9
3 10
3 6
3 4
4 6
4 5
6 10
7 11
7 8
8 12
9 12
9 13
10 11
11 13
12 13

# Unit Distance Graph
14 vertices
0 3
0 10
0 11
0 13
0 9
1 3
1 9
1 12
1 8
2 3
2 6
2 10
3 7
3 11
3 10
3 6
4 7
4 8
4 12
4 13
4 11
5 9
5 13
5 12
6 8
6 7

# Embedding (with cost 8.23744e-15)
(-0.295036, -0.496823, -0.293249) (0.316127, -0.490635, -0.167587) (-0.452475, -0.253016, -0.25072) (-0.180936, -0.41947, 0.697204) (0.201415, -0.706318, 0.0115465) (0.060786, -0.615661, -0.216638) (0.509716, -0.185093, 0.0130499) (-0.45216, 0.0325353, -0.152578) (-0.444392, 0.0268527, 0.224609) (-0.170738, -0.143676, 0.634025) (0.428862, 0.0814475, 0.0830151) (0.184741, 0.290067, 0.0948444) (-0.243906, 0.0874065, 0.425904) (0.0214627, 0.228294, 0.318333) 
# Original Graph 129 in [125, 150)
14 vertices
0 1
0 2
0 3
0 4
1 5
1 6
1 7
2 8
2 6
3 6
3 5
3 9
3 4
4 9
5 9
6 10
6 7
7 11
7 8
8 12
8 10
10 12
10 13
10 11
11 13
12 13

# Unit Distance Graph
14 vertices
0 6
0 7
0 11
0 10
1 2
1 6
1 10
1 8
2 7
2 6
3 7
3 8
3 12
3 13
3 11
4 10
4 11
4 13
5 8
5 10
5 12
6 8
6 7
9 10
9 13
9 12

# Embedding (with cost 7.52754e-15)
(0.212994, -0.56685, -0.578025) (0.826214, -0.0796626, -0.16186) (0.0278096, -0.338299, -0.705605) (0.232328, -0.5821, 0.0671027) (0.308389, -0.637582, -0.302145) (0.695156, -0.339551, -0.0790311) (-0.0790099, -0.109619, 0.262019) (0.705295, 0.239677, -0.250678) (0.00566011, -0.0233371, -0.730648) (0.491738, -0.550231, -0.0863992) (-0.117981, 0.242362, -0.0926065) (0.388805, 0.35714, -0.238417) (-0.0349047, 0.17731, -0.526095) (0.0800767, 0.336, -0.298836) 
# Original Graph 130 in [125, 150)
14 vertices
0 1
0 2
0 3
0 4
0 5
0 6
1 7
1 8
1 9
2 9
2 3
3 4
4 10
4 11
5 11
5 12
5 13
6 13
6 7
7 13
8 13
8 12
9 11
9 10
10 11
12 13

# Unit Distance Graph
14 vertices
0 1
0 9
0 11
0 5
0 12
0 8
1 5
1 11
1 4
2 5
2 13
2 12
3 8
3 12
3 13
4 8
4 13
4 7
5 9
6 9
6 10
6 11
7 11
7 10
9 13
10 13

# Embedding (with cost 7.76079e-15)
(0.456993, -0.162694, 0.57936) (0.0416283, -0.572819, -0.232594) (0.488364, -0.188805, -0.0497287) (0.503561, 0.0800313, 0.169391) (0.319091, 0.326718, 0.104819) (-0.389775, 0.215797, 0.205557) (0.102034, -0.349272, 0.61989) (-0.124983, -0.510547, 0.423858) (-0.368589, -0.39829, 0.0666139) (0.210163, -0.335576, -0.374153) (0.193614, 0.184267, -0.220914) (-0.129193, 0.388106, -0.0147819) (-0.473787, -0.126508, 0.215575) (-0.378618, -0.309695, 0.433725) 
# Original Graph 131 in [125, 150)
14 vertices
0 1
0 2
0 3
0 4
0 5
1 5
1 4
1 6
2 7
2 8
2 3
3 9
4 9
4 6
4 5
6 10
6 7
7 10
7 11
8 12
8 9
9 13
9 10
11 13
11 12
12 13

# Unit Distance Graph
14 vertices
0 7
0 11
0 13
0 9
0 10
1 8
1 9
1 13
1 12
2 4
2 6
2 10
2 9
3 6
3 7
3 10
4 8
4 12
4 11
4 7
5 11
5 12
5 13
6 9
6 8
7 9

# Embedding (with cost 9.23018e-15)
(0.211432, -0.894709, -0.23711) (0.223352, -0.486599, 0.314907) (-0.10239, -1.05802, -0.273134) (-0.00106341, -0.801921, -0.425148) (0.229649, -0.150794, -0.014901) (0.336227, -0.575704, -0.00188029) (-0.0436857, -0.428275, 0.501443) (-0.495504, -0.672608, 0.43439) (-0.490663, -0.771438, -0.324663) (-0.38458, -0.104776, -0.381246) (-0.339241, -0.366213, 0.408995) (-0.648024, -0.591161, 0.174222) (-0.65157, -0.60215, -0.155369) (-0.605342, -0.318042, -0.21881) 
# Original Graph 132 in [125, 150)
14 vertices
0 1
0 2
0 3
0 4
0 5
1 6
1 7
1 2
2 7
2 8
2 9
2 10
3 10
3 4
4 10
4 5
5 11
6 9
6 12
6 13
7 13
7 8
8 12
9 11
10 11
12 13

# Unit Distance Graph
14 vertices
0 2
0 9
0 6
0 12
0 8
1 2
1 10
1 11
1 9
2 6
2 9
2 11
2 5
3 6
3 13
3 12
4 7
4 8
4 12
4 13
5 8
5 7
6 10
7 11
7 10
10 13

# Embedding (with cost 9.77117e-15)
(-0.736161, -0.128845, 0.537189) (-0.861449, -0.304666, 0.266556) (-0.333951, 0.397164, -0.212172) (-0.262126, 0.265577, 0.471983) (-0.210189, 0.0378537, 0.631497) (-0.0322413, -0.168396, 0.555365) (-0.0602231, -0.553351, -0.0652245) (-0.732344, -0.321011, -0.142177) (-0.347418, 0.0906258, -0.357636) (0.119053, -0.431547, 0.1165) (-0.147755, 0.395246, 0.238915) (0.134332, -0.280324, 0.355033) (-0.205505, -0.411268, -0.261962) (-0.481801, -0.43543, -0.206494) 
# Original Graph 133 in [125, 150)
14 vertices
0 1
0 2
0 3
0 4
1 5
1 6
1 2
2 7
2 8
2 9
2 10
3 10
3 11
4 11
4 12
5 9
5 8
5 13
6 13
6 7
7 8
8 13
9 12
10 12
10 11
11 12

# Unit Distance Graph
14 vertices
0 2
0 9
0 5
0 8
1 2
1 10
1 12
1 9
2 5
2 9
2 12
2 4
3 5
3 13
3 8
4 8
4 7
5 10
6 10
6 11
6 12
7 12
7 11
8 11
10 13
11 13

# Embedding (with cost 9.81997e-15)
(0.00484425, -0.551356, -0.111266) (0.262518, -0.366869, 0.197458) (0.265535, 0.317911, -0.531286) (-0.107712, -0.143934, -0.566942) (-0.288819, -0.442016, -0.191871) (-0.280332, 0.311255, 0.306559) (0.32876, -0.105207, 0.286569) (0.395847, 0.266308, -0.0200874) (0.0638309, 0.36966, 0.273768) (-0.491987, 0.284919, 0.120689) (0.0142003, 0.132965, -0.632303) (-0.396512, -0.216643, -0.392815) (-0.587797, 0.0910906, -0.0618426) (0.174898, 0.122178, 0.354641) 
# Original Graph 134 in [125, 150)
14 vertices
0 1
0 2
0 3
0 4
0 5
0 6
1 7
1 8
1 2
2 8
2 9
2 10
2 3
3 11
3 4
4 5
5 6
6 11
7 10
7 12
8 12
8 13
8 9
9 13
10 11
12 13

# Unit Distance Graph
14 vertices
0 2
0 10
0 7
0 12
0 13
0 9
1 2
1 3
1 11
1 10
2 7
2 10
2 11
2 6
3 8
3 12
3 7
4 8
4 13
4 12
5 8
5 9
5 13
6 9
6 8
8 11

# WARNING: failed to find good embedding
# Embedding (with cost 0.000246121)
(0.262654, 0.960832, -0.094533) (0.45466, 0.246158, -0.205977) (-0.490532, 0.426961, -0.477634) (-0.318861, 0.878565, -0.253398) (-0.0971818, 0.986497, -0.114802) (0.062897, 0.965151, 0.117403) (-0.0484411, 0.816563, 0.33077) (-0.0711844, 0.152012, 0.388147) (0.249349, 0.0557898, -0.24607) (-0.308643, 0.206291, -0.41747) (-0.258457, 0.337687, 0.49039) (-0.19484, 0.611527, 0.459328) (0.0118076, 0.0255848, 0.149131) (-0.00225926, -0.00443514, -0.131762) 
# Original Graph 135 in [125, 150)
14 vertices
0 1
0 2
0 3
0 4
0 5
1 6
1 7
1 2
2 7
2 8
2 9
2 10
2 3
3 11
3 12
3 4
4 5
5 12
6 10
6 13
7 8
8 13
8 9
9 13
10 11
11 12

# Unit Distance Graph
14 vertices
0 2
0 10
0 6
0 13
0 9
1 2
1 3
1 11
1 10
2 6
2 10
2 11
2 12
2 5
3 7
3 8
3 13
3 6
4 8
4 9
4 13
5 9
5 8
7 12
7 11
8 12

# WARNING: failed to find good embedding
# Embedding (with cost 0.000331537)
(0.325976, -0.415283, -0.223843) (0.442486, -0.315603, -0.461518) (-0.341644, 0.302596, -0.411765) (-0.0204445, -0.00838137, 0.371047) (0.13492, -0.203007, 0.236948) (0.303072, -0.318109, 0.040794) (0.601661, 0.543627, -0.181011) (-0.00268968, 0.130942, -0.61949) (-0.101021, 0.384396, -0.541438) (0.102417, 0.541926, -0.423979) (0.499979, 0.521403, 0.0819845) (0.380479, 0.355349, 0.277294) (0.287722, 0.0945869, 0.335597) (0.370573, 0.576217, -0.340812) 
# Original Graph 136 in [125, 150)
14 vertices
0 1
0 2
0 3
0 4
0 5
1 6
1 7
1 2
2 7
2 8
2 9
2 10
3 10
3 4
4 5
5 10
5 11
6 9
6 12
6 13
7 13
8 13
8 12
9 11
10 11
12 13

# Unit Distance Graph
14 vertices
0 2
0 9
0 6
0 12
0 8
1 2
1 10
1 11
1 9
2 6
2 9
2 11
2 5
3 6
3 13
3 12
4 8
4 12
4 13
5 8
5 13
5 7
6 10
7 11
7 10
10 13

# Embedding (with cost 9.9898e-15)
(0.0119844, -0.837518, -0.201624) (0.351806, -0.854183, -0.194127) (0.228905, 0.136974, -0.144083) (-0.300304, -0.438545, -0.0315854) (-0.214857, -0.708069, -0.0241209) (-0.25845, -0.59343, 0.334452) (0.4637, -0.473066, 0.612702) (0.630145, -0.42379, -0.0917177) (0.461557, 0.0269186, 0.0233939) (0.183462, -0.415157, 0.688436) (-0.321406, -0.165491, 0.0751096) (-0.085617, -0.444376, 0.606323) (0.58348, -0.29444, 0.413567) (0.67018, -0.274389, 0.145088) 
# Original Graph 137 in [125, 150)
14 vertices
0 1
0 2
0 3
0 4
0 5
1 6
1 7
1 2
2 7
2 8
2 9
2 10
3 10
3 5
3 4
4 5
5 11
6 9
6 12
6 7
7 13
8 13
8 12
9 11
10 11
12 13

# Unit Distance Graph
14 vertices
0 2
0 9
0 6
0 12
0 8
1 2
1 10
1 11
1 9
2 6
2 9
2 11
2 5
3 6
3 7
3 13
3 12
4 8
4 12
4 13
5 8
5 13
5 7
6 10
7 11
7 10

# Embedding (with cost 8.88378e-15)
(-0.690864, 0.119364, -0.407984) (-0.649669, 0.455983, -0.454751) (0.280791, 0.141838, -0.643315) (-0.205924, -0.266078, -0.30864) (-0.459511, -0.169958, -0.199353) (-0.3109, -0.11596, 0.120519) (-0.0409279, 0.581912, 0.195035) (-0.31215, 0.721275, -0.426324) (0.22499, 0.519977, -0.434825) (-0.00940291, 0.308279, 0.299067) (0.122141, -0.179478, -0.432415) (-0.106681, 0.0361103, 0.272484) (0.0789147, 0.663343, -0.0740263) (-0.0215804, 0.715767, -0.353322) 
# Original Graph 138 in [125, 150)
14 vertices
0 1
0 2
0 3
0 4
0 5
1 6
1 7
1 8
2 9
2 3
3 9
3 4
4 8
4 5
5 10
6 10
6 11
6 12
7 12
7 8
8 10
8 9
10 13
10 11
11 13
12 13

# Unit Distance Graph
14 vertices
0 7
0 8
0 10
0 13
0 12
1 4
1 5
1 10
1 8
2 10
2 11
2 13
3 6
3 12
3 13
3 11
4 7
4 12
4 6
5 8
5 7
6 8
6 9
8 10
9 11
9 10

# Embedding (with cost 8.7279e-15)
(0.645507, 0.380882, 0.00483973) (0.315125, 0.453444, -0.229528) (0.650554, 0.482113, 0.303224) (0.638214, 0.376661, 0.566725) (0.520239, 0.00954664, 0.642758) (0.260542, -0.232395, 0.496175) (0.00390208, 0.213605, -0.188961) (-0.225564, 0.63844, 0.423049) (-0.0158928, 0.711242, 0.678199) (0.264405, 0.671254, 0.661154) (-0.0263893, -0.248053, 0.395987) (-0.15147, -0.103268, 0.184537) (-0.317181, 0.412588, 0.273589) (-0.285119, 0.130638, 0.271887) 
# Original Graph 139 in [125, 150)
14 vertices
0 1
0 2
0 3
0 4
1 5
1 6
2 6
2 7
2 8
2 9
3 9
3 4
4 10
5 10
5 8
6 11
6 12
6 7
7 12
7 13
7 8
8 11
9 10
11 13
11 12
12 13

# Unit Distance Graph
14 vertices
0 7
0 8
0 11
0 13
1 2
1 8
1 7
2 6
2 11
2 8
2 5
3 11
3 12
3 13
4 7
4 13
4 12
5 7
5 6
6 9
6 10
6 8
7 10
9 12
9 11
10 12

# Embedding (with cost 9.38467e-15)
(0.269989, 0.269308, 0.0635948) (0.501967, 0.117958, -0.0425003) (-0.246704, -0.294389, 0.476596) (-0.126534, 0.224238, 0.164986) (-0.151783, 0.250847, -0.115496) (-0.256988, -0.0918385, -0.502622) (0.613873, -0.170509, -0.0174294) (-0.0370375, -0.65391, 0.294685) (-0.226517, -0.373181, -0.520091) (-0.312143, -0.0193469, 0.328468) (-0.305063, 0.102188, -0.302374) (0.0166794, -0.547829, -0.454209) (0.385834, -0.592221, -0.101233) (0.128327, -0.708758, -0.089108) 
# Original Graph 140 in [125, 150)
14 vertices
0 1
0 2
0 3
0 4
0 5
1 6
1 7
2 8
2 9
3 9
3 8
3 7
3 10
3 4
4 10
5 10
5 11
6 12
6 7
7 8
8 9
10 12
10 13
11 13
11 12
12 13

# Unit Distance Graph
14 vertices
0 3
0 10
0 12
0 6
0 7
1 3
1 4
1 10
2 10
2 13
2 12
3 6
3 12
3 11
3 5
4 7
4 6
5 7
5 8
7 10
8 11
8 13
8 10
9 11
9 12
9 13

# Embedding (with cost 9.50218e-15)
(-0.826196, -0.109882, -0.190551) (-0.292188, -0.33033, 0.385005) (-0.795743, 0.0511892, 0.180367) (-1.24761, -0.374045, 0.67699) (-1.2764, -0.495435, 0.321299) (-0.797821, -0.483413, -0.209423) (-0.298399, -0.623836, 0.485675) (-0.359044, -0.306272, 0.67154) (-0.595214, -0.0799753, 0.682871) (-0.985584, -0.0809522, 0.625157) (-1.13633, -0.866456, 0.385136) (-0.682881, -0.741355, -0.0620397) (-0.453987, -0.876074, 0.333291) (-0.72091, -0.945839, 0.198639) 
# Original Graph 141 in [125, 150)
14 vertices
0 1
0 2
0 3
0 4
1 5
1 6
1 7
2 8
2 9
3 10
3 11
4 12
4 13
5 13
5 12
5 7
5 6
6 7
7 9
7 8
8 9
9 12
9 10
10 11
11 12
12 13

# Unit Distance Graph
14 vertices
0 5
0 7
0 9
0 12
1 9
1 10
1 11
1 12
2 5
2 12
2 13
3 5
3 6
3 7
4 7
4 8
4 9
5 10
5 9
6 11
6 10
7 12
7 11
8 13
8 12
9 13

# Embedding (with cost 8.27609e-15)
(-0.174251, 0.224956, -0.0515239) (0.100543, 0.734441, -0.017673) (-0.149977, 0.41099, 0.477909) (0.0466435, -0.0821009, 0.335075) (0.45558, 0.132839, -0.0893708) (0.751581, 0.579487, 0.07941) (0.365083, 0.847941, 0.151721) (0.279085, 0.860971, 0.572953) (0.0771088, 0.646842, 0.680409) (0.212632, 0.285125, 0.86864) (0.177608, 0.0154201, 0.673029) (0.403705, -0.117606, 0.40907) (0.752685, 0.0335379, 0.271197) (0.7246, 0.285153, 0.00963592) 
# Original Graph 142 in [125, 150)
14 vertices
0 1
0 2
0 3
0 4
0 5
1 6
1 7
2 8
2 9
3 10
3 11
4 12
4 13
5 13
5 12
5 7
5 6
6 7
7 9
7 8
8 9
9 10
10 12
10 11
11 12
12 13

# Unit Distance Graph
14 vertices
0 5
0 7
0 9
0 10
0 12
1 10
1 11
1 12
2 5
2 12
2 13
3 5
3 6
3 7
4 7
4 8
4 9
5 10
5 9
6 11
6 10
7 12
7 11
8 13
8 12
9 13

# Embedding (with cost 7.19089e-15)
(0.0433738, 0.743361, -0.42702) (-0.477951, 0.435054, -0.539135) (-0.0883878, 0.513068, -0.859076) (0.345783, 0.376389, -0.52298) (0.0829705, 0.0910493, -0.0688858) (-0.461914, -0.069457, -0.137173) (-0.608113, 0.0923956, -0.425864) (-0.541852, 0.0507044, -0.84861) (-0.253905, 0.260641, -0.995036) (-0.0582576, -0.0312132, -1.05128) (0.289061, -0.154659, -0.791984) (0.375418, -0.0820569, -0.473123) (0.217592, -0.227139, -0.260351) (-0.170789, -0.0809884, -0.0588835) 
# Original Graph 143 in [125, 150)
14 vertices
0 1
0 2
0 3
0 4
0 5
1 6
1 2
2 6
2 7
2 8
3 8
3 9
4 7
4 10
5 11
5 12
6 12
6 13
6 11
7 10
7 9
7 8
8 9
10 11
11 13
12 13

# Unit Distance Graph
14 vertices
0 2
0 7
0 10
0 11
0 6
1 4
1 10
1 7
2 5
2 11
2 10
2 4
3 6
3 11
3 13
4 6
5 8
5 7
6 7
6 9
7 12
8 12
8 13
8 11
9 13
9 12

# Embedding (with cost 9.81773e-15)
(-0.235647, 0.494564, 0.265118) (-0.115668, 0.402222, -0.503241) (-0.458952, 0.0653579, -0.610049) (-0.450014, 0.302646, 0.173458) (-0.0953508, -0.225493, 0.274937) (0.163962, 0.399806, 0.0971445) (0.187879, 0.191678, -0.58863) (-0.340796, -0.453045, -0.0365127) (-0.615024, -0.0793723, -0.307292) (-0.550085, -0.206539, -0.0438079) (0.149702, -0.398677, 0.0335442) (0.35322, -0.224573, -0.103771) (0.30132, 0.300098, -0.179558) (0.377553, 0.0411891, -0.323305) 
# Original Graph 144 in [125, 150)
14 vertices
0 1
0 2
0 3
0 4
0 5
1 6
1 7
1 8
2 9
2 10
3 11
3 4
4 12
5 12
5 13
5 6
6 13
6 12
6 7
7 8
8 11
8 9
9 10
10 11
11 12
12 13

# Unit Distance Graph
14 vertices
0 6
0 7
0 8
0 11
0 12
1 3
1 4
1 12
1 11
2 6
2 12
2 13
3 7
3 6
4 8
4 7
5 8
5 9
5 10
5 11
6 11
6 10
8 12
9 13
9 12
10 13

# Embedding (with cost 8.83494e-15)
(0.287832, -0.121737, -0.220852) (-0.326036, -0.351184, 0.264372) (0.144161, -0.426546, -0.329054) (-0.182998, -0.181741, -0.710733) (-0.210458, 0.0876937, -0.626711) (-0.282367, 0.274976, -0.102621) (-0.627222, -0.0357824, 0.173213) (-0.59708, -0.353481, 0.183158) (-0.519857, -0.696312, -0.0885596) (-0.295254, -0.71204, -0.262728) (-0.259291, -0.618279, -0.551579) (-0.503702, -0.487832, -0.710185) (-0.610223, 0.201861, -0.518813) (-0.579571, 0.24015, -0.150929) 
# Original Graph 145 in [125, 150)
14 vertices
0 1
0 2
0 3
0 4
0 5
0 6
1 7
1 5
1 2
2 4
2 3
3 4
4 5
5 7
5 8
5 6
6 9
7 10
8 11
8 9
9 12
9 10
10 13
11 13
11 12
12 13

# Unit Distance Graph
14 vertices
0 5
0 8
0 11
0 13
0 10
0 7
1 5
1 6
1 9
1 8
2 8
2 9
2 12
2 11
3 11
3 12
3 13
4 9
4 10
4 13
4 12
5 7
5 10
5 9
5 6
6 7

# Embedding (with cost 9.89434e-15)
(0.981531, 0.091372, -0.356056) (0.52793, 0.502835, 0.279707) (0.782707, 0.306197, 0.260452) (0.912045, 0.0544483, 0.125287) (0.708281, -0.271506, 0.212852) (0.330071, -0.469422, 0.154933) (0.663622, 0.0756755, -0.61423) (0.259647, 0.527754, 0.181024) (0.086002, -0.293665, -0.132953) (0.379841, 0.1366, -0.638956) (0.110205, 0.482267, -0.05942) (-0.00804221, -0.0159884, -0.26004) (0.112523, 0.156833, -0.466558) (0.0078982, 0.284528, -0.234687) 
# Original Graph 146 in [125, 150)
14 vertices
0 1
0 2
0 3
0 4
0 5
1 6
1 7
1 2
2 3
3 7
4 7
4 6
4 8
4 9
4 10
4 5
5 10
6 8
8 11
9 12
9 13
10 13
10 11
11 13
11 12
12 13

# Unit Distance Graph
14 vertices
0 4
0 9
0 12
0 11
0 8
1 4
1 10
1 13
1 9
2 9
2 13
2 12
3 11
3 12
3 13
4 6
4 8
4 11
4 10
4 5
5 8
5 6
6 10
7 10
7 11
7 13

# Embedding (with cost 9.88423e-15)
(0.680658, -0.519201, 0.217309) (0.20382, -0.284251, -0.300867) (0.326845, -0.490851, -0.0729819) (0.234467, -0.476205, 0.195152) (-0.000939127, 0.106594, 0.596526) (0.861233, -0.316763, 0.318268) (0.216483, 0.00650186, -0.374406) (-0.0341687, -0.16492, 0.399536) (0.352318, 0.252352, -0.327576) (0.232428, 0.333764, 0.484779) (0.949052, -0.00823164, 0.306127) (0.562357, 0.391189, -0.179169) (0.555552, 0.46644, 0.103905) (0.798175, 0.349768, 0.193866) 
# Original Graph 147 in [125, 150)
14 vertices
0 1
0 2
0 3
0 4
0 5
1 6
1 2
2 7
3 7
3 6
3 8
3 9
3 10
3 4
4 5
5 11
6 12
6 8
6 7
8 12
9 13
9 10
10 13
10 11
11 13
12 13

# Unit Distance Graph
14 vertices
0 3
0 9
0 13
0 12
0 8
1 3
1 10
1 9
2 9
2 10
2 13
3 6
3 12
3 13
3 11
3 5
4 6
4 8
4 12
5 8
5 6
6 11
6 10
7 10
7 11
7 13

# Embedding (with cost 9.92313e-15)
(-0.641537, 0.269214, 0.0353185) (-0.7308, 0.637998, 0.179055) (-0.596401, 0.693536, -0.0663289) (0.159147, 0.796827, -0.248459) (-0.376345, 0.201159, -0.0404164) (-0.341352, 0.0783925, 0.234607) (-0.450388, 1.03411, 0.507957) (-0.361529, 0.878822, -0.161649) (-0.168322, 1.03424, 0.472128) (0.208427, 0.516924, 0.500292) (0.159691, 0.247522, 0.412625) (-0.115136, 0.0969741, 0.411067) (-0.15424, 0.835088, 0.700396) (0.0138625, 0.590031, 0.719078) 
# Original Graph 148 in [125, 150)
14 vertices
0 1
0 2
0 3
0 4
1 5
1 2
2 3
3 5
3 6
4 6
4 7
5 8
5 6
6 8
6 9
6 10
6 11
6 7
7 12
8 9
9 12
9 13
10 13
10 11
11 13
11 12

# Unit Distance Graph
14 vertices
0 6
0 10
0 13
0 9
1 6
1 11
1 10
2 10
2 11
2 13
3 9
3 13
3 11
3 12
4 6
4 9
4 8
5 6
5 7
5 12
5 11
6 8
6 9
6 12
6 7
7 8

# Embedding (with cost 9.86184e-15)
(-0.039294, -0.0838871, -0.180367) (-0.0584635, -0.236496, 0.271502) (-0.177006, -0.235491, 0.014701) (-0.451516, -0.219575, 0.0811818) (-0.00796781, 0.170901, -0.299118) (-0.0990265, -0.181268, 0.545918) (-0.868114, 0.343379, 0.180883) (0.0405298, 0.439639, -0.225443) (-0.0584471, 0.0568469, 0.693074) (0.00285228, 0.45888, 0.658458) (-0.470299, 0.673974, 0.30941) (-0.222109, 0.747063, 0.195129) (0.0699448, 0.628081, -0.0165788) (-0.153787, 0.636475, 0.503716) 
# Original Graph 149 in [125, 150)
14 vertices
0 1
0 2
0 3
0 4
0 5
1 6
1 3
1 2
2 3
3 7
4 7
4 5
5 8
6 9
6 10
6 7
7 10
7 11
7 8
8 12
8 9
9 13
9 10
11 13
11 12
12 13

# Unit Distance Graph
14 vertices
0 7
0 11
0 13
0 9
0 10
1 7
1 8
1 12
1 11
2 11
2 12
2 13
3 8
3 9
3 13
3 12
4 6
4 10
4 9
5 6
5 7
5 10
6 8
6 7
7 9
7 8

# Embedding (with cost 9.72225e-15)
(0.260404, -0.0493002, 0.833752) (0.382034, -0.0360885, 0.155826) (0.460681, 0.008813, 0.592428) (0.535475, 0.307062, 0.560423) (0.0998929, 0.180713, 0.916925) (-0.163342, 0.00106406, 0.874574) (0.159929, 0.0379705, -0.0710127) (0.118863, 0.873861, 0.476345) (-0.419873, 0.0746721, 0.742918) (-0.25245, 0.085441, -0.0140843) (-0.00466555, 0.279538, -0.0726716) (-0.216299, 0.722675, 0.413266) (-0.458781, 0.388761, 0.491286) (-0.388007, 0.337391, 0.177983) 
