# Original Graph 36 in [36, 72)
12 vertices
0 1
0 2
0 3
0 4
0 5
1 6
1 7
2 7
2 8
2 9
3 9
3 10
4 10
4 8
4 11
5 11
5 6
6 11
6 7
7 11
8 10
8 9

# Unit Distance Graph
12 vertices
0 2
0 8
0 4
0 11
0 7
1 4
1 8
1 10
2 5
2 11
2 4
3 6
3 7
3 11
4 7
5 9
5 8
6 10
6 8
6 9
7 10
9 11

# Embedding (with cost 8.45189e-15)
(-0.43865, 0.506407, -0.232405) (0.033659, 0.0174085, -0.0823201) (-0.414994, -0.317447, 0.333903) (-0.661885, 0.475377, 0.00766766) (-0.167418, 0.567575, 0.728164) (0.120821, 0.49103, 0.0904561) (0.264917, 0.143398, 0.183247) (-0.0677855, -0.296363, 0.234521) (-0.602631, 0.132583, 0.680484) (-0.704874, 0.0124086, 0.389035) (-0.610287, 0.495491, 0.514983) (0.17371, 0.459567, 0.556786) 
# Original Graph 37 in [36, 72)
12 vertices
0 1
0 2
0 3
0 4
0 5
1 5
1 6
1 3
1 7
2 8
2 9
3 10
3 6
3 4
4 6
5 6
7 11
7 8
8 11
9 11
9 10
10 11

# Unit Distance Graph
12 vertices
0 1
0 7
0 11
0 10
0 3
1 3
1 10
1 9
1 2
2 3
2 6
3 8
3 7
4 7
4 8
4 11
5 9
5 10
5 11
6 9
6 11
6 8

# Embedding (with cost 9.66188e-15)
(-0.338001, -0.417693, 0.177345) (0.549725, -0.0814808, -0.137146) (-0.134235, -0.499175, 0.46096) (-0.0264686, 0.494828, 0.442397) (-0.231989, 0.243427, 0.0790623) (0.102466, -0.080745, -0.236976) (0.044173, 0.305829, -0.104849) (0.640692, -0.22001, 0.232864) (0.400736, -0.407591, 0.498388) (0.115396, -0.197939, 0.756049) (0.131952, 0.304005, 0.685574) (0.46646, -0.123602, 0.693439) 
# Original Graph 38 in [36, 72)
12 vertices
0 1
0 2
0 3
0 4
1 5
1 6
1 2
2 6
2 7
2 8
2 9
2 3
3 9
4 8
4 7
5 10
5 6
6 10
6 11
7 11
8 9
10 11

# Unit Distance Graph
12 vertices
0 2
0 7
0 11
0 6
1 2
1 8
1 4
1 7
2 5
2 10
2 11
2 7
2 4
3 6
3 11
3 10
4 6
5 9
5 8
6 8
6 9
9 10

# Embedding (with cost 7.54328e-15)
(0.032698, -0.331815, -0.42443) (-0.000469724, 0.0910109, -0.652522) (0.0934955, 0.343629, 0.310471) (0.0840241, -0.252852, -0.0475763) (-0.656123, -0.251329, 0.0204739) (-0.233164, 0.304434, -0.633858) (-0.317295, 0.603499, -0.372547) (-0.799902, 0.0780655, -0.0519052) (-0.418964, -0.205947, 0.205778) (-0.100767, -0.151706, 0.246146) (-0.551168, 0.405468, -0.45149) (-0.732987, 0.287201, -0.249656) 
# Original Graph 39 in [36, 72)
12 vertices
0 1
0 2
0 3
0 4
0 5
0 6
1 7
1 8
1 2
2 8
2 3
3 9
3 10
3 4
4 10
5 10
5 9
6 9
6 11
7 11
7 8
8 11

# Unit Distance Graph
12 vertices
0 2
0 3
0 9
0 6
0 11
0 8
1 3
1 10
1 5
1 9
2 6
2 9
2 5
3 7
3 11
3 6
4 7
4 8
4 11
5 8
7 10
8 10

# Embedding (with cost 9.27363e-15)
(-0.518518, -0.109993, -0.388447) (-0.532119, 0.261545, 0.0695969) (0.119424, 0.536106, 0.0305829) (0.423323, 0.176713, -0.21313) (0.0599135, -0.157793, -0.414248) (0.151824, -0.461816, -0.025117) (-0.0822527, -0.332356, 0.483463) (-0.331501, 0.177272, 0.442797) (-0.150177, 0.39548, 0.391823) (0.157634, -0.433148, 0.273663) (0.25667, -0.277334, -0.226074) (-0.180078, -0.0521464, 0.550761) 
# Original Graph 40 in [36, 72)
12 vertices
0 1
0 2
0 3
0 4
0 5
0 6
1 6
1 7
1 2
2 8
2 9
3 9
3 8
3 10
4 10
4 7
5 7
5 11
6 11
7 11
8 10
8 9

# Unit Distance Graph
12 vertices
0 1
0 2
0 8
0 10
0 4
0 7
1 4
1 10
1 3
2 5
2 7
2 4
3 7
3 11
3 6
5 9
5 8
6 10
6 8
7 9
8 11
9 11

# Embedding (with cost 8.53674e-15)
(-0.306265, -0.340744, -0.280244) (0.488484, 0.223454, -0.503977) (0.277014, 0.439964, -0.504481) (-0.438946, 0.210459, -0.130205) (0.185173, 0.140944, 0.445336) (0.30393, -0.271297, 0.197932) (0.441533, -0.216927, -0.335382) (0.392767, -0.0366606, 0.366972) (-0.0640266, 0.611467, -0.0941915) (-0.258557, 0.440163, -0.223296) (0.0128253, 0.352322, 0.366162) (0.446416, -0.24724, -0.0486809) 
# Original Graph 41 in [36, 72)
12 vertices
0 1
0 2
0 3
0 4
1 5
1 6
1 7
2 7
2 6
2 8
2 9
2 3
3 9
4 10
4 8
5 11
5 6
6 11
6 7
8 11
8 10
9 10

# Unit Distance Graph
12 vertices
0 2
0 8
0 11
0 6
1 2
1 9
1 10
1 8
2 5
2 11
2 8
2 4
3 5
3 6
3 11
4 6
4 7
5 9
6 10
6 9
7 8
7 10

# Embedding (with cost 9.61946e-15)
(-0.0912552, -0.519585, 0.642103) (0.152516, -0.0878009, 0.684122) (0.288919, -0.358832, -0.268735) (0.0315149, -0.624815, 0.00297454) (-0.496533, -0.332441, 0.349625) (-0.0102612, 0.268682, 0.450096) (0.246582, 0.325545, 0.227833) (0.423962, 0.013362, 0.167666) (-0.559604, 0.0934921, 0.0058761) (-0.150984, -0.498571, -0.17562) (-0.513203, -0.266763, -0.0403022) (-0.376463, 0.281222, 0.11545) 
# Original Graph 42 in [36, 72)
12 vertices
0 1
0 2
0 3
0 4
1 5
1 6
1 2
2 6
2 7
3 7
3 8
4 9
4 10
5 10
5 6
6 10
6 7
7 11
7 8
8 9
9 11
10 11

# Unit Distance Graph
12 vertices
0 6
0 7
0 11
0 10
1 7
1 8
1 9
1 11
2 4
2 10
2 11
2 9
3 5
3 6
3 10
4 7
4 6
5 8
5 7
6 9
6 8
7 10

# Embedding (with cost 9.59767e-15)
(-0.140108, -0.452208, 0.0722387) (0.389171, -0.212223, -0.0805611) (0.226714, -0.261745, -0.417961) (-0.428986, -0.301328, -0.0954986) (-0.21786, 0.253854, 0.314509) (0.320873, 0.334924, 0.0858662) (0.318239, 0.203143, -0.528122) (-0.305517, 0.186346, -0.679352) (-0.586553, -0.00733964, -0.157922) (-0.48741, 0.247236, 0.0626279) (0.0684234, 0.519129, 0.186341) (-0.285272, 0.526088, -0.0756297) 
# Original Graph 43 in [36, 72)
12 vertices
0 1
0 2
0 3
0 4
1 5
1 6
2 6
2 7
2 8
3 8
3 7
3 9
4 9
4 10
5 10
5 11
6 11
6 7
7 9
7 8
9 11
10 11

# Unit Distance Graph
12 vertices
0 6
0 7
0 9
0 11
1 3
1 9
1 7
2 4
2 10
2 11
2 9
3 6
3 11
3 5
4 7
4 6
5 7
5 8
6 9
7 10
8 11
8 10

# Embedding (with cost 9.94085e-15)
(-0.595805, 0.239522, -0.119305) (-0.579758, 0.429429, -0.458832) (-0.106324, 0.512414, 0.0742272) (0.17008, -0.161017, -0.160308) (-0.168729, -0.13004, -0.689552) (-0.427529, 0.392707, -0.740181) (0.16128, 0.788777, -0.473059) (0.365179, 0.515109, -0.142995) (0.191736, 0.30294, 0.039853) (0.185039, -0.207519, -0.555696) (-0.243088, 0.149454, -0.847486) (-0.0384204, 0.452849, -0.921685) 
# Original Graph 44 in [36, 72)
12 vertices
0 1
0 2
0 3
1 4
1 5
1 6
2 7
2 8
3 8
3 9
4 9
4 6
4 10
4 5
5 10
5 11
6 11
6 10
6 7
7 9
8 9
10 11

# Unit Distance Graph
12 vertices
0 4
0 10
0 6
1 4
1 6
1 7
1 9
2 4
2 5
2 10
3 6
3 10
3 11
4 7
4 6
5 8
5 9
5 7
6 9
8 11
8 10
9 11

# Embedding (with cost 9.22643e-15)
(0.0171709, 0.538737, -0.337492) (0.341564, 0.538945, -0.261269) (-0.396543, 0.190288, -0.150557) (-0.248488, 0.607961, -0.145024) (-0.044183, 0.672268, 0.651651) (0.512753, 0.361332, 0.228818) (0.044625, -0.250317, 0.276218) (-0.373974, -0.0741291, 0.073612) (-0.455682, 0.527111, 0.0426704) (-0.446211, 0.617838, 0.349621) (0.334975, 0.157075, 0.530456) (0.275333, -0.0743622, 0.364924) 
# Original Graph 45 in [36, 72)
12 vertices
0 1
0 2
0 3
0 4
1 4
1 5
2 5
2 6
2 3
3 7
4 7
5 7
5 8
5 9
6 9
6 10
6 11
7 11
8 11
8 9
9 10
10 11

# Unit Distance Graph
12 vertices
0 8
0 9
0 10
0 11
1 6
1 11
1 10
2 5
2 8
2 11
2 7
3 5
3 9
3 8
4 6
4 10
4 9
5 7
5 11
5 6
6 7
7 9

# Embedding (with cost 6.37177e-15)
(0.0615833, -0.400262, 0.243829) (-0.343566, -0.772791, 0.311931) (0.246418, -0.407676, -0.25) (0.0304491, -0.140867, 0.0693043) (-0.343967, -0.333014, 0.380135) (-0.50303, -0.986678, 0.0710656) (0.0514326, -0.415964, -0.534621) (-0.591487, 0.00890028, 0.102674) (-0.71183, -0.684151, -0.322952) (-0.483795, -0.778653, -0.50409) (-0.457638, -0.404613, -0.6108) (-0.698801, -0.0904486, -0.326988) 
# Original Graph 46 in [36, 72)
12 vertices
0 1
0 2
0 3
1 4
1 5
1 2
2 5
2 6
3 6
3 7
4 8
4 9
4 5
5 9
5 10
5 7
5 6
7 11
8 11
8 9
9 10
10 11

# Unit Distance Graph
12 vertices
0 5
0 10
0 9
1 5
1 7
1 11
1 10
2 8
2 9
2 10
2 11
3 4
3 5
3 9
4 7
4 5
4 6
5 8
5 11
5 7
6 9
6 8

# Embedding (with cost 8.80154e-15)
(-0.272674, 0.291217, 0.690634) (0.153984, 0.348864, 0.604493) (-0.429725, 0.34055, 0.449078) (-0.570616, -0.191107, 0.676025) (0.365816, 0.142805, 0.568329) (-0.1859, -0.0676434, -0.238715) (-0.624447, 0.0598071, 0.456569) (-0.422975, -0.466803, 0.646986) (0.275071, -0.352218, 0.601834) (0.214553, -0.3244, 0.0712578) (-0.0354687, -0.541048, 0.189567) (-0.144716, -0.605482, 0.603326) 
# Original Graph 47 in [36, 72)
12 vertices
0 1
0 2
0 3
1 4
1 5
1 6
2 6
2 3
3 6
3 7
4 8
4 9
4 5
5 10
5 11
5 7
5 6
7 8
8 11
9 11
9 10
10 11

# Unit Distance Graph
12 vertices
0 5
0 11
0 10
1 5
1 7
1 8
1 11
2 9
2 10
2 11
3 4
3 5
3 10
3 9
4 7
4 5
4 6
5 8
5 7
6 9
6 11
6 8

# Embedding (with cost 7.86813e-15)
(-0.749576, 0.0682808, 0.358115) (-0.614308, 0.37087, 0.493049) (-0.639058, -0.236623, 0.231167) (-0.759301, -0.228883, -0.112582) (-0.508771, 0.656545, 0.278891) (0.201589, -0.0124481, 0.0601753) (-0.288801, -0.318961, 0.279353) (-0.677865, -0.0436101, -0.414788) (-0.591336, 0.233664, -0.497227) (-0.20832, 0.605417, -0.0935377) (0.0323565, 0.378028, -0.182846) (-0.213901, 0.388804, -0.423113) 
# Original Graph 48 in [36, 72)
12 vertices
0 1
0 2
0 3
1 4
1 5
1 2
2 5
2 3
3 6
4 7
4 5
5 7
5 8
5 9
5 10
5 6
6 10
7 11
7 8
8 9
9 11
10 11

# Unit Distance Graph
12 vertices
0 5
0 9
0 8
1 5
1 10
1 11
1 9
2 7
2 8
2 9
2 11
3 5
3 8
3 7
4 5
4 6
4 10
5 7
5 11
5 10
5 6
6 7

# Embedding (with cost 9.82003e-15)
(-0.203238, -0.624067, -0.667514) (-0.309248, -0.798297, -0.408683) (-0.403319, -0.405451, -0.622955) (0.04013, -0.365663, -0.765672) (-0.204199, -0.834468, -0.121571) (-0.477879, 0.125718, -0.065521) (0.271732, -0.146127, -0.668998) (0.126507, -0.626924, 0.195724) (0.109774, -0.315246, 0.230625) (0.269898, -0.134992, 0.0652535) (0.422812, -0.117268, -0.425681) (0.459485, -0.210545, -0.156499) 
# Original Graph 49 in [36, 72)
12 vertices
0 1
0 2
0 3
0 4
1 4
1 5
2 6
2 3
3 6
3 7
3 4
5 8
5 6
6 9
6 10
6 7
7 10
7 11
7 8
8 11
9 11
9 10

# Unit Distance Graph
12 vertices
0 7
0 11
0 9
0 10
1 6
1 7
1 10
2 7
2 8
2 11
3 5
3 6
3 9
3 11
3 8
4 6
4 10
4 9
5 7
5 6
6 8
6 7

# Embedding (with cost 8.51302e-15)
(0.280379, 0.224955, -0.582149) (0.248694, 0.606321, -0.419644) (0.17344, -0.0723248, -0.31634) (-0.266497, 0.105122, -0.808375) (0.0419236, 0.252462, -0.753693) (0.119692, 0.790572, -0.19111) (-0.142179, -0.10813, 0.160681) (-0.710762, 0.345203, -0.525761) (-0.184654, 0.844592, -0.140179) (-0.391762, 0.425471, 0.130606) (-0.421179, 0.0947483, 0.118467) (-0.392532, 0.692705, -0.00908697) 
# Original Graph 50 in [36, 72)
12 vertices
0 1
0 2
0 3
1 3
1 4
2 5
2 6
2 3
3 7
4 8
4 9
5 9
5 10
5 7
5 6
6 7
7 10
7 11
7 8
8 9
9 11
10 11

# Unit Distance Graph
12 vertices
0 7
0 11
0 10
1 5
1 7
1 10
2 7
2 8
2 9
2 11
3 5
3 10
3 11
3 9
4 5
4 6
4 7
5 8
5 7
6 9
6 8
7 9

# Embedding (with cost 7.31236e-15)
(-0.41204, -0.209869, -0.136231) (-0.0940074, -0.165431, -0.345028) (-0.492765, -0.248907, 0.200602) (-0.497556, 0.0713548, -0.176952) (0.191189, -0.14476, -0.318015) (-0.037254, -0.252746, 0.649535) (-0.346329, -0.039055, 0.518586) (-0.0630087, 0.653627, 0.227844) (0.339033, 0.150962, -0.184388) (0.470123, -0.145876, -0.0488597) (0.193921, 0.227199, 0.528436) (0.372032, 0.246093, 0.284874) 
# Original Graph 51 in [36, 72)
12 vertices
0 1
0 2
0 3
1 3
1 4
2 5
2 6
3 6
4 7
4 8
5 9
5 7
6 7
7 9
7 10
7 11
7 8
8 11
8 9
9 11
9 10
10 11

# Unit Distance Graph
12 vertices
0 7
0 11
0 10
1 7
1 10
1 9
2 7
2 8
2 11
3 9
3 10
3 11
4 5
4 7
4 9
5 8
5 7
6 8
6 9
6 11
7 9
7 8

# Embedding (with cost 6.4098e-15)
(-0.287276, -0.347394, -0.292118) (0.0592804, -0.593738, -0.222098) (-0.510506, -0.206776, -0.154839) (0.00776795, -0.242237, -0.310012) (0.193877, -0.731535, 0.0151593) (-0.63699, -0.18392, 0.114042) (0.0725251, 0.0808383, -0.150106) (0.253502, 0.214424, 0.333917) (0.129336, -0.777499, 0.359825) (-0.577917, -0.316721, 0.497097) (-0.113081, -0.202389, 0.681858) (-0.00552901, -0.508948, 0.653673) 
# Original Graph 52 in [36, 72)
12 vertices
0 1
0 2
0 3
1 3
1 4
1 5
2 6
2 7
2 3
3 7
4 7
4 6
4 8
4 9
4 5
5 10
5 11
6 11
8 11
8 9
9 10
10 11

# Unit Distance Graph
12 vertices
0 4
0 9
0 8
1 4
1 8
1 11
1 6
2 4
2 5
2 10
2 9
3 8
3 9
3 10
3 11
4 6
4 11
4 5
5 7
5 6
7 11
7 10

# Embedding (with cost 9.66098e-15)
(0.474905, -0.874361, 0.0802008) (0.564094, -0.992706, -0.167644) (0.239869, -0.306073, 0.316197) (0.516901, -0.676454, 0.285217) (1.04981, -0.121635, -0.240562) (0.458361, -0.897558, -0.459951) (0.107511, -0.142239, 0.0935796) (0.706278, -0.307206, 0.308177) (0.425957, -0.0580965, -0.4954) (0.780296, -0.123249, -0.505091) (0.456262, -0.352743, -0.658993) (0.0740881, -0.169465, -0.454295) 
# Original Graph 53 in [36, 72)
12 vertices
0 1
0 2
0 3
1 3
1 4
2 5
2 6
3 6
4 7
4 8
4 9
5 9
5 6
6 7
7 9
7 10
7 11
7 8
8 11
9 11
9 10
10 11

# Unit Distance Graph
12 vertices
0 7
0 11
0 10
1 7
1 10
1 9
2 7
2 8
2 11
3 9
3 10
3 11
4 5
4 6
4 7
4 9
5 8
5 7
6 9
6 11
6 8
7 9

# Embedding (with cost 8.94023e-15)
(0.32151, 0.322925, 0.0283578) (0.0705179, 0.32848, -0.36904) (0.419973, 0.128894, 0.233716) (0.0299587, 0.487638, 0.0697543) (-0.0377192, 0.116956, -0.533058) (0.437837, -0.150862, 0.304868) (-0.152702, 0.377307, 0.425585) (-0.55855, -0.0660375, 0.300758) (-0.30313, -0.218608, -0.363247) (0.358434, -0.449216, 0.189792) (-0.298556, -0.454866, 0.131113) (-0.32038, -0.42273, -0.150456) 
# Original Graph 54 in [36, 72)
12 vertices
0 1
0 2
0 3
0 4
1 4
1 5
2 5
2 6
2 7
2 8
2 9
2 3
3 9
4 9
5 10
6 10
6 11
6 7
7 8
8 11
8 9
10 11

# Unit Distance Graph
12 vertices
0 6
0 7
0 8
0 11
1 2
1 8
1 7
2 5
2 10
2 11
2 8
2 9
2 4
3 6
3 11
3 10
4 7
4 6
5 9
5 8
6 9
9 10

# Embedding (with cost 8.27732e-15)
(-0.692309, -0.169611, 0.404341) (-0.532541, 0.0408635, 0.0881947) (-0.737431, 0.158996, 1.05982) (-0.565255, -0.240917, 0.772838) (-0.332867, -0.209482, 0.222835) (-0.499349, 0.347847, 0.107117) (-0.252405, 0.698644, 0.633729) (-0.150186, 0.527327, 0.873788) (0.211444, 0.0751574, 0.75551) (0.0881759, -0.241146, 0.662006) (-0.316678, 0.57768, 0.255044) (0.00989687, 0.534256, 0.51148) 
# Original Graph 55 in [36, 72)
12 vertices
0 1
0 2
0 3
1 4
1 5
2 5
2 6
3 6
3 4
4 7
5 7
5 8
5 9
5 10
6 10
7 11
7 8
8 11
8 9
9 11
9 10
10 11

# Unit Distance Graph
12 vertices
0 8
0 9
0 11
1 9
1 10
1 11
2 7
2 8
2 11
3 5
3 9
3 8
4 5
4 10
4 9
5 7
5 11
5 10
5 6
6 8
6 7
7 10

# Embedding (with cost 9.62512e-15)
(0.547703, 0.96578, 0.0995637) (0.566191, 1.17793, -0.141163) (0.844081, 0.809556, 0.0913378) (0.291093, 0.788753, 0.116294) (0.140598, 1.06535, -0.324454) (1.1324, 0.95983, -0.39647) (0.49967, 0.393682, 0.131851) (0.158033, 0.955761, -0.621377) (0.531518, 0.62511, -0.84048) (0.742106, 0.337501, -0.653744) (0.563619, 0.17793, -0.141295) (0.390345, 0.348372, -0.67118) 
# Original Graph 56 in [36, 72)
12 vertices
0 1
0 2
0 3
1 4
1 5
2 5
2 6
2 3
3 6
3 4
4 7
5 8
5 9
5 6
6 9
6 10
7 10
7 8
8 11
9 11
9 10
10 11

# Unit Distance Graph
12 vertices
0 9
0 10
0 11
1 6
1 10
1 9
2 7
2 8
2 11
2 10
3 5
3 9
3 11
3 8
4 5
4 6
4 9
5 7
5 10
5 6
6 8
6 7

# Embedding (with cost 9.22613e-15)
(-0.877436, 0.182503, 0.0478463) (-0.83179, 0.187219, -0.249956) (-0.915163, -0.0837514, 0.317987) (-0.699356, 0.229036, 0.300395) (-0.499749, 0.319807, -0.289832) (-0.866721, -0.607857, -0.220757) (-0.384864, -0.201672, 0.555663) (-0.225061, 0.144726, -0.368714) (-0.299219, -0.319658, -0.433653) (-0.287256, -0.621305, -0.0268572) (0.0290514, -0.239248, 0.0276753) (-0.119897, -0.42913, -0.180276) 
# Original Graph 57 in [36, 72)
12 vertices
0 1
0 2
0 3
0 4
1 4
1 5
2 6
2 7
2 8
2 9
3 9
3 4
4 8
5 10
5 6
6 10
6 11
7 11
7 8
8 10
8 9
10 11

# Unit Distance Graph
12 vertices
0 7
0 8
0 10
0 11
1 2
1 8
1 7
2 5
2 10
2 8
2 4
3 6
3 11
3 10
4 7
4 11
4 6
5 9
5 8
6 8
6 9
9 10

# Embedding (with cost 6.66723e-15)
(0.402605, -0.162614, -0.1264) (0.0628912, 0.25227, -0.185995) (0.0796967, -0.7306, -0.369527) (0.557245, -0.136474, -0.373124) (0.509932, 0.170366, -0.425718) (-0.222172, 0.21853, -0.279926) (-0.442626, -0.131706, -0.388477) (-0.155311, -0.383547, -0.926349) (0.247026, -0.0806035, -1.11081) (0.501431, -0.409562, -0.566106) (-0.343502, 0.096315, -0.739816) (-0.356059, -0.185037, -0.777496) 
# Original Graph 58 in [36, 72)
12 vertices
0 1
0 2
0 3
0 4
1 4
1 5
2 5
2 6
2 3
3 6
3 4
4 7
4 8
5 8
5 9
6 10
6 7
7 10
7 11
8 11
9 11
9 10

# Unit Distance Graph
12 vertices
0 7
0 11
0 9
0 10
1 6
1 7
1 10
2 4
2 8
2 11
2 7
3 5
3 9
3 11
3 8
4 6
4 10
4 9
4 5
5 7
5 6
6 8

# Embedding (with cost 7.00342e-15)
(-0.73744, -0.550281, -0.66269) (-0.665964, -0.858407, -0.480721) (-0.804195, -0.268706, -0.261895) (-0.607743, -0.205398, -0.629689) (-0.173557, -0.780393, -0.845395) (-0.53645, -0.908768, 0.0775507) (-0.214538, -0.00744355, -0.212253) (0.188794, -0.359508, -0.337581) (-0.124152, -1.00186, -0.266668) (-0.156759, -0.647589, 0.145605) (-0.039834, -0.226948, -0.0233141) (0.0789514, -0.711938, -0.108279) 
# Original Graph 59 in [36, 72)
12 vertices
0 1
0 2
0 3
1 4
1 5
2 6
2 3
3 7
4 8
4 9
4 10
4 11
5 11
5 6
6 11
7 11
7 9
7 8
8 9
9 11
9 10
10 11

# Unit Distance Graph
12 vertices
0 9
0 10
0 11
1 7
1 9
1 11
2 4
2 10
2 9
3 4
3 11
3 10
4 7
4 11
4 6
5 7
5 8
5 9
6 9
6 8
7 11
8 11

# Embedding (with cost 7.86054e-15)
(-0.369726, -0.22553, 0.000291378) (-0.414322, 0.263106, -0.00655453) (-0.284993, -0.39195, -0.256547) (-0.0723139, -0.484388, 0.0176969) (-0.0301658, 0.512397, 0.0858242) (-0.354534, 0.0695386, -0.483471) (-0.258734, -0.212614, -0.563879) (0.299082, -0.431843, 0.0834531) (0.367886, -0.0481508, 0.197895) (0.568619, 0.105095, -0.100685) (0.398825, 0.336002, -0.306319) (0.18695, 0.0607505, -0.779552) 
# Original Graph 60 in [36, 72)
12 vertices
0 1
0 2
0 3
0 4
1 4
1 5
2 5
2 6
2 3
3 7
4 8
4 9
4 6
5 6
6 9
6 10
7 10
7 11
7 8
8 11
9 11
10 11

# Unit Distance Graph
12 vertices
0 6
0 10
0 11
0 9
1 7
1 11
1 10
2 4
2 9
2 11
2 8
3 4
3 6
3 9
4 7
4 10
4 6
5 7
5 8
5 11
6 8
6 7

# Embedding (with cost 8.9532e-15)
(-0.520023, 0.227197, -0.0815611) (-0.22309, 0.179979, 0.013874) (-0.701259, -0.0901486, 0.105166) (-0.846073, -0.153281, -0.269889) (0.0757506, 0.183535, -0.461715) (-0.289944, -0.190381, 0.253517) (-0.0507761, -0.638281, 0.0938109) (-0.707561, -0.4158, -0.6267) (-0.153116, -0.0824848, -0.731184) (0.0766701, -0.531961, -0.341632) (-0.38865, -0.701465, -0.428446) (-0.278782, -0.531785, -0.686333) 
# Original Graph 61 in [36, 72)
12 vertices
0 1
0 2
0 3
0 4
1 4
1 5
1 6
2 6
2 3
3 7
4 8
4 9
4 10
4 5
5 10
5 11
5 6
7 11
7 8
8 9
9 11
9 10

# Unit Distance Graph
12 vertices
0 5
0 11
0 9
0 10
1 7
1 8
1 9
1 11
2 4
2 10
2 9
3 4
3 5
3 10
4 7
4 11
4 5
4 6
5 8
5 7
6 9
6 8

# Embedding (with cost 9.93311e-15)
(-0.48365, -0.546097, 0.083412) (-0.191648, -0.537105, -0.322271) (-0.567001, -0.202538, -0.0355226) (-0.543733, -0.11665, 0.300168) (0.291619, -0.65734, 0.200966) (0.0907983, 0.076258, -0.448268) (-0.246203, -0.109639, -0.439949) (-0.340057, 0.0753828, 0.454152) (-0.0364304, -0.047654, 0.535835) (0.331887, -0.0453407, 0.373487) (0.426184, -0.131952, 0.0572142) (0.0310173, 0.307427, 0.164746) 
# Original Graph 62 in [36, 72)
12 vertices
0 1
0 2
0 3
0 4
1 4
1 5
1 2
2 5
2 3
3 6
4 6
4 7
4 8
4 9
5 9
6 10
6 7
7 11
8 11
8 9
9 10
10 11

# Unit Distance Graph
12 vertices
0 8
0 9
0 10
0 11
1 6
1 7
1 11
1 10
2 4
2 8
2 11
2 7
3 4
3 9
3 8
4 6
4 10
4 9
4 5
5 7
5 6
6 9

# Embedding (with cost 9.77302e-15)
(-0.435121, -0.288815, 0.131369) (-0.105543, -0.231836, -0.00703588) (-0.446934, -0.325146, -0.166404) (-0.850509, -0.113371, -0.0302031) (-0.136454, 0.426539, 0.415466) (-0.125536, 0.0171782, -0.496841) (-0.996967, 0.219301, -0.0499036) (-0.622945, 0.612115, 0.134534) (-0.209738, 0.646033, -0.142968) (-0.161332, 0.356531, -0.58177) (-0.619575, 0.498355, -0.457137) (-0.513942, 0.672083, -0.134077) 
# Original Graph 63 in [36, 72)
12 vertices
0 1
0 2
0 3
1 4
1 5
1 2
2 6
2 3
3 7
3 8
3 9
4 9
4 8
4 10
5 7
5 6
6 7
7 10
7 11
8 11
8 9
10 11

# Unit Distance Graph
12 vertices
0 7
0 11
0 10
1 3
1 8
1 11
1 7
2 4
2 10
2 11
2 8
3 5
3 7
3 10
3 4
4 7
4 6
5 9
5 8
6 8
6 9
7 9

# Embedding (with cost 9.36703e-15)
(-0.154415, -0.365663, 0.00797341) (-0.12836, 0.185342, 0.406493) (-0.487117, -0.334794, 0.00488457) (-0.0483722, -0.386204, -0.410169) (0.144555, 0.429384, 0.135354) (-0.646171, 0.257849, 0.0671491) (-0.722623, -0.0138035, -0.0917727) (-0.703872, 0.368734, -0.390472) (0.132556, 0.211642, -0.55851) (0.243628, 0.0528945, -0.340589) (-0.230996, 0.588502, -0.281344) (-0.240356, 0.460922, -0.548239) 
# Original Graph 64 in [36, 72)
12 vertices
0 1
0 2
0 3
0 4
1 4
1 5
1 6
1 7
2 8
2 6
2 9
3 5
3 10
4 11
5 11
5 10
5 9
6 9
6 8
6 7
7 8
10 11

# Unit Distance Graph
12 vertices
0 1
0 6
0 9
0 5
1 3
1 5
1 9
1 2
2 5
2 11
2 4
3 7
3 6
4 9
4 6
5 8
5 7
6 11
6 10
7 10
8 10
8 11

# Embedding (with cost 9.34417e-15)
(0.0402756, -0.668826, -0.184685) (-0.177656, -0.704024, 0.790644) (-0.35459, -0.332792, -0.120883) (0.304431, -0.467083, -0.0528315) (0.177661, -0.761692, 0.609018) (0.393103, 0.034721, 0.43219) (-0.483869, -0.0434428, 0.393388) (-0.503241, -0.39711, 0.532634) (-0.511804, -0.284216, 0.150371) (-0.0352409, 0.17809, 0.341653) (0.472159, -0.328204, 0.323236) (0.383457, -0.523057, 0.526486) 
# Original Graph 65 in [36, 72)
12 vertices
0 1
0 2
0 3
1 4
1 5
2 6
2 7
2 3
3 8
4 8
4 9
4 5
5 10
5 11
5 6
6 11
7 11
7 9
8 9
9 11
9 10
10 11

# Unit Distance Graph
12 vertices
0 9
0 10
0 11
1 7
1 9
1 11
2 4
2 5
2 10
2 9
3 5
3 11
3 10
4 7
4 11
4 6
5 8
5 9
5 7
6 9
6 8
8 11

# Embedding (with cost 8.556e-15)
(-0.0095424, -0.466392, 0.229177) (-0.102479, -0.303433, -0.0301406) (0.0300658, -0.341172, 0.739187) (0.287814, -0.483872, 0.424101) (0.438216, -0.064104, -0.130668) (-0.290402, 0.177778, -0.0532723) (-0.288872, 0.0819927, 0.540152) (0.195562, 0.131655, 0.819489) (0.588218, -0.237866, 0.181817) (0.65148, 0.283082, 0.265741) (0.250674, 0.499046, 0.243843) (0.0107769, 0.459562, 0.606265) 
# Original Graph 66 in [36, 72)
12 vertices
0 1
0 2
0 3
0 4
1 5
1 6
1 2
2 7
2 8
3 9
3 10
3 4
4 6
4 5
5 6
6 10
6 7
7 11
8 11
8 9
9 11
10 11

# Unit Distance Graph
12 vertices
0 6
0 7
0 11
0 10
1 3
1 10
1 11
1 9
2 3
2 4
2 6
2 10
3 7
3 6
4 8
4 11
4 7
5 8
5 9
5 11
6 9
6 8

# Embedding (with cost 9.45624e-15)
(-0.0195561, -0.0842003, -0.62627) (0.310627, -0.231202, -0.429779) (0.123002, -0.669526, -0.535103) (-0.668559, -0.125694, -0.256394) (-0.159229, 0.195176, -0.119608) (0.16552, 0.03983, 0.0456746) (0.117196, -0.215078, 0.355651) (0.0102722, -0.764077, 0.106449) (-0.226898, -0.759548, -0.409301) (-0.640114, -0.477959, -0.242157) (-0.408864, -0.359217, 0.252823) (-0.42858, -0.762227, -0.0155506) 
# Original Graph 67 in [36, 72)
12 vertices
0 1
0 2
0 3
1 4
1 5
1 6
1 7
2 8
2 9
3 9
3 10
4 10
4 11
4 8
4 5
5 8
5 6
6 8
6 7
7 8
9 11
10 11

# Unit Distance Graph
12 vertices
0 4
0 5
0 8
1 2
1 9
1 11
1 4
1 8
2 5
2 4
3 5
3 6
3 8
4 8
4 7
5 9
6 10
6 11
6 9
7 11
7 10
8 10

# Embedding (with cost 9.65681e-15)
(0.121562, -0.171364, -0.285661) (0.333038, 0.0812885, -0.448914) (0.315301, 0.0291869, 0.54957) (-0.196726, -0.145077, -0.0396678) (-0.286719, 0.668726, 0.0714883) (0.124288, 0.801859, -0.0558154) (0.516873, 0.543946, -0.166248) (0.609093, 0.269115, -0.123019) (0.520917, 0.278217, 0.513334) (0.0338072, -0.0249559, 0.499333) (-0.362385, 0.129582, 0.0687151) (-0.277623, 0.199762, 0.334066) 
# Original Graph 68 in [36, 72)
12 vertices
0 1
0 2
0 3
0 4
1 4
1 5
1 2
2 6
2 7
2 8
2 9
3 9
3 8
3 10
4 11
5 11
5 6
6 11
6 10
7 10
7 8
8 9

# Unit Distance Graph
12 vertices
0 2
0 7
0 10
0 6
1 3
1 10
1 7
1 8
2 4
2 11
2 6
2 10
2 3
3 6
3 5
4 8
4 7
5 8
5 9
6 9
8 11
9 11

# Embedding (with cost 7.50338e-15)
(0.548403, 0.272537, 0.249943) (0.0237205, 0.700186, -0.0918059) (-0.444573, 0.355772, 0.165861) (0.416545, -0.13823, 0.286013) (0.529638, 0.405803, -0.0541593) (0.10091, 0.549794, -0.367438) (0.105822, 0.109053, -0.631757) (-0.200525, -0.273778, -0.125086) (-0.201968, -0.238818, 0.167686) (0.0226929, -0.166549, 0.325914) (0.0641496, -0.224665, -0.46998) (0.284738, 0.304461, -0.516394) 
# Original Graph 69 in [36, 72)
12 vertices
0 1
0 2
0 3
1 3
1 4
1 5
2 5
2 6
2 7
3 7
4 7
4 8
4 5
5 9
5 10
6 10
6 8
8 11
8 9
9 11
9 10
10 11

# Unit Distance Graph
12 vertices
0 8
0 9
0 11
1 6
1 8
1 11
1 10
2 4
2 5
2 9
2 8
3 9
3 10
3 11
4 6
4 10
4 5
5 7
5 8
5 6
7 10
7 9

# Embedding (with cost 9.46882e-15)
(0.19775, 0.380259, -0.466917) (0.483624, 0.28752, -0.00783812) (-0.0873349, 0.365467, -0.617943) (0.425966, 0.251086, -0.301281) (0.302259, -0.434475, -0.161534) (0.022216, 0.360889, 0.376027) (-0.362941, 0.212213, -0.534769) (0.330333, -0.0831404, -0.465342) (-0.12627, -0.497739, -0.114595) (-0.351355, -0.0250295, 0.26399) (-0.500804, 0.122043, 0.0514868) (-0.346031, -0.265418, 0.0691836) 
# Original Graph 70 in [36, 72)
12 vertices
0 1
0 2
0 3
1 3
1 4
1 5
2 6
2 7
3 7
3 8
3 4
4 8
4 9
5 9
5 6
6 10
7 10
7 8
8 11
8 9
9 11
10 11

# Unit Distance Graph
12 vertices
0 8
0 9
0 11
1 7
1 8
1 11
1 10
2 4
2 9
2 8
3 5
3 6
3 10
3 11
3 9
4 7
4 10
4 6
5 8
5 7
6 8
7 9

# Embedding (with cost 8.28339e-15)
(0.794342, -0.219959, 0.16181) (0.6215, -0.554517, 0.102205) (0.66559, 0.133453, 0.0736675) (0.633775, -0.32508, 0.699365) (0.134766, -0.670966, 0.340383) (0.209278, -0.220458, -0.199999) (0.34579, 0.201412, -0.100554) (0.394382, 0.236805, 0.669855) (0.00963381, -0.141338, 0.77667) (-0.193442, -0.374201, 0.139634) (0.111429, 0.30531, 0.125115) (-0.166881, 0.0472534, 0.229985) 
# Original Graph 71 in [36, 72)
12 vertices
0 1
0 2
0 3
0 4
1 4
1 5
1 6
2 6
2 7
2 8
3 8
3 9
3 10
4 10
4 5
5 9
5 7
6 7
7 11
8 11
9 11
9 10

# Unit Distance Graph
12 vertices
0 5
0 7
0 11
0 9
1 3
1 9
1 11
1 8
2 4
2 5
2 9
2 10
3 6
3 7
3 5
4 8
4 11
4 7
5 8
6 10
6 9
7 10

# Embedding (with cost 8.59096e-15)
(0.194108, 0.231408, 0.464307) (0.406736, 0.395467, 0.139591) (0.866192, 0.064759, 0.640295) (0.32344, -0.50924, 0.557404) (0.126452, 0.0639883, -0.0325974) (0.678184, -0.169307, -0.313574) (0.875187, 0.282746, 0.295997) (1.10459, -0.0366544, 0.149395) (0.667657, -0.421369, 0.65408) (0.498594, -0.586912, -0.0231785) (0.174984, -0.39986, 0.0867962) (0.910222, -0.450483, 0.315288) 
