

# Original Graph 475 in [475, 500)
14 vertices
0 1
0 2
0 3
1 3
1 4
2 5
2 6
3 6
4 7
4 8
5 9
5 7
6 7
7 9
7 10
7 11
7 12
7 13
7 8
8 13
9 10
10 13
10 12
10 11
11 12
12 13

# Unit Distance Graph 475
14 vertices
0 7
0 12
0 11
1 7
1 11
1 10
2 7
2 13
2 12
3 10
3 11
3 12
4 7
4 10
4 9
5 7
5 8
5 13
6 10
6 12
6 13
7 9
7 10
7 13
7 8
8 9

# Embedding 475 (with cost 9.32762e-15)
(0.0101696, 0.287222, 0.0752986) (0.266504, 0.225206, -0.0290163) (-0.219934, 0.192884, 0.211799) (-0.0310689, 0.218737, -0.213713) (0.468246, 0.0301833, -0.0734914) (-0.353395, -0.0253742, 0.334911) (-0.217497, 0.0229828, -0.414941) (-0.27009, -0.410166, -0.584325) (0.549611, -0.239511, -0.0375476) (-0.344137, -0.300403, 0.40687) (-0.190434, -0.552753, 0.402246) (-0.0382095, -0.7078, 0.162422) (0.255529, -0.681427, 0.114259) (0.483065, -0.503385, 0.0668793) 


# Original Graph 476 in [475, 500)
14 vertices
0 1
0 2
0 3
1 3
1 4
1 5
2 6
2 7
2 3
3 7
4 7
4 6
4 8
4 9
4 10
4 11
4 5
5 11
6 8
8 12
9 12
9 10
10 13
11 13
11 12
12 13

# Unit Distance Graph 476
14 vertices
0 4
0 10
0 9
1 4
1 9
1 12
1 8
2 4
2 11
2 13
2 10
3 9
3 10
3 13
3 12
4 6
4 8
4 12
4 11
4 5
5 8
5 6
6 11
7 11
7 12
7 13

# Embedding 476 (with cost 9.51925e-15)
(-0.461429, -0.282527, 0.0187392) (-0.463067, -0.187002, -0.251297) (-0.199808, -0.424268, 0.422124) (-0.401428, -0.255462, 0.296372) (0.2572, 0.407307, 0.106488) (-0.278677, -0.212943, -0.466334) (0.0681407, -0.523733, 0.41861) (-0.230793, -0.0302085, 0.38737) (0.299959, -0.579569, 0.262202) (0.51307, -0.0745599, -0.0655232) (0.413599, 0.193315, -0.0701391) (-0.0123695, -0.295636, -0.551693) (0.460973, -0.545501, -0.118529) (0.266015, -0.264621, -0.448234) 


# Original Graph 477 in [475, 500)
14 vertices
0 1
0 2
0 3
0 4
0 5
1 5
1 4
1 6
2 6
2 7
2 8
2 9
2 10
2 11
3 11
3 4
4 5
6 7
7 10
7 8
8 12
9 12
9 13
10 13
10 11
12 13

# Unit Distance Graph 477
14 vertices
0 7
0 8
0 12
0 13
0 10
1 2
1 10
1 13
1 9
2 6
2 7
2 10
2 11
2 3
2 4
3 8
3 7
4 9
4 12
4 8
5 9
5 13
5 12
6 11
6 10
7 11

# Embedding 477 (with cost 9.25156e-15)
(0.184812, -0.76303, 0.109256) (-0.248472, -0.516438, -0.289589) (0.54475, -0.210453, 0.236882) (-0.325021, -0.661502, 0.437018) (-0.282191, -0.769727, 0.178741) (-0.161598, -0.733302, -0.0746778) (-0.25, -0.24277, -0.369193) (-0.276101, 0.0350808, -0.278789) (-0.0890247, 0.187849, -0.0351146) (0.197935, 0.0858782, 0.372178) (-0.375758, -0.106071, 0.613404) (-0.360076, -0.416657, 0.609401) (-0.0432582, 0.196691, 0.27333) (-0.181665, 0.074622, 0.514267) 


# Original Graph 478 in [475, 500)
14 vertices
0 1
0 2
0 3
0 4
1 4
1 5
2 5
2 6
2 7
2 8
2 9
2 10
2 11
2 3
3 11
4 11
5 6
6 12
7 12
7 13
7 8
8 9
9 13
9 10
10 11
12 13

# Unit Distance Graph 478
14 vertices
0 7
0 8
0 9
0 13
1 2
1 9
1 8
2 5
2 6
2 12
2 13
2 9
2 10
2 11
2 4
3 7
3 13
3 12
4 8
4 7
5 10
5 9
6 11
6 10
7 11
11 12

# Embedding 478 (with cost 9.16184e-15)
(-0.263481, 0.0226161, -1.02705) (-0.498454, 0.0254268, -0.829478) (0.40523, 0.436278, -0.708831) (0.0247986, 0.0435766, -1.05851) (-0.248094, -0.274952, -0.968292) (-0.550196, 0.16661, -0.588669) (-0.479443, 0.187643, -0.314453) (-0.0148681, 0.0715151, -0.0596853) (0.25475, 0.0631255, -0.172772) (0.182427, -0.424838, -0.251843) (0.170537, -0.526456, -0.574433) (0.00197062, -0.456734, -0.908608) (-0.311857, 0.0678361, -0.117192) (0.00382902, -0.250628, -0.102995) 


# Original Graph 479 in [475, 500)
14 vertices
0 1
0 2
0 3
1 4
1 5
1 6
1 7
2 7
2 3
3 8
4 9
4 10
4 11
4 6
4 5
5 6
6 11
6 10
6 12
6 7
8 12
8 13
9 13
9 10
10 11
12 13

# Unit Distance Graph 479
14 vertices
0 6
0 10
0 11
1 6
1 12
1 13
1 9
1 10
2 4
2 11
2 10
3 4
3 6
3 11
4 8
4 12
4 6
4 7
5 8
5 13
5 12
6 9
6 13
6 8
7 10
7 9

# Embedding 479 (with cost 9.71403e-15)
(0.0927598, -0.226893, -0.422562) (-0.0362334, -0.332543, -0.170421) (0.359056, -0.24581, -0.529227) (0.366505, 0.0355131, -0.59406) (0.121376, 0.116421, 0.372048) (0.0618259, -0.259336, 0.185022) (0.921946, -0.418748, 0.102454) (0.542499, -0.463362, -0.325452) (0.538285, 0.258091, -0.525792) (0.515347, 0.487152, -0.0159607) (0.555636, 0.360297, 0.241482) (0.592068, 0.105254, 0.377669) (0.855708, 0.0986425, -0.30651) (0.592268, 0.433904, -0.302883) 


# Original Graph 480 in [475, 500)
14 vertices
0 1
0 2
0 3
1 4
1 5
1 6
1 2
2 6
2 3
3 7
4 8
4 9
4 10
4 11
4 5
5 11
6 11
7 12
7 8
8 12
8 9
9 13
10 13
10 11
11 13
11 12

# Unit Distance Graph 480
14 vertices
0 10
0 11
0 13
1 8
1 9
1 13
1 11
1 12
2 4
2 10
2 13
2 9
3 4
3 11
3 10
4 7
4 12
4 11
4 6
5 7
5 8
5 12
6 9
6 8
7 11
8 11

# Embedding 480 (with cost 6.75809e-15)
(0.333528, -0.18232, 0.178513) (0.569075, -0.0596165, 0.067872) (0.187531, -0.399704, 0.0692631) (-0.158132, -0.153848, 0.16575) (0.457475, 0.499654, -0.274661) (0.615631, 0.0464532, -0.193064) (0.236235, -0.468837, -0.389019) (-0.354506, 0.0126888, 0.0471336) (-0.350319, 0.291373, -0.10967) (-0.207338, 0.425721, -0.334161) (0.133046, 0.216803, -0.716198) (0.106089, -0.281863, -0.790179) (-0.377932, -0.0495572, -0.253183) (-0.100497, 0.304854, -0.579303) 


# Original Graph 481 in [475, 500)
14 vertices
0 1
0 2
0 3
1 3
1 4
2 5
2 6
2 7
3 7
4 8
4 9
5 10
5 8
6 8
6 7
8 10
8 11
8 12
8 9
9 13
9 10
10 13
10 12
10 11
11 12
12 13

# Unit Distance Graph 481
14 vertices
0 8
0 12
0 11
1 8
1 11
1 10
2 8
2 9
2 13
2 12
3 10
3 11
3 12
4 5
4 8
4 10
5 9
5 8
6 9
6 10
6 13
7 10
7 12
7 13
8 10
8 9

# Embedding 481 (with cost 9.25402e-15)
(-0.685389, -0.641597, -0.00660854) (-0.724507, -0.224014, -0.187912) (-0.538184, -0.823419, 0.153628) (-0.838698, -0.404085, 0.00907606) (-0.567572, 0.00851005, -0.225851) (-0.246953, -0.827558, 0.219339) (-0.69856, -0.227235, 0.66412) (-0.861195, -0.443581, 0.299536) (-0.513396, -0.0376208, 0.771614) (-0.293241, 0.0806302, -0.196656) (0.127857, -0.561843, 0.211271) (-0.0464189, -0.0962276, 0.535875) (0.0446315, -0.0204566, 0.278442) (-0.0528748, 0.0252946, -0.0565186) 


# Original Graph 482 in [475, 500)
14 vertices
0 1
0 2
0 3
1 3
1 4
1 5
2 6
2 7
2 8
2 3
3 8
4 7
4 6
4 9
4 10
4 5
5 11
5 12
6 12
7 8
9 12
9 10
10 13
11 13
11 12
12 13

# Unit Distance Graph 482
14 vertices
0 4
0 10
0 9
1 4
1 9
1 12
1 6
2 4
2 5
2 11
2 13
2 10
3 9
3 10
3 13
3 12
4 6
4 12
4 5
5 7
5 6
7 12
7 11
8 11
8 12
8 13

# Embedding 482 (with cost 9.7367e-15)
(-0.415297, -0.134182, -0.0201292) (-0.362332, -0.00228024, -0.264951) (-0.168751, -0.237439, 0.599746) (-0.475674, -0.121453, 0.258406) (-0.0722832, 0.72721, 0.354497) (-0.0972213, 0.0293886, -0.361341) (0.123578, -0.227233, 0.579613) (-0.272473, 0.449159, 0.529209) (-0.432416, 0.0534618, 0.478692) (0.379646, 0.396411, 0.274042) (0.202969, 0.612295, 0.225877) (0.264196, 0.0967142, -0.237452) (0.520903, -0.0629009, 0.200045) (0.384922, 0.284513, -0.0491088) 


# Original Graph 483 in [475, 500)
14 vertices
0 1
0 2
0 3
1 3
1 4
2 5
2 6
3 6
4 7
4 8
4 9
5 10
5 6
6 10
6 7
7 9
7 11
7 12
7 13
7 8
8 13
9 12
9 11
9 10
11 12
12 13

# Unit Distance Graph 483
14 vertices
0 7
0 12
0 11
1 7
1 11
1 9
2 7
2 13
2 12
3 9
3 11
3 12
4 6
4 7
4 9
4 10
5 7
5 8
5 13
6 9
6 12
6 13
6 8
7 10
7 9
8 10

# Embedding 483 (with cost 9.97473e-15)
(-0.00939561, 0.0517438, -0.406238) (-0.129475, 0.314352, -0.369614) (-0.0580236, -0.221322, -0.468511) (0.0183147, -0.119842, -0.176898) (-0.361837, 0.503457, -0.33405) (-0.268625, -0.39805, -0.545761) (-0.0685098, -0.390162, 0.00566267) (-0.604068, -0.166766, 0.367466) (-0.604227, 0.444231, -0.123939) (-0.873355, -0.318805, -0.583517) (-0.577423, -0.43757, -0.594799) (-0.96399, -0.234804, -0.324753) (-0.971919, 0.0139443, -0.137688) (-0.818951, 0.268944, -0.0435068) 


# Original Graph 484 in [475, 500)
14 vertices
0 1
0 2
0 3
0 4
1 4
1 5
2 6
2 7
3 7
3 4
4 7
5 8
5 6
6 9
6 10
6 11
6 7
7 11
8 11
8 12
9 12
9 13
10 13
10 11
11 12
12 13

# Unit Distance Graph 484
14 vertices
0 10
0 11
0 12
0 13
1 6
1 11
1 10
2 8
2 12
2 11
3 9
3 13
3 12
4 6
4 10
4 13
4 9
5 6
5 7
5 11
6 8
6 11
6 7
7 9
7 12
7 8

# Embedding 484 (with cost 9.50403e-15)
(-0.145359, 0.22048, -0.895589) (-0.193536, -0.235569, -0.931584) (0.338989, 0.370626, -0.708264) (-0.368792, 0.244714, -0.550375) (-0.363337, 0.0763139, -0.779368) (-0.0292983, -0.464206, -0.868657) (0.596233, 0.252167, -0.559593) (-0.359986, 0.262997, -0.267141) (0.0464946, -0.581229, -0.616506) (0.53644, -0.156445, -0.410282) (0.327779, -0.125443, -0.0853557) (-0.115023, -0.0897109, 0.0546009) (0.196658, -0.560904, -0.373608) (0.381098, -0.353918, -0.268763) 


# Original Graph 485 in [475, 500)
14 vertices
0 1
0 2
0 3
0 4
0 5
1 5
1 6
2 7
2 3
3 8
3 5
3 4
4 5
6 8
6 9
6 7
7 10
7 11
7 8
8 11
8 9
9 12
10 12
10 13
11 13
12 13

# Unit Distance Graph 485
14 vertices
0 8
0 9
0 12
0 13
0 11
1 7
1 8
1 11
2 6
2 9
2 8
3 6
3 7
3 10
3 12
3 9
4 10
4 13
4 12
5 7
5 11
5 13
5 10
6 8
6 7
7 8

# Embedding 485 (with cost 9.28514e-15)
(0.62418, -0.062037, -0.598524) (0.793508, -0.310491, -0.0429534) (0.114575, -0.0338185, -0.571041) (0.678848, 0.527162, -0.239917) (0.807475, 0.121823, -0.424676) (0.873471, -0.119277, -0.277476) (0.63989, -0.363288, 0.213494) (-0.12139, -0.060407, -0.359844) (0.443815, 0.61257, 0.117279) (0.410943, -0.222544, 0.365201) (-0.0990081, -0.0717054, -0.0493959) (0.140173, 0.427266, 0.126955) (0.143163, -0.142487, 0.274488) (0.00540887, 0.091931, 0.171811) 


# Original Graph 486 in [475, 500)
14 vertices
0 1
0 2
0 3
0 4
1 5
1 6
1 2
2 6
2 7
2 3
3 4
4 8
5 8
5 9
5 10
5 7
5 6
7 10
7 11
7 12
8 12
8 13
9 11
9 10
11 13
12 13

# Unit Distance Graph 486
14 vertices
0 7
0 11
0 9
0 10
1 7
1 12
1 13
1 11
2 5
2 9
2 11
2 13
2 8
3 5
3 10
3 9
4 5
4 7
4 10
5 8
5 12
5 7
6 8
6 13
6 12
7 8

# Embedding 486 (with cost 9.91633e-15)
(0.632985, -0.389711, 0.223609) (0.620642, -0.394354, -0.217376) (-0.016992, -0.854435, 0.0549604) (0.411863, -0.536474, 0.329874) (0.419954, -0.146167, 0.432848) (0.224017, -0.0925979, -0.546304) (0.384885, -0.386641, -0.441471) (-0.288832, -0.72682, 0.0322694) (0.203418, 0.0397306, 0.444688) (-0.101468, 0.0930983, -0.253333) (-0.056823, -0.113354, -0.445563) (-0.197869, 0.128475, 0.0207183) (-0.158345, -0.18367, 0.373209) (-0.0721478, 0.115298, 0.292816) 


# Original Graph 487 in [475, 500)
14 vertices
0 1
0 2
0 3
0 4
1 4
1 2
2 5
3 6
3 7
4 7
4 6
4 8
5 9
5 6
6 10
6 11
6 8
6 7
8 11
8 12
8 13
9 13
9 12
10 12
10 11
12 13

# Unit Distance Graph 487
14 vertices
0 8
0 12
0 10
0 11
1 6
1 11
1 10
2 6
2 8
2 11
3 8
3 13
3 12
4 5
4 6
4 10
4 12
4 9
5 8
5 6
6 9
6 13
6 8
7 9
7 12
7 13

# Embedding 487 (with cost 9.97777e-15)
(0.540729, 0.481772, -0.225448) (0.269375, 0.59453, -0.194382) (0.585566, 0.440334, 0.0507273) (0.456101, 0.160632, -0.48181) (-0.193242, 0.511137, -0.316423) (0.574951, 0.271064, 0.27708) (0.245991, -0.382944, -0.404138) (0.182711, 0.178938, -0.551973) (-0.395203, 0.245722, 0.0359176) (0.367929, 0.154318, 0.430416) (0.0881408, -0.324919, 0.15457) (0.0349685, -0.375277, -0.127097) (0.0665656, -0.153745, 0.383886) (0.0706761, 0.123409, 0.440179) 


# Original Graph 488 in [475, 500)
14 vertices
0 1
0 2
0 3
1 4
1 5
1 6
2 6
2 3
3 7
4 7
4 8
4 9
4 10
4 6
4 5
5 6
6 10
7 11
8 12
8 10
8 9
9 10
10 13
11 13
11 12
12 13

# Unit Distance Graph 488
14 vertices
0 8
0 9
0 10
1 8
1 10
1 13
1 12
2 4
2 9
2 8
3 4
3 10
3 9
4 7
4 11
4 13
4 10
4 6
5 11
5 12
5 13
6 8
6 12
6 11
6 7
7 10

# Embedding 488 (with cost 8.97054e-15)
(0.107821, -0.576302, 0.189649) (0.436805, -0.548758, 0.145519) (0.0427876, -0.550171, -0.162475) (-0.124556, -0.429125, 0.272994) (0.773602, 0.00842212, 0.229806) (0.655365, -0.363194, 0.0716398) (0.228025, -0.411168, -0.495652) (-0.198165, -0.175399, 0.377718) (0.177119, 0.413761, 0.0672869) (0.450523, 0.346149, 0.0117747) (0.122286, 0.1287, -0.519408) (-0.223707, 0.0789405, 0.249822) (-0.0896321, 0.301315, 0.130017) (-0.121075, 0.221834, -0.162634) 


# Original Graph 489 in [475, 500)
14 vertices
0 1
0 2
0 3
0 4
1 5
1 6
1 2
2 6
3 6
3 4
4 7
5 7
5 8
5 9
5 10
5 6
6 10
7 11
8 12
8 13
8 9
9 10
10 13
10 11
11 12
12 13

# Unit Distance Graph 489
14 vertices
0 8
0 9
0 10
0 13
1 10
1 11
1 12
1 13
2 8
2 13
2 12
3 5
3 9
3 8
4 5
4 10
4 9
5 7
5 11
5 10
5 6
6 8
6 12
6 11
6 7
7 10

# Embedding 489 (with cost 7.95356e-15)
(0.108734, 0.505637, 0.36568) (0.239468, 0.390915, -0.0733622) (0.0383562, 0.501808, 0.0917598) (-0.13764, 0.438836, 0.487493) (0.0777592, 0.328697, 0.652227) (0.362504, -0.0455343, -0.23031) (-0.569893, 0.191817, 0.042269) (0.137577, 0.0657912, 0.737685) (0.144683, -0.483658, 0.224246) (0.00825654, -0.41418, -0.0135836) (-0.581283, -0.159398, 0.0800145) (0.0604562, -0.204879, 0.709571) (0.0813245, -0.405102, 0.510887) (-0.128614, -0.463152, 0.294177) 


# Original Graph 490 in [475, 500)
14 vertices
0 1
0 2
0 3
1 3
1 4
1 5
2 6
2 3
3 7
4 7
4 5
5 7
5 8
6 9
6 7
7 10
7 11
7 12
7 8
8 12
8 13
9 13
9 10
10 13
11 13
11 12

# Unit Distance Graph 490
14 vertices
0 7
0 12
0 11
1 7
1 11
1 13
1 10
2 7
2 8
2 12
3 8
3 13
3 11
3 12
4 9
4 10
4 13
5 6
5 7
5 10
5 9
6 8
6 7
7 9
7 13
7 8

# Embedding 490 (with cost 9.84437e-15)
(-0.477809, 0.178092, -0.211606) (-0.243681, 0.328329, -0.262729) (-0.66973, -0.0331068, 0.0185963) (-0.532359, -0.0993305, -0.219629) (0.0253399, 0.241032, -0.265514) (0.0876454, 0.455561, -0.0920308) (-0.65071, -0.0979606, 0.293254) (0.194166, -0.535704, -0.0142593) (0.190312, 0.437466, 0.215798) (-0.499291, -0.0631447, 0.52962) (-0.253304, -0.186878, 0.594283) (0.0431364, -0.0919515, 0.598143) (0.247587, -0.126585, 0.405624) (-0.171186, 0.0628499, 0.698658) 


# Original Graph 491 in [475, 500)
14 vertices
0 1
0 2
0 3
1 3
1 4
2 5
2 6
3 6
4 7
4 8
5 9
5 10
6 11
7 11
7 8
8 11
8 12
8 9
9 12
9 13
9 11
9 10
10 11
11 13
11 12
12 13

# Unit Distance Graph 491
14 vertices
0 11
0 12
0 13
1 9
1 11
1 13
2 8
2 12
2 11
3 9
3 13
3 12
4 9
4 10
4 11
5 7
5 8
5 11
6 8
6 9
6 12
7 10
7 9
8 11
8 10
9 11

# Embedding 491 (with cost 7.93731e-15)
(0.340861, -0.808868, -0.147659) (0.375413, -0.590397, -0.37439) (0.269709, -0.86009, 0.141913) (0.110892, -0.794786, -0.326474) (0.365714, -0.29068, -0.417066) (0.213698, -0.709568, 0.381003) (-0.260385, -0.787987, -0.246669) (0.128111, -0.135631, -0.433412) (0.276253, 0.055726, -0.259631) (0.113903, -0.314124, 0.550427) (-0.0465756, -0.570646, 0.449904) (-0.58734, -0.436811, -0.151859) (0.0236652, 0.108015, 0.094646) (-0.138379, -0.0485044, 0.29072) 


# Original Graph 492 in [475, 500)
14 vertices
0 1
0 2
0 3
1 3
1 4
2 5
2 6
2 3
3 7
4 8
4 9
5 9
5 10
5 7
5 11
5 6
6 11
7 11
7 10
7 12
7 13
8 13
8 9
9 13
9 12
10 12

# Unit Distance Graph 492
14 vertices
0 7
0 12
0 10
1 5
1 7
1 10
2 7
2 13
2 9
2 12
3 5
3 10
3 12
3 9
4 5
4 11
4 7
5 8
5 13
5 7
6 8
6 9
6 13
7 9
8 11
9 11

# Embedding 492 (with cost 9.31544e-15)
(-0.491059, 0.00468473, 0.604604) (-0.225203, 0.0984376, 0.734208) (-0.661936, 0.104625, 0.361207) (-0.357795, -0.227912, 0.488239) (0.00326186, 0.273651, 0.713927) (-0.471513, 0.558601, -0.118776) (-0.653485, 0.211461, 0.0854499) (0.135961, -0.235543, -0.136434) (0.236855, 0.289927, 0.533934) (0.208713, 0.593186, 0.418468) (-0.0810704, 0.453299, -0.189533) (-0.470696, 0.136537, -0.15588) (0.224473, 0.484889, 0.0972397) (0.325829, 0.0547431, 0.21345) 


# Original Graph 493 in [475, 500)
14 vertices
0 1
0 2
0 3
1 3
1 4
1 5
2 6
2 7
3 7
4 8
4 5
5 9
6 10
6 11
6 8
7 8
8 11
8 12
8 13
8 9
9 13
9 10
10 13
10 12
10 11
12 13

# Unit Distance Graph 493
14 vertices
0 8
0 13
0 12
1 8
1 12
1 10
1 11
2 8
2 9
2 13
3 10
3 12
3 13
4 6
4 11
4 10
5 6
5 8
5 11
6 9
6 8
7 9
7 10
7 13
8 10
8 9

# Embedding 493 (with cost 7.63839e-15)
(0.000755583, -0.312414, -0.816178) (0.30244, -0.0127022, -0.901091) (-0.212093, -0.414639, -0.610616) (-0.0105995, -0.0725373, -0.981021) (0.220144, 0.264575, -0.873535) (0.443565, 0.207186, -0.585697) (-0.322816, -0.388808, -0.346009) (-0.319444, 0.103016, -0.943228) (-0.494982, 0.542929, -0.665736) (0.392725, 0.305737, -0.271128) (-0.0932855, -0.0690289, 0.0155484) (-0.419736, -0.142348, -0.22164) (-0.14817, 0.357326, -0.0886693) (0.140662, 0.366417, -0.0953357) 


# Original Graph 494 in [475, 500)
14 vertices
0 1
0 2
0 3
1 3
1 4
1 5
2 6
2 7
2 8
3 8
4 7
4 5
5 7
5 9
6 10
6 11
7 11
7 12
7 13
7 8
9 13
9 10
10 13
10 12
10 11
12 13

# Unit Distance Graph 494
14 vertices
0 7
0 13
0 12
1 7
1 12
1 10
1 11
2 5
2 9
2 13
2 7
3 10
3 12
3 13
4 6
4 11
4 10
5 7
5 11
5 6
6 7
7 10
7 9
8 9
8 10
8 13

# Embedding 494 (with cost 9.89761e-15)
(0.283431, -0.272283, 0.14684) (-0.220754, -0.395492, 0.231395) (0.480046, -0.108385, -0.0288873) (0.0368855, -0.271173, 0.326039) (-0.419449, -0.147724, 0.226105) (-0.492022, -0.343082, -0.0279905) (0.41873, -0.0400781, -0.308562) (-0.205236, 0.600157, 0.139507) (0.127317, 0.101792, 0.365982) (-0.446586, -0.213106, -0.389979) (0.0697844, 0.0227387, -0.629227) (0.259384, 0.179008, -0.431491) (-0.242798, 0.436906, -0.322344) (-0.373127, 0.116254, -0.499667) 


# Original Graph 495 in [475, 500)
14 vertices
0 1
0 2
0 3
1 3
1 4
1 5
2 6
2 7
2 3
3 7
4 8
4 5
5 8
5 9
5 10
6 10
6 11
7 8
8 11
8 12
8 13
9 13
9 10
10 12
10 11
12 13

# Unit Distance Graph 495
14 vertices
0 8
0 13
0 12
1 8
1 12
1 10
1 11
2 5
2 9
2 13
2 8
3 9
3 10
3 12
3 13
4 6
4 11
4 10
5 7
5 8
5 11
5 6
6 8
7 10
7 9
8 10

# Embedding 495 (with cost 9.59747e-15)
(0.142597, -0.12172, -0.00403194) (-0.306286, -0.0155695, 0.275128) (0.229976, -0.319683, -0.204139) (0.216358, -0.179288, 0.263527) (-0.434623, -0.236145, 0.42242) (-0.692758, -0.261376, 0.176862) (0.101981, -0.519932, -0.372264) (0.25472, -0.494704, 0.395594) (-0.0548835, -0.953194, 0.515249) (-0.696811, -0.549461, 0.0929572) (-0.254707, -0.717042, -0.4357) (0.0345849, -0.777984, -0.2749) (-0.330974, -0.997633, 0.0881992) (-0.538868, -0.82962, 0.181661) 


# Original Graph 496 in [475, 500)
14 vertices
0 1
0 2
0 3
1 4
1 5
1 6
1 2
2 6
2 3
3 7
3 8
4 9
4 10
4 11
4 5
5 11
6 11
6 10
6 12
6 13
7 13
7 8
8 13
8 9
9 12
10 12

# Unit Distance Graph 496
14 vertices
0 6
0 12
0 10
1 6
1 13
1 8
1 9
1 12
2 4
2 10
2 12
2 9
3 4
3 11
3 6
3 10
4 7
4 13
4 6
5 7
5 8
5 13
6 9
6 8
7 11
8 11

# Embedding 496 (with cost 9.62375e-15)
(0.280555, -0.714345, 0.530279) (0.363811, -0.447953, 0.584293) (0.0488961, -0.877099, 0.514518) (0.0507066, -1.03166, 0.183409) (0.381016, -0.114881, -0.041108) (0.333927, -0.198064, 0.410576) (-0.561974, -0.245553, 0.264988) (-0.16039, -0.955278, -0.0163639) (0.0160034, -0.880647, -0.247455) (0.15571, -0.472051, -0.393517) (-0.275395, -0.114325, -0.0449566) (0.100835, -0.0380322, 0.284338) (-0.153019, -0.268388, -0.252751) (-0.383212, -0.758724, -0.00339586) 


# Original Graph 497 in [475, 500)
14 vertices
0 1
0 2
0 3
1 4
1 5
2 6
2 7
2 3
3 4
4 7
5 8
5 9
6 10
6 8
7 8
8 10
8 11
8 12
8 9
9 13
9 10
10 13
10 11
11 13
11 12
12 13

# Unit Distance Graph 497
14 vertices
0 8
0 12
0 11
1 8
1 11
1 10
2 8
2 9
2 13
2 12
3 11
3 12
3 13
4 10
4 11
4 13
5 6
5 8
5 10
6 9
6 8
7 9
7 10
7 13
8 10
8 9

# Embedding 497 (with cost 9.79434e-15)
(0.0517111, 0.197572, 0.353789) (0.27193, 0.0191566, 0.310188) (-0.425169, 0.261561, 0.333148) (-0.135739, 0.349142, 0.20531) (0.00738897, 0.321744, -0.0892763) (0.325121, -0.262483, 0.275978) (-0.622615, 0.0531719, 0.322418) (-0.106733, 0.209517, -0.354046) (-0.192966, -0.110178, -0.56568) (0.194546, -0.519863, 0.260149) (-0.673893, -0.304844, 0.289197) (-0.457441, -0.562763, -0.0495155) (-0.262157, -0.527111, -0.259661) (-0.0407504, -0.645332, 0.160618) 


# Original Graph 498 in [475, 500)
14 vertices
0 1
0 2
0 3
0 4
1 5
1 2
2 6
2 7
2 8
2 9
2 10
2 11
2 3
3 11
3 4
4 5
5 6
6 7
7 12
8 12
8 9
9 13
9 10
10 13
10 11
12 13

# Unit Distance Graph 498
14 vertices
0 8
0 9
0 13
0 12
1 9
1 10
1 13
2 3
2 4
2 5
2 6
2 7
2 12
2 13
2 10
2 11
3 8
3 12
3 7
4 9
4 8
5 10
5 9
6 11
6 10
7 11

# Embedding 498 (with cost 9.52357e-15)
(-0.784241, -0.610768, -0.374364) (-0.805037, -0.777517, -0.146851) (-1.21156, -0.497329, 0.310402) (-0.70444, -0.204223, -0.5001) (-0.501593, -0.615121, -0.383908) (-0.364086, -0.764311, -0.148402) (-0.256278, -0.712856, 0.107976) (-0.211835, -0.520593, 0.310609) (-0.606278, -0.146768, 0.49341) (-0.608437, 0.0818722, 0.325166) (-0.613459, 0.201777, -0.0814151) (-0.698182, 0.0661553, -0.336841) (-0.245574, -0.250418, 0.387203) (-0.341864, -0.00433531, 0.286348) 


# Original Graph 499 in [475, 500)
14 vertices
0 1
0 2
0 3
0 4
1 4
1 5
2 6
2 3
3 7
4 7
5 8
5 6
6 8
6 9
6 10
6 11
6 12
7 12
8 11
8 13
8 9
9 13
9 10
10 11
11 13
11 12

# Unit Distance Graph 499
14 vertices
0 9
0 10
0 11
0 13
1 6
1 11
1 10
2 8
2 13
2 11
3 8
3 9
3 13
4 6
4 10
4 9
5 6
5 12
5 11
6 8
6 11
6 12
6 7
7 9
7 8
8 12

# Embedding 499 (with cost 8.95075e-15)
(0.202344, -0.546746, -0.383838) (0.510393, -0.530787, -0.280454) (-0.0682738, -0.141601, -0.382374) (-0.0714381, -0.470587, -0.30128) (0.121824, -0.686775, -0.147265) (0.720032, -0.360521, -0.146347) (-0.0292062, 0.301724, -0.154926) (-0.0941479, -0.665838, 0.0892165) (0.788803, -0.198122, 0.129705) (0.44009, 0.156139, 0.286558) (0.127548, 0.239506, 0.229525) (0.0392524, -0.366233, 0.586119) (-0.117979, -0.546964, 0.366465) (0.426968, -0.106894, 0.485688) 
