# Original Graph 0 in [0, 50)
14 vertices
0 1
0 2
0 3
0 4
0 5
0 6
1 6
1 7
2 8
2 3
3 4
4 9
5 9
5 10
5 11
5 12
6 12
7 12
7 13
7 8
8 10
8 9
9 10
11 13
11 12
12 13

# Unit Distance Graph
14 vertices
0 5
0 11
0 13
0 7
0 8
0 10
1 5
1 10
1 9
2 5
2 12
2 11
3 11
3 12
3 13
4 7
4 13
4 12
5 8
5 7
6 8
6 9
6 10
7 9
8 12
9 12

# Embedding (with cost 9.86372e-15)
(0.109373, 0.253334, 0.109989) (0.462178, -0.156472, -0.00295116) (-0.0849376, -0.332957, 0.304501) (-0.118869, -0.0156892, 0.330877) (-0.0860032, 0.0461548, 0.626438) (0.561827, 0.0324128, 0.973979) (0.584767, 0.0994962, 0.0872803) (0.522926, -0.647558, 0.241773) (0.0864191, -0.682606, 0.461401) (0.00993038, -0.079877, 0.885646) (0.257548, -0.229321, 0.973174) (0.783691, -0.115525, 0.749706) (0.87767, -0.0754576, 0.388647) (0.806165, -0.373342, 0.458928) 
# Original Graph 1 in [0, 50)
14 vertices
0 1
0 2
0 3
0 4
0 5
1 6
1 2
2 3
3 7
4 7
4 8
4 6
4 9
4 10
5 10
5 11
6 12
6 8
7 8
9 13
9 10
10 13
10 12
10 11
11 12
12 13

# Unit Distance Graph
14 vertices
0 4
0 9
0 13
0 12
0 6
1 4
1 10
1 9
2 9
2 10
2 13
3 10
3 12
3 13
4 6
4 12
4 11
4 5
5 6
5 8
6 10
7 10
7 11
7 12
8 11
8 10

# Embedding (with cost 9.85196e-15)
(0.0347066, -0.731393, 0.492029) (-0.298952, -0.0436983, 0.378619) (-0.298723, -0.324487, 0.32253) (-0.217225, -0.456043, 0.0821124) (0.312585, -0.304331, -0.368437) (0.296213, -0.592384, 0.589037) (-0.21398, 0.218371, 0.302019) (-0.112483, -0.335467, -0.165108) (-0.193042, 0.0822671, 0.0363391) (0.6086, -0.105998, -0.0366745) (0.688537, -0.196596, 0.417199) (0.519495, -0.322057, 0.609762) (0.426788, 0.188535, 0.49414) (0.631091, 0.0395561, 0.268504) 
# Original Graph 2 in [0, 50)
14 vertices
0 1
0 2
0 3
0 4
0 5
0 6
1 6
1 7
1 2
2 7
2 8
2 9
3 9
3 8
3 10
3 4
4 11
5 12
5 13
6 13
7 12
8 10
8 9
10 11
11 12
12 13

# Unit Distance Graph
14 vertices
0 2
0 8
0 10
0 11
0 12
0 7
1 3
1 4
1 11
1 10
2 5
2 12
2 11
2 4
3 7
3 12
3 13
3 6
4 7
5 9
5 8
6 10
6 8
8 13
9 13
9 12

# Embedding (with cost 8.76467e-15)
(0.410323, -0.653531, 0.352483) (-0.350393, -0.557876, 0.456544) (-0.546793, -0.587271, 0.0704577) (0.205076, -0.465446, -0.36984) (0.360949, -0.245744, -0.173191) (0.300672, -0.244, 0.475388) (-0.0976563, -0.445212, 0.583021) (-0.520835, -0.293307, 0.296059) (-0.155307, -0.338385, -0.409584) (-0.314161, -0.546062, -0.25313) (-0.000508646, -0.0490021, -0.329985) (0.0671039, 0.191753, -0.0570236) (-0.0337366, 0.240729, 0.296708) (0.0572086, -0.0267622, 0.516553) 
# Original Graph 3 in [0, 50)
14 vertices
0 1
0 2
0 3
0 4
0 5
0 6
1 7
1 8
1 2
2 8
2 9
2 10
3 10
3 11
3 4
4 12
5 13
5 6
6 7
7 13
8 13
9 11
9 10
10 11
11 12
12 13

# Unit Distance Graph
14 vertices
0 2
0 9
0 11
0 12
0 13
0 8
1 3
1 4
1 12
1 11
2 5
2 13
2 12
2 4
3 8
3 13
3 7
4 8
5 10
5 9
6 9
6 10
6 11
7 11
7 10
10 13

# Embedding (with cost 9.93383e-15)
(0.506878, -0.376812, -0.163706) (0.240508, 0.00679514, -0.906335) (0.435496, 0.209224, -0.970841) (0.886076, 0.198102, -0.166982) (0.680312, 0.0739457, -0.010755) (0.0208684, -0.00383567, -0.0861437) (0.108712, -0.235578, -0.225013) (-0.027287, -0.0978629, -0.446574) (0.138958, 0.274599, -0.827256) (0.653844, 0.441461, -0.719431) (0.849959, 0.379953, -0.492732) (0.637441, 0.613178, -0.217317) (0.158367, 0.556274, -0.0748748) (-0.0870351, 0.427537, -0.146644) 
# Original Graph 4 in [0, 50)
14 vertices
0 1
0 2
0 3
0 4
0 5
0 6
1 7
1 8
2 8
2 9
2 3
3 9
3 10
3 11
3 4
4 11
4 12
5 12
5 13
6 13
6 7
7 13
8 12
9 11
9 10
10 11

# Unit Distance Graph
14 vertices
0 2
0 9
0 11
0 4
0 12
0 8
1 3
1 4
1 11
2 5
2 12
2 4
3 8
3 12
3 5
3 13
3 7
4 8
5 9
6 9
6 10
6 11
7 11
7 10
9 13
10 13

# Embedding (with cost 9.82903e-15)
(0.0129227, 0.141187, 0.799979) (-0.549135, -0.399977, 0.779934) (-0.878044, -0.175061, 0.474149) (-0.374849, 0.38006, 0.178963) (-0.0629497, -0.309905, -0.0892672) (0.0649034, -0.494891, 0.381638) (-0.0308306, -0.1464, 0.839153) (-0.259379, -0.369587, 0.830649) (-0.780066, -0.433137, 0.596705) (-0.765404, 0.0257455, 0.182824) (-0.515459, 0.152418, 0.017056) (-0.27126, -0.0920432, -0.12999) (-0.0393308, -0.557413, 0.0863773) (-0.00900593, -0.410276, 0.670417) 
# Original Graph 5 in [0, 50)
14 vertices
0 1
0 2
0 3
0 4
1 5
1 6
1 7
2 8
2 3
3 9
4 9
4 10
5 10
5 7
5 11
5 12
6 12
6 13
6 7
7 13
7 8
8 10
8 9
11 13
11 12
12 13

# Unit Distance Graph
14 vertices
0 5
0 11
0 13
0 7
1 5
1 7
1 8
1 10
2 5
2 12
2 11
3 11
3 12
3 13
4 6
4 7
4 13
5 8
5 7
6 10
6 8
6 9
7 10
8 12
9 13
9 12

