

# Original Graph 25 in [25, 50)
14 vertices
0 1
0 2
0 3
0 4
0 5
0 6
1 7
1 8
1 2
2 9
3 9
3 10
3 11
3 12
4 12
4 7
4 5
5 13
5 6
6 13
7 13
7 12
8 11
8 9
9 10
10 11

# Unit Distance Graph 25
14 vertices
0 1
0 8
0 11
0 3
0 12
0 7
1 4
1 12
1 3
2 4
2 7
2 12
3 7
3 13
3 6
4 9
4 8
5 8
5 9
5 10
5 11
6 11
6 10
7 9
9 13
10 13

# Embedding 25 (with cost 9.50416e-15)
(-0.217222, 0.163709, -0.0373248) (0.560747, -0.43942, 0.138742) (0.219977, 0.144664, -0.269318) (0.0658177, -0.501819, -0.727948) (-0.351368, -0.672956, -0.198167) (-0.363042, -0.36247, 0.0917206) (-0.279194, -0.0850223, 0.113032) (0.17422, -0.712576, 0.243562) (0.606945, -0.391374, -0.149711) (0.393755, -0.076173, -0.495895) (0.312252, -0.357687, -0.645812) (0.48723, -0.427095, -0.430641) (-0.191396, -0.750226, -0.442361) (-0.0627041, -0.540636, 0.262999) 


# Original Graph 26 in [25, 50)
14 vertices
0 1
0 2
0 3
0 4
0 5
0 6
1 7
1 8
2 8
2 9
3 9
3 10
3 11
3 4
4 7
4 12
5 12
5 13
5 6
6 13
7 13
7 12
8 11
8 9
9 10
10 11

# Unit Distance Graph 26
14 vertices
0 1
0 8
0 11
0 3
0 4
0 7
1 4
1 3
2 4
2 12
2 7
3 7
3 13
3 6
4 8
5 8
5 9
5 10
5 11
6 11
6 10
7 9
8 12
9 13
9 12
10 13

# Embedding 26 (with cost 9.6989e-15)
(0.114284, -0.824817, -0.224356) (0.0896931, 0.0369061, 0.282428) (0.447858, -0.484493, -0.266147) (-0.0727053, 0.0323302, -0.704287) (-0.387361, -0.0421672, -0.592882) (-0.405532, -0.562409, -0.0580507) (-0.157309, -0.725124, -0.0569033) (-0.273051, -0.0479878, 0.27214) (0.328959, 0.0997965, 0.0902954) (0.429351, -0.157711, -0.431132) (0.189615, 0.0713141, -0.552212) (0.249874, 0.165298, -0.260253) (-0.534446, -0.305969, -0.209514) (-0.340534, -0.37423, 0.169198) 


# Original Graph 27 in [25, 50)
14 vertices
0 1
0 2
0 3
0 4
0 5
1 6
1 7
1 8
1 2
2 8
2 9
2 3
3 9
3 7
3 10
4 11
4 12
5 12
5 13
6 13
6 10
7 9
7 8
10 11
11 12
12 13

# Unit Distance Graph 27
14 vertices
0 1
0 7
0 3
0 10
0 6
1 4
1 11
1 10
1 3
2 6
2 10
2 11
2 12
2 13
3 6
3 13
3 5
4 8
4 7
5 7
5 9
7 12
8 12
8 11
9 13
9 12

# Embedding 27 (with cost 9.95856e-15)
(0.358855, -0.120502, -0.157097) (-0.58141, 0.187503, -0.302132) (0.00978268, 0.0403003, 0.243553) (-0.406068, -0.696827, 0.130552) (0.197617, -0.43156, -0.401527) (0.0857231, -0.204951, -0.587918) (-0.535508, -0.0184142, -0.592636) (-0.594119, -0.156346, 0.143829) (-0.519462, 0.121307, 0.022898) (-0.376631, -0.266516, 0.296638) (-0.389825, -0.783431, -0.158666) (-0.157798, -0.713942, -0.391298) (-0.0252766, -0.465961, -0.618114) (-0.295179, -0.13879, -0.691821) 


# Original Graph 28 in [25, 50)
14 vertices
0 1
0 2
0 3
0 4
0 5
1 5
1 6
2 7
2 3
3 7
3 4
4 8
4 9
4 10
4 11
4 5
5 6
6 11
6 12
7 13
7 8
8 9
9 13
10 12
10 11
12 13

# Unit Distance Graph 28
14 vertices
0 4
0 10
0 12
0 13
0 9
1 4
1 9
1 8
2 4
2 11
2 10
3 6
3 12
3 10
3 11
4 7
4 13
4 12
4 6
5 7
5 8
5 9
5 13
6 8
6 7
7 11

# Embedding 28 (with cost 9.05951e-15)
(-0.193486, 0.914144, -0.162706) (0.0579992, 0.708765, 0.0959572) (-0.625766, 0.658058, -0.212519) (-0.424473, 0.827951, -0.325497) (0.0504204, 0.110185, -0.70507) (0.211898, 0.615576, -0.126239) (0.089652, 0.227741, 0.287221) (-0.762839, 0.406231, -0.204104) (-0.661995, 0.195909, -0.371575) (-0.559287, -0.0152491, -0.211876) (0.0903032, -0.029332, -0.333925) (0.166071, 0.0690917, -0.0509229) (-0.310754, -0.00197815, 0.220658) (-0.561978, 0.016738, 0.0799368) 


# Original Graph 29 in [25, 50)
14 vertices
0 1
0 2
0 3
0 4
0 5
1 6
1 7
1 8
1 2
2 3
3 4
4 8
5 7
5 9
6 9
6 10
6 11
6 7
7 12
7 8
9 10
10 12
10 13
10 11
11 13
12 13

# Unit Distance Graph 29
14 vertices
0 6
0 7
0 12
0 13
0 11
1 5
1 9
1 10
1 12
1 7
2 10
2 13
2 12
3 10
3 11
3 13
4 6
4 11
4 10
5 7
5 6
6 7
6 8
7 9
8 10
8 9

# Embedding 29 (with cost 8.91411e-15)
(-0.140543, -0.257682, 0.239824) (-0.169229, 0.412873, -0.255458) (-0.250958, 0.0656335, -0.134932) (-0.165134, -0.210341, -0.0752835) (0.0620534, -0.30053, -0.226603) (0.0908184, -0.220808, 0.473118) (0.176761, 0.663327, 0.0138586) (0.663125, -0.134515, -0.342369) (0.31238, -0.23992, -0.393268) (0.280471, 0.0534315, 0.562204) (0.546781, 0.277928, 0.429466) (0.46251, 0.53492, 0.149772) (0.74835, 0.0454337, -0.103674) (0.705458, 0.253588, 0.0885454) 


# Original Graph 30 in [25, 50)
14 vertices
0 1
0 2
0 3
0 4
0 5
0 6
1 6
1 7
1 8
1 2
2 8
2 7
2 9
3 9
3 10
3 11
4 11
4 12
5 13
5 7
5 6
7 8
9 10
10 13
11 12
12 13

# Unit Distance Graph 30
14 vertices
0 2
0 9
0 10
0 13
0 5
0 7
1 3
1 11
1 12
1 13
1 10
2 5
2 13
2 12
2 4
3 7
3 5
3 6
4 7
4 8
5 9
6 10
6 9
7 11
8 12
8 11

# Embedding 30 (with cost 8.82819e-15)
(0.0420653, -0.398912, 0.705916) (-0.368103, 0.215477, 0.60566) (0.0591575, 0.600762, 0.724857) (0.630996, 0.182873, 0.632841) (0.302832, -0.351679, 0.541886) (0.0116538, 0.11798, -0.149594) (-0.307175, -0.123713, 0.472094) (-0.238856, 0.415182, 0.197651) (-0.244015, 0.485178, 0.516809) (0.433805, 0.520155, 0.662837) (0.558245, 0.322697, 0.244571) (0.579397, -0.0814888, 0.4871) (0.467464, -0.131309, 0.179552) (0.327697, 0.111732, -0.105044) 


# Original Graph 31 in [25, 50)
14 vertices
0 1
0 2
0 3
0 4
1 5
1 6
2 6
2 7
2 8
2 9
2 10
2 3
3 10
3 11
4 11
4 12
5 10
5 9
6 9
6 7
7 8
8 9
10 13
11 13
11 12
12 13

# Unit Distance Graph 31
14 vertices
0 2
0 10
0 5
0 9
1 2
1 3
1 10
2 5
2 10
2 13
2 12
2 4
3 6
3 9
3 5
4 9
4 8
6 11
6 13
6 10
7 11
7 12
7 13
8 12
8 11
9 11

# Embedding 31 (with cost 9.94788e-15)
(0.42251, 0.166964, 0.404309) (0.625652, 0.032177, 0.21834) (0.443877, -0.73747, 0.830387) (-0.0272457, -0.401594, 0.839281) (0.142423, 0.120755, 0.414965) (0.141263, -0.638364, -0.11756) (0.767989, -0.24656, 0.253135) (0.735445, -0.560244, 0.365064) (0.577161, -0.764343, 0.248816) (0.415585, -0.754058, 0.0148598) (-0.157342, -0.566581, 0.0497891) (-0.164047, -0.200132, 0.612516) (-0.139115, -0.0753601, 0.359504) (-0.226495, -0.339344, 0.20421) 


# Original Graph 32 in [25, 50)
14 vertices
0 1
0 2
0 3
0 4
0 5
1 6
1 7
1 2
2 7
2 8
2 3
3 8
3 9
3 7
3 10
4 10
4 11
5 11
5 12
6 13
6 10
7 9
8 9
11 13
11 12
12 13

# Unit Distance Graph 32
14 vertices
0 1
0 7
0 3
0 10
0 6
1 4
1 10
1 3
2 4
2 11
2 13
2 6
2 10
3 6
3 13
3 12
3 5
4 7
5 7
5 9
7 11
8 11
8 12
8 13
9 12
9 11

# Embedding 32 (with cost 9.87524e-15)
(0.101739, -0.115829, -0.00498817) (-0.787637, 0.15682, 0.361991) (0.0412488, -0.177419, 0.395268) (-0.533227, -0.80988, 0.334295) (-0.579582, -0.587016, -0.273163) (-0.0959083, -0.0955082, -0.211989) (-0.87007, 0.0996346, 0.0907365) (-0.71107, -0.0757899, 0.576165) (-0.318111, -0.486649, 0.57033) (-0.584126, -0.37296, 0.615455) (-0.660933, -0.762593, -0.010334) (-0.57003, -0.320662, -0.383077) (-0.450418, -0.0634452, -0.325992) (-0.76195, 0.0260448, -0.16462) 


# Original Graph 33 in [25, 50)
14 vertices
0 1
0 2
0 3
0 4
0 5
1 6
1 7
2 8
2 3
3 9
3 10
4 10
4 11
4 9
4 12
4 5
5 12
5 6
6 13
6 7
7 13
8 13
8 9
9 11
10 11
12 13

# Unit Distance Graph 33
14 vertices
0 4
0 12
0 13
0 8
0 9
1 4
1 9
1 11
2 4
2 5
2 12
3 5
3 6
3 13
3 12
4 8
4 13
4 7
5 9
5 8
6 10
6 11
6 9
7 11
7 10
10 13

# Embedding 33 (with cost 9.28358e-15)
(0.390261, -0.236732, 0.175667) (0.358381, -0.125962, 0.454828) (-0.0577092, -0.461447, 0.215965) (-0.149243, -0.328941, -0.100601) (-0.272113, 0.485564, -0.0232022) (0.0703611, 0.515199, 0.388482) (0.182837, 0.157488, 0.707551) (-0.0314994, -0.013793, 0.809112) (-0.520694, -0.2666, 0.58709) (-0.608384, -0.19696, 0.209217) (-0.263734, -0.0496697, -0.162886) (-0.419004, 0.187552, -0.0904991) (-0.230999, 0.491262, 0.4656) (-0.331648, -0.025118, 0.834503) 


# Original Graph 34 in [25, 50)
14 vertices
0 1
0 2
0 3
0 4
0 5
0 6
1 7
1 2
2 8
2 9
2 3
3 9
3 10
3 11
3 4
4 11
4 5
5 12
5 6
6 12
7 13
7 8
8 10
9 10
11 13
12 13

# Unit Distance Graph 34
14 vertices
0 3
0 11
0 13
0 7
0 8
0 10
1 3
1 4
1 11
2 4
2 5
2 12
2 13
2 11
3 7
3 13
3 12
3 6
4 8
4 7
5 9
5 10
5 8
6 10
6 9
9 12

# Embedding 34 (with cost 9.56541e-15)
(0.569972, 0.179456, 0.193038) (0.257485, 0.587571, -0.0215896) (0.417647, 0.521351, -0.372619) (0.124337, -0.206439, -0.614734) (0.107171, -0.395858, -0.122952) (0.113546, -0.136945, 0.31598) (0.322429, 0.0705976, 0.325484) (-0.338673, 0.498066, -0.076873) (-0.179002, 0.530152, -0.369145) (0.135267, 0.0948352, -0.656546) (-0.0711293, 0.298379, -0.565149) (-0.187319, -0.269627, -0.28113) (-0.192387, 0.0840995, 0.288191) (-0.422896, 0.242347, 0.0917559) 


# Original Graph 35 in [25, 50)
14 vertices
0 1
0 2
0 3
0 4
0 5
0 6
1 6
1 7
1 8
2 8
2 9
2 10
2 11
3 11
3 4
4 12
4 13
4 5
5 13
6 12
6 7
7 10
8 9
9 10
11 12
12 13

# Unit Distance Graph 35
14 vertices
0 2
0 11
0 12
0 6
0 7
0 10
1 3
1 4
1 12
1 11
2 6
2 12
2 13
2 5
3 7
3 6
4 8
4 9
4 10
4 7
5 10
5 9
6 11
8 13
8 12
9 13

# Embedding 35 (with cost 9.95442e-15)
(0.240591, -0.297343, 0.639454) (0.710594, -0.103295, 0.511945) (0.569763, -0.311523, -0.304709) (-0.0397599, -0.316784, -0.113668) (-0.214904, -0.123622, 0.133738) (-0.0908798, -0.111724, 0.418915) (0.367265, 0.560365, 0.141167) (0.625161, 0.412203, 0.048989) (0.779062, -0.182393, 0.22636) (0.75278, -0.160026, -0.115786) (0.709634, 0.168717, -0.110736) (0.26215, -0.298395, -0.360313) (0.0497977, 0.473592, 0.0317886) (-0.117338, 0.254393, 0.150956) 


# Original Graph 36 in [25, 50)
14 vertices
0 1
0 2
0 3
0 4
0 5
0 6
1 6
1 5
1 7
2 8
2 9
3 9
3 10
3 7
3 4
4 7
4 5
5 6
7 8
8 11
9 11
9 12
10 12
10 13
11 13
12 13

# Unit Distance Graph 36
14 vertices
0 3
0 7
0 8
0 11
0 13
0 10
1 3
1 10
1 12
1 9
2 3
2 4
2 7
3 8
3 7
4 9
4 11
4 8
5 9
5 12
5 13
5 11
6 10
6 13
6 12
7 9

# Embedding 36 (with cost 7.97249e-15)
(-0.328527, 0.490881, 0.203739) (0.154572, -0.153194, 0.249337) (-0.139505, 0.67695, 0.393202) (0.480008, 0.551064, -0.381624) (0.264331, 0.294135, -0.437683) (-0.0963357, 0.0457254, -0.130791) (-0.232547, 0.146184, 0.0961615) (0.435787, -0.139297, 0.340488) (0.535932, 0.0862196, 0.502) (0.211777, 0.83329, 0.402883) (0.594791, 0.653985, -0.143943) (0.618578, 0.356905, 0.49536) (0.562549, 0.751794, 0.128705) (0.666944, 0.5402, 0.285021) 


# Original Graph 37 in [25, 50)
14 vertices
0 1
0 2
0 3
0 4
0 5
0 6
1 6
1 7
1 8
2 8
2 9
3 9
3 7
3 10
4 10
4 5
5 11
5 12
5 13
6 13
6 7
8 9
10 11
11 13
11 12
12 13

# Unit Distance Graph 37
14 vertices
0 3
0 10
0 11
0 13
0 6
0 7
1 4
1 5
1 11
1 10
2 11
2 12
2 13
3 6
3 13
3 5
4 7
4 6
5 8
5 9
5 7
6 10
8 12
8 11
9 13
9 12

# Embedding 37 (with cost 9.2054e-15)
(0.433073, 0.340071, -0.601186) (-0.184964, 0.561966, -0.0240468) (0.0107715, 0.39969, -0.590973) (-0.360921, -0.22711, -0.382378) (0.457191, -0.0749016, -0.450704) (0.597958, -0.0438131, -0.165695) (0.00425596, 0.40639, 0.299767) (-0.310688, 0.303406, 0.0662524) (-0.23981, 0.479623, -0.321126) (-0.322144, 0.172489, -0.49223) (-0.137951, -0.40794, -0.262942) (0.129959, -0.386321, 0.0156413) (0.357874, -0.161238, 0.160611) (0.211858, 0.136101, 0.35247) 


# Original Graph 38 in [25, 50)
14 vertices
0 1
0 2
0 3
0 4
1 5
1 6
1 7
2 7
2 8
2 3
3 8
3 9
3 4
4 9
5 8
5 7
5 10
6 10
6 11
7 11
7 12
7 13
8 9
10 13
11 12
12 13

# Unit Distance Graph 38
14 vertices
0 5
0 10
0 13
0 7
1 2
1 8
1 5
1 7
2 6
2 10
2 5
3 6
3 11
3 12
3 13
3 10
4 7
4 13
4 12
5 7
6 8
7 8
7 9
8 11
9 12
9 11

# Embedding 38 (with cost 4.44664e-15)
(0.367851, 0.435533, -0.475913) (0.113598, 0.41531, -0.649449) (0.016841, 0.254858, 0.33284) (0.572321, 0.113855, -0.037201) (0.532776, 0.231625, -0.322991) (0.130513, -0.518181, -0.291249) (-0.218598, 0.226637, -0.638639) (-0.291933, 0.214524, 0.242307) (0.379533, -0.411625, -0.154014) (0.541475, -0.148414, -0.174474) (-0.218226, -0.372034, -0.409958) (-0.37266, 0.218368, -0.347182) (-0.426321, 0.0852106, -0.0807193) (-0.370489, -0.17859, -0.197154) 


# Original Graph 39 in [25, 50)
14 vertices
0 1
0 2
0 3
0 4
0 5
1 6
1 7
2 8
2 9
2 10
2 11
2 3
3 11
3 4
4 11
4 12
4 5
5 12
6 11
6 13
7 13
7 8
8 9
9 10
10 13
11 12

# Unit Distance Graph 39
14 vertices
0 2
0 11
0 6
0 13
0 10
1 2
1 3
1 11
2 6
2 11
2 12
2 5
3 7
3 13
3 6
4 7
4 8
4 9
4 10
4 13
5 10
5 9
7 11
8 12
8 11
9 12

# Embedding 39 (with cost 9.65028e-15)
(-0.167913, -0.470584, -0.267978) (0.0838331, -0.382892, -0.622537) (0.115852, 0.475219, -0.110071) (0.014248, 0.191244, 0.193261) (0.111381, -0.391151, 0.231417) (-0.000464279, -0.514235, -0.0237526) (0.804258, -0.237437, -0.24505) (0.241225, -0.131645, -0.725556) (0.206094, 0.172031, -0.58947) (0.264405, 0.378355, -0.388619) (0.522612, 0.23386, -0.432097) (0.725897, -0.277689, 0.136862) (0.431942, -0.428972, 0.177204) (0.705978, -0.0387838, -0.491281) 


# Original Graph 40 in [25, 50)
14 vertices
0 1
0 2
0 3
0 4
0 5
1 6
1 7
1 8
2 8
2 9
2 3
3 5
3 4
4 5
5 9
6 9
6 8
6 10
7 10
7 11
7 8
8 12
10 13
11 13
11 12
12 13

# Unit Distance Graph 40
14 vertices
0 6
0 10
0 13
0 12
0 8
1 2
1 9
1 6
1 8
2 7
2 10
2 6
3 7
3 11
3 13
3 10
4 11
4 12
4 13
5 7
5 8
5 12
5 11
6 8
7 9
8 9

# Embedding 40 (with cost 7.89692e-15)
(-0.122823, -0.206865, -0.667792) (-0.201408, -0.425605, -0.33954) (0.517085, 0.261595, -0.446895) (0.205021, 0.241955, -0.700692) (-0.0685809, 0.162624, -0.731287) (-0.213945, 0.433184, -0.558601) (-0.344218, 0.504265, -0.00050032) (-0.0973129, -0.361394, 0.037254) (0.578728, 0.120888, -0.0350181) (-0.281179, 0.569357, -0.27881) (-0.258056, 0.299691, 0.183743) (0.0634772, -0.139538, 0.212778) (0.369437, 0.0575628, 0.161519) (-0.0216676, 0.133135, 0.267177) 


# Original Graph 41 in [25, 50)
14 vertices
0 1
0 2
0 3
0 4
0 5
0 6
1 6
1 7
1 3
1 2
2 3
3 7
4 7
4 6
4 8
5 8
5 9
5 10
6 10
8 11
9 12
9 10
10 13
11 13
11 12
12 13

# Unit Distance Graph 41
14 vertices
0 4
0 8
0 11
0 13
0 10
0 6
1 5
1 9
1 12
1 11
1 8
2 11
2 12
2 13
3 9
3 10
3 13
3 12
4 6
4 10
4 5
5 7
5 6
6 8
7 10
7 9

# Embedding 41 (with cost 9.78932e-15)
(0.810585, 0.233306, 0.482614) (0.554026, -0.495208, 0.499903) (0.827869, -0.229327, 0.546008) (0.936126, -0.438197, 0.38477) (1.00515, -0.434778, -0.235585) (0.664983, 0.429339, 0.135347) (0.093077, -0.39016, 0.172015) (1.00004, -0.511003, 0.0762168) (0.896565, -0.227574, -0.400674) (0.474661, 0.32869, -0.0612499) (0.0591972, -0.187756, -0.0254439) (0.630109, -0.134424, -0.429638) (0.435238, 0.0490965, -0.330532) (0.226479, -0.124342, -0.24602) 


# Original Graph 42 in [25, 50)
14 vertices
0 1
0 2
0 3
0 4
1 5
1 6
1 7
2 8
2 3
3 8
3 4
4 8
4 9
4 5
5 7
5 10
5 11
5 6
6 12
7 13
7 9
8 9
10 13
10 11
11 12
12 13

# Unit Distance Graph 42
14 vertices
0 5
0 10
0 13
0 7
1 4
1 5
1 7
1 9
2 5
2 11
2 10
3 10
3 11
3 12
3 13
4 7
4 13
4 12
4 6
5 8
5 9
5 7
6 9
6 8
8 12
8 11

# Embedding 42 (with cost 7.26789e-15)
(0.0574131, -0.327168, -0.417012) (0.264825, -0.325839, -0.201461) (-0.209972, -0.209295, -0.498287) (-0.336591, -0.00238255, -0.643868) (-0.162544, 0.361256, -0.789047) (0.326644, 0.634194, -0.474434) (0.401266, -0.0748795, -0.0876874) (-0.362664, 0.346865, 0.190619) (-0.532217, 0.130449, -0.381712) (-0.537584, 0.266737, -0.1308) (0.146772, 0.567528, 0.0206337) (0.349992, 0.553808, -0.175619) (0.376144, 0.179408, 0.0335997) (-0.052683, 0.45141, 0.200803) 


# Original Graph 43 in [25, 50)
14 vertices
0 1
0 2
0 3
0 4
1 5
1 6
2 7
2 3
3 7
3 4
4 8
4 6
4 9
5 9
5 10
6 11
6 9
6 8
7 8
9 12
9 13
9 10
10 13
10 11
11 12
12 13

# Unit Distance Graph 43
14 vertices
0 6
0 9
0 12
0 11
1 4
1 9
1 6
2 9
2 13
2 12
3 10
3 11
3 12
3 13
4 6
4 11
4 10
4 5
5 6
5 8
6 9
7 9
7 10
7 13
8 10
8 9

# Embedding 43 (with cost 8.48537e-15)
(0.839766, -0.00166682, -0.185105) (0.725536, -0.244987, -0.0821687) (0.811031, 0.163751, -0.449625) (0.690109, 0.420866, -0.413257) (0.287709, 0.627151, -0.300535) (0.464549, -0.296847, 0.0385164) (0.164324, -0.159546, -0.905419) (0.607248, 0.151207, -0.75466) (0.381031, 0.0402963, -0.899225) (-0.100211, 0.318878, -0.0680824) (0.161259, -0.315213, 0.00924259) (0.00121958, -0.258698, -0.665495) (-0.137377, -0.136943, -0.349094) (-0.0638445, -0.141349, -0.0734506) 


# Original Graph 44 in [25, 50)
14 vertices
0 1
0 2
0 3
0 4
0 5
1 6
1 7
2 8
2 9
2 3
3 10
3 11
3 12
3 4
4 12
4 10
5 10
5 9
6 13
6 7
7 8
8 13
9 13
10 12
10 11
11 12

# Unit Distance Graph 44
14 vertices
0 2
0 3
0 10
0 5
0 9
1 3
1 11
1 10
2 5
2 10
2 4
3 6
3 13
3 9
3 5
4 9
4 13
4 8
6 12
6 11
7 10
7 11
7 12
8 10
8 12
12 13

# Embedding 44 (with cost 6.94962e-15)
(-0.0358978, -0.0579866, 0.376084) (0.02487, -0.0864501, 0.100063) (-0.577617, 0.426841, -0.310561) (-0.817222, 0.44463, 0.00607363) (-0.507325, -0.0692959, 0.554833) (-0.746169, -0.542937, -0.13415) (-0.0691601, -0.177817, -0.22406) (-0.139164, 0.0925864, -0.278701) (-0.350217, 0.259683, -0.376344) (-0.577692, -0.451984, -0.366361) (-0.913013, -0.432527, 0.0754376) (-0.964192, -0.169637, 0.221867) (-0.80767, -0.0842963, 0.443665) (-0.314874, -0.322275, -0.393305) 


# Original Graph 45 in [25, 50)
14 vertices
0 1
0 2
0 3
0 4
0 5
1 6
1 4
1 7
2 8
2 3
3 8
3 9
4 9
4 10
5 10
5 11
5 6
6 11
6 12
7 9
7 8
10 12
10 13
10 11
11 13
12 13

# Unit Distance Graph 45
14 vertices
0 1
0 4
0 10
0 12
0 6
1 5
1 10
1 4
2 10
2 13
2 12
3 6
3 12
3 13
3 11
4 6
4 5
5 7
5 9
6 9
7 11
7 10
8 10
8 11
8 13
9 11

# Embedding 45 (with cost 9.75973e-15)
(-0.427285, -0.814026, -0.301638) (-0.704132, 0.0143923, 0.18527) (-0.368816, -0.474705, -0.433697) (-0.139347, -0.276169, -0.406955) (0.258958, -0.253802, 0.162279) (-0.455655, -0.949059, 0.0851679) (-0.706193, -0.169081, 0.409879) (-0.541035, 0.023238, -0.132429) (-0.407965, -0.168456, -0.364421) (0.0891616, -0.159112, -0.196184) (0.158792, -0.435755, 0.414898) (-0.3805, -0.802371, 0.408494) (-0.448306, -0.280856, 0.544109) (-0.243457, -0.519413, 0.557407) 


# Original Graph 46 in [25, 50)
14 vertices
0 1
0 2
0 3
0 4
1 5
1 3
1 6
2 7
2 8
3 8
3 9
4 9
4 10
4 5
5 11
5 9
6 8
6 12
7 12
7 8
8 12
9 11
9 13
9 10
10 13
11 13

# Unit Distance Graph 46
14 vertices
0 1
0 3
0 9
0 5
1 4
1 9
1 3
2 5
2 9
2 11
3 5
3 4
4 6
4 8
5 8
6 10
6 9
7 9
7 13
7 11
8 11
8 13
8 10
9 12
10 12
12 13

# Embedding 46 (with cost 9.55906e-15)
(-0.374221, 0.342363, -0.375515) (0.352623, 0.134828, 0.279182) (-0.109524, 0.305497, -0.5007) (0.116343, -0.527204, -0.432075) (-0.541454, 0.177683, -0.166676) (0.118708, -0.00639795, 0.421597) (0.444227, 0.148226, -0.000650975) (0.172033, 0.224704, -0.506961) (0.347871, -0.0723241, -0.549556) (-0.208811, -0.603178, -0.0951722) (-0.509671, -0.14919, -0.040918) (-0.100922, -0.259692, 0.324216) (0.406915, 0.158784, -0.295912) (-0.334843, -0.368649, 0.118346) 


# Original Graph 47 in [25, 50)
14 vertices
0 1
0 2
0 3
0 4
0 5
1 6
1 4
1 7
2 8
2 3
3 9
4 9
4 10
5 10
5 11
5 6
6 12
6 13
7 9
7 8
8 9
10 13
10 12
10 11
11 12
12 13

# Unit Distance Graph 47
14 vertices
0 1
0 4
0 10
0 13
0 6
1 5
1 10
1 4
2 10
2 12
2 13
3 6
3 13
3 12
4 6
4 5
5 7
5 9
6 9
7 11
7 10
8 10
8 11
8 12
9 12
9 11

# Embedding 47 (with cost 8.05696e-15)
(0.441716, 0.129018, 0.230309) (-0.177759, -0.635099, 0.0503761) (0.315946, 0.0539759, -0.106431) (0.0926944, 0.176743, -0.23291) (-0.486146, 0.304391, -0.0988066) (0.271294, 0.120285, 0.527603) (-0.263081, -0.574265, 0.323338) (-0.100098, -0.442423, -0.210927) (0.0476888, -0.211166, -0.297805) (-0.224832, 0.173977, -0.338985) (-0.541963, 0.238523, 0.373083) (-0.112634, 0.0678169, 0.649014) (-0.362502, -0.113273, 0.608926) (-0.405978, -0.352045, 0.453901) 


# Original Graph 48 in [25, 50)
14 vertices
0 1
0 2
0 3
0 4
0 5
1 6
1 7
2 7
2 8
3 8
3 9
3 10
3 7
3 4
4 6
4 11
5 11
5 12
6 13
6 11
7 10
8 9
9 10
11 13
11 12
12 13

# Unit Distance Graph 48
14 vertices
0 1
0 7
0 3
0 4
0 6
1 4
1 3
2 4
2 11
2 6
3 6
3 13
3 12
3 5
4 7
5 7
5 10
6 8
7 11
8 11
8 13
9 11
9 12
9 13
10 12
10 11

# Embedding 48 (with cost 9.22659e-15)
(-0.115469, -0.298156, 0.456201) (-0.732758, -0.0293083, -0.283173) (-0.0069263, -0.35134, 0.120618) (0.127398, 0.462039, -0.146392) (-0.111336, 0.643193, 0.118793) (-0.340244, -0.0952186, 0.539738) (-0.830008, 0.192723, -0.0422668) (-0.483932, -0.0901504, -0.449872) (0.1141, -0.135955, -0.0673825) (0.0709241, 0.077732, -0.286498) (-0.188695, 0.0387914, -0.439585) (-0.564786, 0.430034, 0.400346) (-0.566184, 0.112483, 0.483492) (-0.76351, 0.228994, 0.243445) 


# Original Graph 49 in [25, 50)
14 vertices
0 1
0 2
0 3
0 4
0 5
0 6
1 7
1 8
2 8
2 9
3 9
3 10
3 11
3 4
4 7
4 12
5 12
5 6
6 13
7 13
7 12
8 11
8 10
9 10
10 11
12 13

# Unit Distance Graph 49
14 vertices
0 1
0 8
0 11
0 3
0 4
0 7
1 4
1 3
2 4
2 12
2 7
3 7
3 13
3 6
4 8
5 8
5 10
5 11
6 11
6 10
7 9
8 12
9 12
9 13
10 13
10 12

# Embedding 49 (with cost 9.75235e-15)
(0.286048, 0.158725, 0.150152) (-0.615366, -0.163614, 0.439203) (0.218353, -0.115382, 0.0734166) (-0.45029, 0.0657369, -0.520041) (-0.519013, 0.357821, -0.408631) (-0.115789, 0.512659, 0.202165) (0.0972685, 0.339677, 0.270614) (-0.667231, 0.15344, 0.452196) (-0.543543, -0.389681, 0.255176) (-0.124168, -0.227989, -0.295864) (-0.421617, -0.294848, -0.302217) (-0.55015, -0.352611, -0.0481128) (-0.476128, 0.601188, 0.138405) (-0.434995, 0.390909, 0.42549) 
