# Original Graph 0 in [0, 1)
6 10
0 1
0 2
0 3
1 4
1 2
2 4
2 5
2 3
3 5
4 5

# Unit Distance Graph 0
6 10
0 2
0 5
0 4
1 2
1 3
1 5
2 4
2 5
2 3
3 4

# Embedding 0 (with cost -2.0880524133768)
(-0.43826875471417, 1.35812882005673, 2.01180772260687) (-0.602666739687671, 1.39523725518337, 1.2362465241635) (-1.16969140515151, 0.736694156519722, 1.73102329058191) (-0.184949251796655, 0.775505765869418, 1.90065975408602) (-0.559392584470844, 1.13290962734325, 1.0450578364311) (-0.217599585679128, 0.516626457598441, 1.51867599126799) 


