

# Original Graph 150 in [150, 200)
13 vertices
0 1
0 2
0 3
1 3
1 4
2 5
2 3
3 6
4 6
4 7
5 8
5 6
6 8
6 9
6 10
6 11
6 12
6 7
7 12
8 9
9 12
9 10
10 11
11 12

# Unit Distance Graph 150
13 vertices
0 6
0 11
0 10
1 6
1 10
1 9
2 6
2 12
2 11
3 9
3 10
3 11
3 12
4 6
4 9
4 8
5 6
5 7
5 12
6 8
6 9
6 12
6 7
7 8

# Embedding 150 (with cost 9.88701e-15)
(-0.33303, -0.145168, 0.297297) (-0.568557, -0.311778, 0.249989) (-0.104967, -0.0250018, 0.180635) (-0.1922, -0.366628, 0.402801) (-0.719867, -0.463956, 0.0655464) (0.0570604, 0.0150471, -0.0477225) (0.134506, -0.980401, 0.00782028) (-0.747798, -0.558388, -0.200614) (0.096967, -0.0373884, -0.322812) (0.00361043, -0.165652, -0.557025) (-0.0489223, -0.557513, -0.568298) (-0.292799, -0.697048, -0.535656) (-0.640155, -0.564987, -0.468973) 


# Original Graph 151 in [150, 200)
13 vertices
0 1
0 2
0 3
1 4
1 5
1 6
1 2
2 6
2 3
3 7
4 8
4 9
4 6
4 5
5 6
6 9
6 10
6 11
7 11
7 12
8 12
8 10
9 10
11 12

# Unit Distance Graph 151
13 vertices
0 6
0 10
0 9
1 6
1 11
1 12
1 8
1 10
2 4
2 9
2 10
2 8
3 4
3 6
3 9
4 7
4 11
4 6
5 7
5 12
5 11
6 8
6 12
6 7

# Embedding 151 (with cost 9.26606e-15)
(0.277915, 0.694007, -0.291189) (0.60848, 0.537476, -0.285346) (0.125104, 0.612321, -0.517141) (-0.0656759, 0.641926, -0.189533) (0.638408, -0.0229506, 0.0598768) (0.670067, 0.140914, -0.309271) (0.080098, -0.168547, -0.75688) (-0.243002, 0.440305, -0.0323767) (-0.0296673, -0.0361286, 0.228217) (0.286975, -0.291281, -0.120528) (0.0395791, -0.225009, 0.0228263) (-0.316849, 0.182022, -0.153362) (-0.228089, 0.178785, 0.128773) 


# Original Graph 152 in [150, 200)
13 vertices
0 1
0 2
0 3
1 4
1 5
1 6
2 6
2 3
3 7
4 8
4 5
5 8
5 9
5 10
5 11
5 7
5 6
7 11
8 12
8 10
8 9
9 10
10 12
11 12

# Unit Distance Graph 152
13 vertices
0 5
0 10
0 9
1 5
1 11
1 12
1 10
2 8
2 9
2 10
3 5
3 9
3 8
4 5
4 7
4 11
5 8
5 12
5 11
5 7
6 8
6 10
6 12
7 8

# Embedding 152 (with cost 7.87756e-15)
(0.214614, -0.127521, -0.0702431) (0.117194, -0.313227, 0.120768) (0.42582, 0.0591645, -0.0960493) (0.300814, 0.300554, -0.183229) (-0.0701625, -0.27222, 0.330898) (0.701543, 0.223191, 0.729695) (0.614053, -0.0407187, 0.195004) (0.260436, 0.568022, -0.0988674) (-0.28464, 0.113456, 0.605591) (0.0737723, 0.365127, 0.788512) (-0.0898638, 0.527183, 0.621606) (0.0866062, 0.685866, 0.0911149) (-0.106937, 0.641612, 0.31583) 


# Original Graph 153 in [150, 200)
13 vertices
0 1
0 2
0 3
1 3
1 4
2 5
2 6
2 3
3 6
4 7
4 8
5 9
5 7
6 7
7 9
7 10
7 11
7 8
8 12
8 9
9 12
9 10
10 11
11 12

# Unit Distance Graph 153
13 vertices
0 7
0 11
0 10
1 7
1 10
1 9
2 7
2 8
2 12
2 11
3 9
3 10
3 11
3 12
4 5
4 7
4 9
5 8
5 7
6 8
6 9
6 12
7 9
7 8

# Embedding 153 (with cost 9.2136e-15)
(-0.183872, 0.316414, 0.37537) (-0.00400709, 0.323369, 0.0274014) (-0.428654, 0.103832, 0.565097) (-0.380084, 0.507846, 0.29879) (0.0250133, 0.189263, -0.222747) (-0.549334, -0.17018, 0.51273) (-0.694264, 0.522806, 0.14854) (-0.965106, 0.327052, -0.248778) (-0.0475269, -0.0586724, -0.345032) (-0.583174, -0.468292, 0.221921) (-0.77169, -0.289104, -0.161117) (-0.602598, -0.199998, -0.371616) (-0.290832, -0.233801, -0.366037) 


# Original Graph 154 in [150, 200)
13 vertices
0 1
0 2
0 3
1 3
1 4
2 5
2 6
3 6
4 7
4 8
5 8
5 6
6 8
6 9
7 9
7 10
8 11
8 12
8 9
9 12
9 11
9 10
10 11
11 12

# Unit Distance Graph 154
13 vertices
0 9
0 11
0 12
1 8
1 9
1 12
2 9
2 10
2 11
3 8
3 12
3 11
4 6
4 9
4 8
5 7
5 10
5 9
6 8
6 11
6 10
6 7
7 8
8 9

# Embedding 154 (with cost 8.38246e-15)
(-0.0290332, -0.259735, -0.0848818) (0.152506, -0.350773, -0.294692) (-0.240596, -0.0167489, -0.00469199) (0.0534527, -0.107762, 0.144227) (0.292001, -0.314561, -0.540863) (-0.353131, 0.243492, -0.185572) (0.0571755, 0.160547, 0.307152) (0.510507, -0.114214, -0.540784) (-0.266792, 0.514223, -0.57032) (0.603182, 0.515021, -0.0772232) (0.576895, 0.177119, -0.547024) (0.403441, 0.502555, -0.566421) (0.11922, 0.617941, -0.540631) 


# Original Graph 155 in [150, 200)
13 vertices
0 1
0 2
0 3
0 4
1 4
1 5
2 6
2 3
3 6
3 7
3 4
5 7
5 8
5 9
6 9
7 9
7 10
7 11
7 8
8 11
9 12
9 10
10 12
11 12

# Unit Distance Graph 155
13 vertices
0 7
0 11
0 12
0 10
1 7
1 10
1 9
2 7
2 8
2 11
3 5
3 9
3 12
3 11
3 8
4 9
4 10
4 12
5 7
5 9
5 6
6 8
6 7
7 9

# Embedding 155 (with cost 9.80733e-15)
(0.140451, -0.363292, 0.5935) (0.417137, -0.461431, 0.167507) (-0.154824, -0.364962, 0.597016) (0.0600414, 0.201269, 0.529899) (0.355394, -0.319221, 0.409925) (0.407672, -0.475395, -0.119161) (-0.443853, -0.388673, 0.397931) (-0.0187793, 0.421877, -0.00496061) (0.253076, -0.299834, -0.313685) (-0.574892, -0.407151, 0.0537851) (-0.390546, 0.0312286, -0.15643) (-0.0197114, -0.204263, -0.380696) (-0.403251, -0.24271, -0.237071) 


# Original Graph 156 in [150, 200)
13 vertices
0 1
0 2
0 3
1 3
1 4
2 5
2 3
3 6
4 7
4 8
5 9
5 10
6 10
6 9
6 11
6 12
6 8
6 7
7 8
8 12
8 9
9 11
9 10
11 12

# Unit Distance Graph 156
13 vertices
0 6
0 12
0 11
1 6
1 11
1 9
2 6
2 8
2 12
3 8
3 9
3 11
3 12
4 6
4 9
4 10
5 6
5 7
5 8
6 9
6 8
7 10
7 9
8 10

# Embedding 156 (with cost 9.43681e-15)
(0.575506, -0.187624, -0.247504) (0.363551, -0.0569772, -0.427449) (0.709285, -0.144867, 0.0267915) (0.346272, -0.409948, -0.19924) (0.181749, 0.181166, -0.426627) (0.720863, -0.00201999, 0.275664) (-0.225086, -0.320524, 0.336782) (-0.059666, 0.262585, -0.290692) (-0.0123053, 0.522599, -0.157048) (0.560156, 0.278401, 0.493891) (0.448406, -0.0697222, 0.503937) (0.0426689, 0.280266, 0.457594) (-0.122619, 0.389585, 0.176113) 


# Original Graph 157 in [150, 200)
13 vertices
0 1
0 2
0 3
1 3
1 4
1 5
2 6
2 7
3 7
4 7
4 6
4 8
4 9
4 10
4 11
4 5
5 11
6 8
8 12
9 12
9 10
10 12
10 11
11 12

# Unit Distance Graph 157
13 vertices
0 4
0 10
0 9
1 4
1 9
1 12
1 8
2 4
2 11
2 10
3 9
3 10
3 12
4 6
4 8
4 12
4 11
4 5
5 8
5 6
6 11
7 10
7 11
7 12

# Embedding 157 (with cost 9.85621e-15)
(0.578698, 0.198363, -0.773991) (0.700678, -0.10322, -0.427161) (0.42955, 0.439913, -0.829619) (0.424124, -0.0401157, -0.739639) (-0.297971, -0.07923, -0.381061) (0.671455, -0.0699819, -0.135848) (0.29139, 0.663023, -0.699989) (0.0577775, -0.0466644, -0.735672) (0.221118, 0.774289, -0.426373) (0.0270845, 0.496315, 0.00507705) (0.243053, 0.377327, 0.150841) (0.537243, 0.146658, 0.12033) (0.233703, 0.729847, -0.130626) 


# Original Graph 158 in [150, 200)
13 vertices
0 1
0 2
0 3
0 4
1 4
1 5
2 5
2 6
2 7
2 8
2 9
2 10
2 3
3 11
4 11
5 6
6 12
6 7
7 12
7 8
8 9
9 12
9 10
10 11

# Unit Distance Graph 158
13 vertices
0 7
0 8
0 9
0 12
1 2
1 9
1 8
2 5
2 6
2 12
2 9
2 10
2 11
2 4
3 6
3 7
3 12
4 8
4 7
5 10
5 9
6 11
6 10
7 11

# Embedding 158 (with cost 9.788e-15)
(0.0802009, 0.226601, 0.641409) (-0.257864, -0.0232558, 0.509271) (-0.0442609, 0.944304, 0.644184) (0.231578, 0.500518, 0.558725) (0.0488182, -0.0178898, 0.388217) (-0.540084, 0.091657, 0.479405) (-0.709904, 0.28032, 0.303531) (-0.634947, 0.643803, 0.0805999) (-0.32954, 0.777092, -0.0859642) (-0.0992977, 0.568689, -0.280956) (0.170071, 0.388481, -0.159011) (0.25587, 0.189889, 0.0604216) (-0.491267, 0.50014, -0.132284) 


# Original Graph 159 in [150, 200)
13 vertices
0 1
0 2
0 3
1 3
1 4
2 5
2 6
2 7
3 7
4 8
4 9
5 9
5 10
5 11
5 12
5 6
6 12
7 12
8 12
8 9
9 10
10 12
10 11
11 12

# Unit Distance Graph 159
13 vertices
0 10
0 11
0 12
1 5
1 12
1 11
2 8
2 9
2 10
2 12
3 5
3 11
3 10
4 5
4 6
4 12
5 8
5 12
5 7
6 9
6 8
7 10
7 9
9 12

# Embedding 159 (with cost 8.79604e-15)
(0.00119585, -0.142391, -0.398633) (-0.417176, -0.154932, -0.37857) (0.240761, -0.0266611, -0.272892) (-0.126055, 0.0353987, -0.58127) (-0.650412, -0.0571473, -0.244307) (0.0401688, 0.350515, 0.353113) (0.266705, 0.327268, -0.138848) (-0.0437561, 0.404562, -0.641892) (-0.718976, 0.253685, -0.290567) (-0.689263, 0.116647, 0.065516) (-0.453329, 0.446786, 0.269407) (-0.200196, 0.599138, 0.241348) (-0.241596, 0.824157, -0.481316) 


# Original Graph 160 in [150, 200)
13 vertices
0 1
0 2
0 3
1 3
1 4
1 5
2 6
2 7
2 8
3 8
4 7
4 6
4 9
4 10
4 5
5 11
5 12
6 12
7 8
9 12
9 10
10 12
10 11
11 12

# Unit Distance Graph 160
13 vertices
0 4
0 10
0 9
1 4
1 9
1 12
1 6
2 4
2 5
2 11
2 10
3 9
3 10
3 12
4 6
4 12
4 5
5 7
5 6
7 12
7 11
8 10
8 11
8 12

# Embedding 160 (with cost 8.82786e-15)
(0.160076, -0.447083, -0.427673) (-0.358942, -0.351927, -0.348988) (0.484047, -0.576348, -0.279543) (-0.0741806, -0.282349, -0.409206) (0.0909434, -0.10285, 0.508663) (-0.495332, -0.647948, -0.0906281) (0.492523, -0.803063, -0.0816214) (0.287896, -0.0769605, 0.155394) (0.232733, -0.182515, -0.26145) (0.0266243, -0.497843, 0.562082) (-0.148257, -0.737137, 0.478307) (-0.344306, -0.849884, 0.209342) (0.087191, -1.05539, 0.204279) 


# Original Graph 161 in [150, 200)
13 vertices
0 1
0 2
0 3
0 4
1 4
1 5
2 6
2 7
3 7
3 4
4 7
5 8
5 9
5 6
6 10
6 11
6 8
7 8
8 11
8 9
9 12
9 10
10 12
11 12

# Unit Distance Graph 161
13 vertices
0 8
0 9
0 12
0 11
1 6
1 8
1 11
2 5
2 9
2 8
3 9
3 10
3 12
4 6
4 11
4 12
4 10
5 7
5 8
5 6
6 8
6 7
7 10
7 9

# Embedding 161 (with cost 8.38971e-15)
(-0.474527, -0.552844, -0.418912) (0.072354, -0.708374, -0.138731) (-0.495485, -0.256784, -0.584796) (-0.512905, -0.58158, -0.0512605) (-0.254239, -0.741078, -0.0732455) (0.367382, -0.478746, -0.130711) (-0.281345, 0.0687281, -0.659316) (-0.548971, -0.303649, 0.229341) (-0.316374, 0.0788294, 0.340019) (0.374499, -0.124324, -0.109841) (0.080709, 0.139384, -0.408801) (-0.146631, 0.238384, 0.0972682) (0.131493, 0.180745, -0.111364) 


# Original Graph 162 in [150, 200)
13 vertices
0 1
0 2
0 3
0 4
1 4
1 2
2 5
3 6
3 7
4 7
4 8
5 9
5 10
5 6
6 11
6 12
6 8
6 7
8 12
8 10
8 9
9 10
10 11
11 12

# Unit Distance Graph 162
13 vertices
0 8
0 10
0 11
0 12
1 6
1 12
1 11
2 6
2 8
2 12
3 8
3 9
3 10
4 5
4 6
4 11
4 10
5 8
5 6
5 7
6 9
6 8
7 10
7 9

# Embedding 162 (with cost 9.55409e-15)
(0.439685, -0.264039, 0.171362) (0.673384, -0.116109, 0.0839373) (0.327543, 0.153716, 0.173497) (0.306355, -0.456031, -0.0250352) (0.925839, -0.213821, -0.310575) (0.183343, 0.376579, 0.00585332) (-0.0179145, -0.411937, -0.575299) (0.390383, -0.551046, -0.305027) (0.850105, 0.0743971, -0.675406) (0.497186, 0.434222, -0.438598) (0.164524, 0.397711, -0.526043) (0.0564541, 0.132893, -0.662652) (0.166241, -0.108655, -0.777893) 


# Original Graph 163 in [150, 200)
13 vertices
0 1
0 2
0 3
1 3
1 4
2 5
2 6
2 7
3 7
4 8
4 9
4 5
5 10
5 11
5 12
5 6
6 7
7 12
8 12
8 9
9 10
10 12
10 11
11 12

# Unit Distance Graph 163
13 vertices
0 10
0 11
0 12
1 5
1 12
1 11
2 8
2 9
2 10
2 12
3 5
3 11
3 10
4 5
4 6
4 7
4 12
5 8
5 12
5 7
6 9
6 8
7 10
7 9

# Embedding 163 (with cost 9.18359e-15)
(-0.198548, -0.0911312, 0.60576) (0.104917, 0.244262, 0.509592) (-0.393724, -0.288822, 0.443823) (0.119678, -0.087778, 0.676079) (0.172437, 0.373388, 0.262078) (-0.479604, -0.294158, -0.097399) (-0.399107, -0.445042, 0.202841) (0.303546, -0.601275, 0.4433) (0.447942, 0.0573807, 0.0294053) (0.263699, 0.244932, -0.0880614) (0.170416, 0.0371414, -0.31479) (0.168032, -0.359476, -0.285088) (0.478614, -0.549996, 0.0305263) 


# Original Graph 164 in [150, 200)
13 vertices
0 1
0 2
0 3
0 4
1 5
1 2
2 6
3 6
3 4
4 7
5 7
5 8
5 9
5 10
5 6
6 10
7 11
8 11
8 12
8 9
9 10
10 12
10 11
11 12

# Unit Distance Graph 164
13 vertices
0 8
0 9
0 10
0 12
1 10
1 11
1 12
2 8
2 12
2 11
3 5
3 9
3 8
4 5
4 10
4 9
5 7
5 11
5 10
5 6
6 8
6 11
6 7
7 10

# Embedding 164 (with cost 9.67979e-15)
(-0.466227, 0.0879319, -0.872081) (-0.845818, 0.390496, -0.602068) (-0.480583, 0.381482, -0.96455) (-0.172844, 0.133941, -0.915564) (-0.162507, -0.107478, -0.593753) (-0.902691, 0.519635, -0.35115) (-0.140984, 0.600708, -0.99398) (-0.120134, -0.0988284, -0.279687) (-0.253777, 0.533897, -0.00260976) (-0.318099, 0.785178, -0.17072) (0.0245886, 0.868922, -0.485876) (-0.00832861, 0.138282, -0.117302) (0.0130403, 0.514652, -0.10513) 


# Original Graph 165 in [150, 200)
13 vertices
0 1
0 2
0 3
0 4
1 4
1 5
1 6
2 6
2 7
2 8
2 9
2 10
3 10
3 11
3 4
5 12
5 8
5 7
6 7
8 9
9 12
10 12
10 11
11 12

# Unit Distance Graph 165
13 vertices
0 5
0 8
0 9
0 12
1 2
1 10
1 12
1 9
2 5
2 12
2 11
2 3
2 4
3 8
3 5
3 7
4 9
4 8
5 10
6 10
6 11
6 12
7 11
7 10

# Embedding 165 (with cost 8.54162e-15)
(-0.619136, -0.832614, 0.532088) (-0.400039, -0.620017, 0.913181) (-0.682702, -0.180387, 0.0606402) (-0.275186, -1.03265, 0.388637) (-0.415879, -0.874656, 0.729068) (0.0990803, -0.153492, 0.683611) (-0.574311, -0.199201, 0.627682) (-0.331007, -0.0557152, 0.594759) (-0.01987, -0.0714664, 0.284026) (0.0983298, -0.271443, 0.119378) (-0.137434, -0.80977, -0.0328803) (-0.0351403, -0.928362, 0.206234) (0.25444, -0.513473, 0.164646) 


# Original Graph 166 in [150, 200)
13 vertices
0 1
0 2
0 3
1 3
1 4
1 5
2 6
2 7
3 7
4 8
4 5
5 8
5 9
5 10
6 10
6 11
7 8
8 11
8 12
8 9
9 12
9 10
10 12
10 11

# Unit Distance Graph 166
13 vertices
0 8
0 9
0 12
1 8
1 12
1 10
1 11
2 5
2 9
2 8
3 9
3 10
3 12
4 6
4 11
4 10
5 7
5 8
5 11
5 6
6 8
7 10
7 9
8 10

# Embedding 166 (with cost 9.7636e-15)
(-0.366023, -0.382728, 0.246018) (-0.516679, -0.286353, -0.148243) (-0.0738298, -0.3047, 0.470084) (-0.240723, -0.595715, 0.0979705) (-0.262798, -0.396313, -0.426779) (-0.357484, 0.0109711, -0.435395) (0.130031, -0.072043, 0.433764) (0.10804, -0.729998, 0.048602) (0.398498, -0.637502, -0.346096) (0.194967, 0.176663, -0.364205) (0.289368, 0.252226, 0.0971589) (0.354837, -0.0233367, 0.265619) (0.387083, 0.141672, -0.151268) 


# Original Graph 167 in [150, 200)
13 vertices
0 1
0 2
0 3
1 3
1 4
1 5
2 6
2 7
2 3
3 8
4 9
4 5
5 9
5 10
5 6
6 11
6 12
6 7
7 12
8 12
8 11
8 10
8 9
10 11

# Unit Distance Graph 167
13 vertices
0 8
0 10
0 11
1 6
1 12
1 8
1 11
2 5
2 10
2 8
2 9
3 5
3 6
3 11
3 10
4 6
4 7
4 12
5 8
5 12
5 7
6 9
6 8
7 9

# Embedding 167 (with cost 8.74749e-15)
(-0.373963, 0.165035, -0.506929) (-0.235956, -0.0492573, -0.648842) (-0.278033, 0.490634, -0.179548) (-0.555532, 0.104643, -0.20125) (-0.0206147, -0.328749, -0.511508) (0.302662, -0.195568, -0.617634) (0.363724, 0.459753, -0.0313525) (-0.00898406, 0.539493, -0.0155032) (-0.088258, -0.374183, 0.285293) (-0.0269132, -0.460198, 0.00171691) (0.341621, -0.260928, 0.0466915) (0.385084, 0.0330996, 0.130598) (0.122117, 0.378097, 0.18131) 


# Original Graph 168 in [150, 200)
13 vertices
0 1
0 2
0 3
0 4
1 4
1 5
2 5
2 3
3 6
3 7
4 7
4 8
4 9
4 10
5 10
5 11
6 12
6 8
6 7
8 12
8 9
9 11
10 11
11 12

# Unit Distance Graph 168
13 vertices
0 8
0 9
0 11
0 12
1 6
1 8
1 12
2 4
2 9
2 8
3 4
3 10
3 11
3 9
4 6
4 12
4 11
4 5
5 8
5 6
5 7
6 10
7 11
7 10

# Embedding 168 (with cost 9.00747e-15)
(0.239126, -0.415803, -0.453593) (0.108256, -0.666686, -0.211118) (0.422721, -0.26663, -0.134482) (0.221323, -0.0788169, -0.514505) (-0.474696, -0.706674, -0.166147) (0.36798, -0.329137, 0.217732) (-0.256365, 0.260742, -0.294357) (-0.242774, -0.00815988, -0.506115) (-0.498865, 0.105984, -0.0256812) (-0.537771, -0.177068, 0.129019) (-0.0592184, -0.465808, 0.363865) (-5.87996e-05, -0.0887202, 0.460632) (-0.212229, 0.182637, 0.208335) 


# Original Graph 169 in [150, 200)
13 vertices
0 1
0 2
0 3
1 3
1 4
1 5
2 6
2 7
3 7
3 4
4 7
4 6
4 8
4 9
4 10
5 10
5 11
6 12
6 7
8 12
8 9
9 11
9 10
11 12

# Unit Distance Graph 169
13 vertices
0 4
0 9
0 8
1 4
1 8
1 12
1 6
2 4
2 10
2 9
3 8
3 9
3 11
3 12
4 6
4 12
4 11
4 5
5 6
5 7
6 10
7 11
7 9
7 10

# Embedding 169 (with cost 8.48612e-15)
(-0.440713, 0.00228434, 0.546873) (-0.315766, 0.282153, 0.598231) (-0.460366, -0.305353, 0.171934) (-0.117772, -0.193869, 0.650338) (0.517179, -0.219321, 0.364296) (-0.202465, 0.473451, 0.410979) (-0.295363, -0.302768, -0.212603) (-0.0279606, -0.506233, 0.312147) (0.110784, 0.0810042, -0.283582) (0.226702, 0.367603, -0.102049) (0.169743, 0.469674, 0.219845) (-0.0872798, 0.362072, -0.180324) (-0.173953, -0.0432371, -0.336654) 


# Original Graph 170 in [150, 200)
13 vertices
0 1
0 2
0 3
0 4
1 4
1 5
1 2
2 6
2 3
3 7
4 8
4 9
4 6
4 5
5 6
6 9
6 10
7 11
7 8
8 11
8 12
9 12
10 12
10 11

# Unit Distance Graph 170
13 vertices
0 6
0 10
0 12
0 9
1 8
1 12
1 10
1 11
2 4
2 9
2 12
2 8
3 4
3 6
3 9
4 7
4 11
4 10
4 6
5 7
5 8
5 11
6 8
6 7

# Embedding 170 (with cost 7.32014e-15)
(0.0960851, 0.0231787, 0.263233) (0.0860314, -0.262037, 0.309923) (-0.112417, 0.0798998, 0.0332465) (0.199172, 0.287981, 0.00102251) (0.592016, -0.608108, 0.207659) (0.116992, -0.576042, 0.101792) (-0.00620237, -0.495333, -0.585698) (0.498497, 0.288797, -0.224563) (0.820865, -0.00190727, -0.316457) (0.488586, -0.555349, -0.451784) (0.254397, -0.282696, -0.675585) (0.547332, 0.0944679, -0.502546) (0.642302, -0.271068, -0.521029) 


# Original Graph 171 in [150, 200)
13 vertices
0 1
0 2
0 3
0 4
0 5
1 5
1 2
2 6
2 7
2 8
3 8
3 9
3 10
3 4
4 11
5 11
5 12
6 12
6 7
7 9
7 8
9 10
10 12
11 12

# Unit Distance Graph 171
13 vertices
0 6
0 7
0 9
0 10
0 12
1 3
1 10
1 9
2 3
2 4
2 11
2 12
2 10
3 6
3 12
3 5
4 7
4 6
5 9
5 7
5 8
7 11
8 12
8 11

# Embedding 171 (with cost 8.03942e-15)
(-0.0882501, -0.213408, 0.838695) (-0.328588, -0.0680855, 0.556304) (-0.213557, 0.364971, 0.505422) (0.662815, -0.0813374, 0.68648) (0.343144, -0.451816, 0.656892) (-0.205085, -0.414349, 0.317897) (0.0619113, 0.173332, -0.0711865) (0.31334, 0.430815, 0.187771) (0.359643, 0.378309, 0.547627) (0.569638, 0.209625, 0.215616) (0.542459, -0.122027, 0.0680745) (0.114219, -0.546676, 0.257504) (0.137502, -0.323466, -0.129253) 


# Original Graph 172 in [150, 200)
13 vertices
0 1
0 2
0 3
0 4
1 5
1 2
2 6
2 7
2 3
3 8
4 8
4 9
4 5
5 9
6 9
6 10
6 11
7 11
7 8
8 11
8 12
9 10
10 12
11 12

# Unit Distance Graph 172
13 vertices
0 6
0 11
0 12
0 10
1 8
1 12
1 11
2 4
2 9
2 10
2 12
2 8
3 6
3 10
3 9
4 7
4 11
4 6
5 7
5 8
5 11
6 8
7 9
8 9

# Embedding 172 (with cost 9.43057e-15)
(-0.0528327, -0.312317, 0.204932) (-0.394319, -0.209056, 0.194578) (-0.253738, 0.163162, 0.035163) (0.176741, -0.260304, -0.0270415) (-0.0709706, -0.816082, -0.0524605) (-0.596611, -0.64, -0.037141) (-0.645896, -0.201462, -0.592556) (-0.0580588, 0.125116, -0.39007) (0.29796, -0.505505, -0.463349) (-0.684461, -0.653319, -0.349332) (-0.592088, -0.520986, -0.610948) (-0.153728, -0.127196, -0.772591) (-0.24573, -0.431097, -0.769071) 


# Original Graph 173 in [150, 200)
13 vertices
0 1
0 2
0 3
1 4
1 5
2 5
2 6
2 7
3 7
3 4
4 7
4 8
4 9
5 9
5 10
6 11
6 8
6 7
8 11
8 12
9 12
10 12
10 11
11 12

# Unit Distance Graph 173
13 vertices
0 8
0 12
0 11
1 6
1 8
1 11
2 4
2 9
2 12
2 8
3 10
3 11
3 12
4 6
4 11
4 10
4 5
5 8
5 6
5 7
6 9
7 10
7 12
7 9

# Embedding 173 (with cost 8.6263e-15)
(0.0664156, -0.350397, -0.178334) (0.349623, -0.199373, -0.230532) (-0.0551351, -0.217503, 0.0640365) (-0.104241, -0.357532, -0.603524) (0.0210785, -0.142941, -0.930263) (0.428207, 0.0610149, -0.0399551) (-0.537124, 0.262242, -0.206221) (-0.468359, -0.184951, -0.40829) (-0.271785, 0.482447, -0.616502) (0.347093, 0.332335, -0.668009) (0.244195, 0.478118, -0.178927) (-0.268353, 0.583141, -0.306537) (0.145292, 0.60198, -0.472876) 


# Original Graph 174 in [150, 200)
13 vertices
0 1
0 2
0 3
0 4
1 4
1 5
2 5
2 6
3 6
3 7
3 4
4 8
4 9
4 10
5 10
5 11
6 7
7 12
7 8
8 12
8 9
9 11
9 10
11 12

# Unit Distance Graph 174
13 vertices
0 8
0 9
0 11
0 12
1 7
1 8
1 12
2 4
2 9
2 8
3 5
3 11
3 9
3 10
4 6
4 7
4 12
4 11
4 5
5 8
5 7
6 10
6 9
7 10

# Embedding 174 (with cost 7.49639e-15)
(-0.178881, -0.872024, 0.105496) (-0.472843, -0.701831, 0.109472) (-0.107152, -0.464806, 0.478217) (0.13119, -0.78962, -0.100946) (-0.547141, -0.594677, -0.410346) (-0.378707, -0.14202, 0.465287) (0.336069, -0.476293, 0.0434439) (0.365971, -0.24946, -0.193433) (0.0872168, -0.0612226, -0.415842) (-0.468714, -0.0277995, -0.345371) (-0.598206, -0.119781, 0.0379683) (-0.166787, 0.125855, 0.169452) (0.154501, 0.0476598, -0.101959) 


# Original Graph 175 in [150, 200)
13 vertices
0 1
0 2
0 3
0 4
0 5
1 5
1 2
2 6
2 7
2 3
3 8
3 4
4 8
4 5
5 9
5 6
6 10
7 10
7 11
8 11
8 12
9 12
9 10
11 12

# Unit Distance Graph 175
13 vertices
0 7
0 11
0 12
0 9
0 10
1 8
1 12
1 11
2 4
2 5
2 9
2 12
2 8
3 5
3 6
3 10
3 9
4 7
4 10
4 6
5 8
5 11
5 7
6 8

# Embedding 175 (with cost 7.56278e-15)
(0.293264, -0.189523, -0.265137) (0.0941133, -0.310122, 0.0691005) (0.173574, -0.0305674, 0.426806) (0.359277, 0.355492, -0.342107) (0.165917, 0.219513, -0.541389) (-0.459881, -0.217789, -0.323983) (-0.290481, -0.0311724, 0.312343) (-0.159705, 0.423965, 0.381742) (0.117964, 0.597975, -0.348979) (-0.610778, 0.219464, -0.140888) (-0.434676, 0.254383, 0.257405) (-0.141206, 0.661052, 0.0311008) (-0.402701, 0.52282, -0.174584) 


# Original Graph 176 in [150, 200)
13 vertices
0 1
0 2
0 3
0 4
0 5
1 5
1 4
1 6
1 2
2 7
2 8
3 8
3 9
3 4
4 6
4 5
6 9
6 7
7 10
8 11
9 12
10 12
10 11
11 12

# Unit Distance Graph 176
13 vertices
0 6
0 7
0 10
0 12
0 9
1 3
1 9
1 12
1 11
1 8
2 3
2 4
2 6
2 9
3 7
3 6
4 8
4 11
4 10
4 7
5 10
5 11
5 12
6 8

# Embedding 176 (with cost 9.82813e-15)
(-0.300429, -0.0397697, 0.280943) (0.103434, -0.000767196, -0.0839057) (-0.172268, 0.339571, 0.559205) (0.25433, -0.546551, 0.740322) (0.138137, -0.579666, 0.317023) (-0.13217, -0.19177, 0.0995632) (0.672799, 0.0859451, 0.0885294) (0.644442, 0.282396, 0.339496) (0.0901626, 0.241063, 0.886322) (0.524469, -0.351158, 0.752728) (0.590045, 0.257328, 0.625602) (0.374518, 0.232862, 0.849867) (0.546111, -0.0145301, 0.81267) 


# Original Graph 177 in [150, 200)
13 vertices
0 1
0 2
0 3
0 4
1 5
1 6
2 7
2 3
3 7
3 8
3 9
3 4
4 9
4 5
5 10
6 11
6 7
7 8
8 11
8 9
9 12
9 10
10 12
11 12

# Unit Distance Graph 177
13 vertices
0 8
0 9
0 12
0 11
1 3
1 9
1 8
2 9
2 10
2 12
3 6
3 11
3 12
3 10
3 5
4 6
4 7
4 8
4 11
5 8
5 7
6 9
7 10
7 9

# Embedding 177 (with cost 7.23716e-15)
(-0.357832, 0.376176, 0.502344) (0.130754, 0.231585, 0.49357) (-0.485456, 0.198579, 0.17878) (-0.597879, 0.564726, -0.104854) (-0.182697, 0.899286, 0.3525) (0.26498, 0.666534, 0.390231) (0.200443, 0.00561546, 0.118928) (-0.315328, 0.0200456, -0.105042) (-0.122677, 0.331657, -0.468594) (0.0621048, 0.940273, -0.208604) (0.365903, 0.718983, 0.112697) (0.34778, 0.252417, -0.195363) (0.401713, 0.545268, -0.125747) 


# Original Graph 178 in [150, 200)
13 vertices
0 1
0 2
0 3
1 4
1 5
2 6
2 7
3 8
3 4
4 8
4 9
4 10
5 10
5 6
6 11
7 12
7 9
7 8
8 9
9 12
9 10
10 12
10 11
11 12

# Unit Distance Graph 178
13 vertices
0 9
0 10
0 12
1 7
1 9
1 12
2 4
2 10
2 9
3 10
3 11
3 12
4 7
4 12
4 11
4 6
5 7
5 8
5 9
6 9
6 8
7 10
8 11
8 10

# Embedding 178 (with cost 6.79112e-15)
(-0.0808762, -0.330339, 0.075205) (-0.0705433, 0.0117967, 0.339382) (-0.214578, -0.305264, -0.312514) (0.379805, -0.244944, 0.128644) (0.431898, 0.10704, 0.329417) (-0.257171, 0.299781, 0.134175) (-0.360406, 0.0533886, -0.278345) (0.210615, -0.196019, -0.597507) (0.60419, -0.14723, -0.107154) (0.61828, 0.247194, -0.346264) (-2.95058e-05, 0.649588, -0.107021) (-0.1928, 0.379749, -0.40228) (0.0936799, 0.425174, -0.556246) 


# Original Graph 179 in [150, 200)
13 vertices
0 1
0 2
0 3
1 3
1 4
2 5
2 6
3 7
3 8
4 9
4 10
4 11
5 11
5 12
5 8
5 6
6 7
7 8
8 12
8 10
8 9
9 10
10 12
10 11

# Unit Distance Graph 179
13 vertices
0 8
0 10
0 12
1 5
1 8
1 12
2 8
2 9
2 10
3 5
3 12
3 10
3 11
4 5
4 6
4 7
4 8
5 9
5 8
6 10
6 9
7 11
7 10
8 11

# Embedding 179 (with cost 9.12962e-15)
(0.637715, 0.00897812, 0.397436) (0.739168, -0.0595719, 0.065993) (0.337601, 0.202293, 0.475041) (0.548798, -0.34175, 0.443994) (0.602386, -0.0229186, -0.278097) (-0.152864, 0.347323, 0.262752) (0.0282433, 0.150174, 0.522152) (0.124321, -0.270684, 0.564557) (-0.0729268, -0.640024, 0.125801) (0.165984, -0.428521, -0.281676) (0.0973148, -0.153342, -0.428167) (0.196049, 0.222778, -0.302248) (-0.252118, -0.0156396, -0.0581865) 


# Original Graph 180 in [150, 200)
13 vertices
0 1
0 2
0 3
1 3
1 4
2 5
2 6
3 7
4 8
4 9
5 9
5 10
5 11
5 12
5 6
6 12
6 7
7 12
8 12
8 10
9 10
10 12
10 11
11 12

# Unit Distance Graph 180
13 vertices
0 10
0 11
0 12
1 5
1 12
1 11
2 8
2 10
2 12
3 5
3 11
3 10
4 5
4 6
4 12
5 8
5 12
5 7
6 9
6 10
6 8
7 10
7 9
9 12

# Embedding 180 (with cost 9.86711e-15)
(0.238261, 0.325316, 0.00442686) (-0.0514646, 0.220065, 0.00662437) (0.619399, 0.125415, -0.0530745) (0.12336, 0.429231, -0.260107) (-0.201993, -0.0646545, -0.0236361) (0.736986, -0.358284, -0.202801) (0.616696, 0.198908, -0.533815) (0.209315, 0.405169, -0.57523) (-0.24755, -0.271246, -0.354834) (-0.00670461, -0.429286, -0.0682578) (-0.0335683, -0.548642, -0.398445) (0.368183, -0.495351, -0.552013) (0.179755, 0.0151437, -0.944451) 


# Original Graph 181 in [150, 200)
13 vertices
0 1
0 2
0 3
1 3
1 4
2 5
2 6
3 6
3 7
4 8
4 9
4 5
5 9
5 10
5 11
5 6
6 7
7 11
8 11
8 12
9 12
10 12
10 11
11 12

# Unit Distance Graph 181
13 vertices
0 10
0 11
0 12
1 5
1 11
1 10
2 8
2 12
2 11
3 5
3 10
3 12
3 9
4 5
4 6
4 7
4 11
5 8
5 11
5 7
6 9
6 12
6 8
7 9

# Embedding 181 (with cost 8.55747e-15)
(0.131323, 0.433068, -0.659756) (0.395548, 0.367438, -0.504344) (-0.230064, 0.434532, -0.567024) (0.0592387, 0.0502635, -0.92508) (0.468078, 0.28745, -0.222913) (-0.527582, 0.246273, -0.139445) (-0.457663, 0.249305, -0.599143) (-0.0613193, -0.29835, -0.836571) (0.219928, -0.40596, -0.265228) (0.265195, 0.0209849, 0.0530428) (-0.230191, -0.237784, -0.0122502) (-0.0225147, -0.540914, -0.493344) (0.106357, -0.313316, 0.00529059) 


# Original Graph 182 in [150, 200)
13 vertices
0 1
0 2
0 3
1 4
1 5
1 6
2 6
2 7
2 3
3 5
3 8
4 9
4 10
4 11
5 11
5 12
5 7
5 6
6 7
8 12
8 9
9 10
10 12
11 12

# Unit Distance Graph 182
13 vertices
0 5
0 12
0 11
1 3
1 8
1 12
1 5
2 4
2 11
2 12
2 10
3 5
3 11
3 4
4 5
4 7
5 9
5 8
6 8
6 9
6 10
6 12
7 10
7 9

# Embedding 182 (with cost 9.61428e-15)
(-0.189973, -0.0418227, -0.160997) (0.248848, 0.340981, -0.281691) (-0.280204, -0.333202, -0.306733) (-0.18256, -0.488461, 0.0731522) (0.483453, 0.250265, -0.0303388) (0.534671, -0.555424, -0.620458) (-0.00950876, -0.0865477, -0.655925) (-0.0411613, -0.373336, -0.609909) (0.0674207, -0.479518, 0.260402) (0.369061, -0.128808, 0.268683) (0.608429, -0.178292, 0.124931) (0.714691, -0.417249, -0.362588) (0.671724, -0.54335, -0.0838636) 


# Original Graph 183 in [150, 200)
13 vertices
0 1
0 2
0 3
0 4
1 4
1 5
1 6
2 6
2 3
3 7
4 7
4 8
4 9
4 10
4 11
5 11
5 6
7 12
7 8
8 9
9 12
9 10
10 11
11 12

# Unit Distance Graph 183
13 vertices
0 9
0 10
0 11
0 12
1 7
1 8
1 9
1 12
2 4
2 10
2 9
3 4
3 11
3 10
4 7
4 12
4 11
4 5
4 6
5 8
5 7
6 9
6 8
7 11

# Embedding 183 (with cost 8.77468e-15)
(0.20922, 0.470457, 0.0308484) (-0.0857683, 0.232578, 0.0750896) (0.439338, 0.429412, 0.305292) (0.722279, 0.399541, 0.0956208) (0.0214794, -0.000128097, -0.495264) (0.183884, -0.227514, 0.464903) (0.247115, 0.238974, 0.449151) (0.902939, 0.212068, -0.0733606) (0.763084, -0.0953899, -0.339504) (0.629698, -0.402748, -0.215546) (0.34046, -0.52066, 0.0093425) (0.305188, -0.476736, 0.336815) (0.683256, -0.40368, 0.136557) 


# Original Graph 184 in [150, 200)
13 vertices
0 1
0 2
0 3
1 3
1 4
2 5
2 6
3 6
3 7
4 8
4 9
4 10
5 10
5 11
5 12
5 8
6 8
6 7
7 8
8 12
8 9
9 12
9 11
10 11

# Unit Distance Graph 184
13 vertices
0 8
0 9
0 12
1 5
1 8
1 12
2 4
2 9
2 8
3 5
3 12
3 9
3 11
4 6
4 8
4 5
5 8
5 7
6 10
6 11
6 9
7 11
7 10
8 10

# Embedding 184 (with cost 7.40523e-15)
(-0.455211, -0.985729, 0.125849) (-0.255171, -0.909591, 0.539284) (-0.337168, -0.822408, -0.331179) (-0.658311, -0.788385, 0.350997) (0.0246785, -0.770045, 0.599587) (-0.00462404, -0.646076, -0.392267) (-0.743942, -0.541766, 0.00199914) (-0.719253, -0.340461, 0.236943) (-0.46146, 0.0109158, 0.207452) (0.155283, -0.210413, 0.287654) (0.197406, -0.73818, 0.276381) (0.253149, -0.495242, 0.0623678) (-0.0275856, -0.0884935, 0.0158302) 


# Original Graph 185 in [150, 200)
13 vertices
0 1
0 2
0 3
0 4
1 4
1 5
1 6
2 6
2 5
2 3
3 7
4 8
4 9
4 5
5 9
5 10
5 6
7 10
7 11
8 11
8 12
9 12
10 12
11 12

# Unit Distance Graph 185
13 vertices
0 5
0 10
0 12
0 9
1 7
1 11
1 12
1 10
2 4
2 9
2 12
2 8
3 4
3 5
3 9
4 7
4 10
4 5
5 8
5 11
5 7
6 8
6 12
6 11

# Embedding 185 (with cost 9.76497e-15)
(-0.107153, -0.362244, 0.778057) (-0.267452, -0.641227, 0.412852) (0.16384, -0.291517, 0.581901) (0.0784027, 0.0534395, 0.675747) (-0.831703, -0.317611, 0.491277) (-0.13038, -0.336001, -0.221329) (0.0394276, -0.526042, 0.295573) (-0.0737286, 0.334093, 0.518782) (-0.769693, 0.0413022, 0.448687) (-0.57197, -0.101136, -0.0679737) (-0.182926, 0.2681, 0.00544815) (-0.426912, 0.345356, 0.447866) (-0.522362, 0.286545, 0.140346) 


# Original Graph 186 in [150, 200)
13 vertices
0 1
0 2
0 3
0 4
1 4
1 5
1 6
1 2
2 6
2 3
3 7
4 8
4 9
4 10
4 5
5 10
5 11
5 6
7 11
7 8
8 9
9 12
10 12
11 12

# Unit Distance Graph 186
13 vertices
0 5
0 11
0 12
0 10
1 7
1 8
1 9
1 12
1 11
2 4
2 10
2 12
2 9
3 4
3 5
3 10
4 7
4 11
4 5
4 6
5 8
5 7
6 9
6 8

# Embedding 186 (with cost 9.30692e-15)
(0.731512, -0.322467, 0.112116) (0.268428, -0.246318, 0.0135614) (0.494967, -0.110319, 0.364837) (0.835326, 0.114609, 0.409628) (0.867853, -0.115361, -0.563026) (0.0774868, 0.370898, -0.190369) (0.144884, 0.0393408, 0.110311) (0.962143, 0.425721, 0.27264) (1.07396, 0.331889, -0.116046) (0.94718, 0.368951, -0.387362) (0.474828, 0.458345, -0.457486) (0.666091, 0.671187, 0.0206126) (0.724025, 0.577332, -0.324124) 


# Original Graph 187 in [150, 200)
13 vertices
0 1
0 2
0 3
0 4
1 4
1 5
1 6
1 7
2 8
2 9
2 10
3 5
3 11
4 11
4 12
5 12
5 11
5 10
6 10
6 9
6 7
7 8
8 9
11 12

# Unit Distance Graph 187
13 vertices
0 1
0 6
0 10
0 5
1 3
1 5
1 10
1 2
2 5
2 12
2 4
3 7
3 6
4 10
4 6
4 9
5 8
5 7
6 11
7 11
8 11
8 12
9 12
9 11

# Embedding 187 (with cost 8.53976e-15)
(0.542429, -0.321202, -0.822789) (-0.0207987, 0.325635, -0.308614) (0.296596, -0.252551, -1.06025) (0.349874, -0.589808, -0.465348) (0.220167, 0.0556073, -0.111993) (-0.267798, -0.643075, -0.332963) (-0.432953, -0.102692, -0.852516) (-0.0983363, 0.275262, -0.69065) (0.0836707, -0.0346195, -1.04448) (-0.191487, -0.102224, -1.00956) (-0.406667, -0.54821, -0.604419) (0.17008, -0.548209, -0.190803) (0.119481, -0.283253, -0.0765412) 


# Original Graph 188 in [150, 200)
13 vertices
0 1
0 2
0 3
1 4
1 5
1 6
2 7
2 8
2 9
2 3
3 4
4 10
5 10
5 9
6 11
6 12
6 8
6 7
7 8
8 12
9 12
9 11
9 10
11 12

# Unit Distance Graph 188
13 vertices
0 9
0 11
0 12
1 2
1 9
1 12
1 8
2 6
2 11
2 9
2 5
3 6
3 12
3 11
4 6
4 8
4 12
5 8
5 7
6 10
6 9
7 9
7 10
8 10

# Embedding 188 (with cost 9.34294e-15)
(0.118723, -0.167195, -0.454828) (0.283311, 0.443002, -0.523991) (-0.154225, -0.373521, -0.147358) (0.263163, -0.317105, -0.24733) (0.510675, -0.16719, -0.138584) (0.58087, 0.288474, -0.0010755) (-0.0950336, 0.616003, -0.279032) (-0.361281, -0.028853, -0.109034) (-0.39768, 0.141629, 0.143411) (0.462727, 0.170537, 0.421299) (0.597622, 0.0471031, 0.164343) (0.0547011, 0.504525, 0.283206) (-0.202401, 0.341201, 0.34418) 


# Original Graph 189 in [150, 200)
13 vertices
0 1
0 2
0 3
0 4
1 4
1 5
1 6
2 6
2 7
3 7
3 8
4 9
4 10
4 5
5 10
5 6
6 10
6 11
7 12
8 12
8 9
9 11
9 10
11 12

# Unit Distance Graph 189
13 vertices
0 6
0 11
0 9
0 10
1 8
1 9
1 11
1 12
2 4
2 10
2 9
3 5
3 6
3 10
4 7
4 12
4 11
4 6
5 8
5 12
5 7
6 9
6 8
7 10

# Embedding 189 (with cost 9.91052e-15)
(-0.0933031, -0.29492, -0.32417) (-0.153625, 0.0277207, 0.150306) (-0.749866, -0.144712, -0.276513) (-0.267545, -0.22314, -0.620937) (0.122089, 0.321658, -0.127536) (-0.247468, 0.373872, 0.181044) (-0.858909, 0.232187, 0.0446193) (-0.642208, -0.131685, -0.586154) (-0.33571, 0.250561, -0.807393) (-0.247998, 0.644013, -0.631537) (-0.207211, 0.693746, -0.226374) (-0.791201, 0.391413, -0.528829) (-0.687513, 0.144507, -0.687145) 


# Original Graph 190 in [150, 200)
13 vertices
0 1
0 2
0 3
0 4
1 5
1 6
1 2
2 7
2 8
2 9
3 9
3 10
3 11
4 11
4 5
5 11
5 6
6 10
6 7
7 12
7 8
8 12
9 12
10 12

# Unit Distance Graph 190
13 vertices
0 6
0 7
0 12
0 10
1 3
1 10
1 12
1 9
2 3
2 11
2 5
2 6
2 10
3 7
3 6
4 7
4 8
4 12
5 9
5 12
5 8
6 9
7 11
8 11

# Embedding 190 (with cost 9.99482e-15)
(0.482627, 0.499368, -0.00312241) (0.83612, 0.128871, 0.268144) (0.320577, 0.575826, 0.451917) (-0.0259216, -0.126976, -0.169378) (0.633796, 0.0704326, -0.168375) (0.789218, -0.190753, 0.0129044) (0.701549, -0.348332, 0.480074) (0.330839, -0.12292, 0.764809) (0.127152, 0.126333, 0.691967) (-0.159258, 0.0709223, 0.191565) (-0.0569497, -0.316538, 0.204612) (0.38787, -0.149483, -0.23321) (-0.0990093, -0.161358, 0.471367) 


# Original Graph 191 in [150, 200)
13 vertices
0 1
0 2
0 3
1 4
1 5
2 5
2 6
2 3
3 7
4 8
4 9
4 10
5 10
5 9
5 11
5 8
5 12
6 12
6 7
7 12
8 12
8 11
9 11
9 10

# Unit Distance Graph 191
13 vertices
0 5
0 8
0 11
1 5
1 12
1 8
2 4
2 9
2 11
2 8
3 5
3 11
3 9
4 6
4 12
4 5
5 8
5 12
5 7
6 10
6 9
7 9
7 10
10 12

# Embedding 191 (with cost 9.29507e-15)
(-0.0622308, -0.447838, 0.168572) (0.129244, -0.629513, 0.0622982) (-0.285538, 0.0577523, -0.0838407) (-0.0753493, -0.177967, 0.257558) (0.400773, -0.668232, -0.0399772) (0.0846309, 3.56153e-05, -0.713381) (-0.0359828, 0.220746, 0.097726) (0.207382, 0.213564, 0.255814) (0.695377, 0.194761, 0.0541293) (0.527516, -0.318952, -0.52773) (0.419421, -0.536041, -0.371188) (0.645529, -0.067259, -0.426605) (0.458147, 0.309674, 0.161039) 


# Original Graph 192 in [150, 200)
13 vertices
0 1
0 2
0 3
1 4
1 5
1 6
1 7
2 8
2 9
3 9
3 10
4 10
4 11
4 8
4 5
5 8
5 12
6 12
6 7
7 8
8 12
9 11
9 10
10 11

# Unit Distance Graph 192
13 vertices
0 4
0 5
0 8
1 2
1 9
1 11
1 4
1 8
2 5
2 4
3 5
3 12
3 8
4 8
4 7
5 9
6 9
6 10
6 11
7 11
7 10
8 10
9 12
10 12

# Embedding 192 (with cost 9.7903e-15)
(-0.540455, -0.579273, 0.158065) (-0.264024, -0.872113, 0.00481008) (-0.968921, -0.337843, -0.461747) (-0.563671, -0.259212, 0.0974316) (-0.0122315, -0.0501142, -0.505991) (-0.0162218, -0.535746, -0.692396) (-0.27498, -0.945504, -0.280053) (-0.508528, -0.915518, -0.436955) (-0.779273, -0.613826, -0.812384) (-0.847889, -0.126712, -0.316869) (-0.406781, 0.0373581, -0.151166) (-0.248175, 0.0486022, -0.385102) (-0.188439, -0.796744, -0.657723) 


# Original Graph 193 in [150, 200)
13 vertices
0 1
0 2
0 3
1 4
1 5
1 6
1 7
1 8
2 8
2 9
3 9
3 10
4 11
4 8
4 5
5 8
5 6
6 8
6 7
7 8
9 12
10 12
10 11
11 12

# Unit Distance Graph 193
13 vertices
0 4
0 5
0 8
1 2
1 9
1 12
1 11
1 4
1 8
2 5
2 4
3 5
3 6
3 8
4 8
5 9
6 10
6 12
6 9
7 10
7 11
7 12
8 11
8 10

# Embedding 193 (with cost 8.49679e-15)
(0.343561, 0.493965, -0.100501) (0.513676, 0.356549, 0.277283) (-0.323998, -0.00510042, -0.132001) (0.28912, 0.380273, -0.36264) (0.549191, -0.466116, -0.290134) (0.528986, -0.464684, 0.115388) (0.359732, -0.244155, 0.415244) (0.305172, 0.0409037, 0.44674) (-0.297838, -0.219778, 0.180885) (-0.174418, 0.0463167, -0.378677) (0.342858, 0.00897996, -0.55204) (0.440625, -0.279692, -0.490742) (0.065496, -0.0476392, -0.520067) 


# Original Graph 194 in [150, 200)
13 vertices
0 1
0 2
0 3
0 4
1 5
1 6
2 7
2 8
2 9
2 10
3 10
3 9
3 8
3 11
3 4
4 5
5 12
6 12
6 11
7 11
7 8
8 9
9 10
11 12

# Unit Distance Graph 194
13 vertices
0 3
0 11
0 7
0 8
1 3
1 8
1 9
2 3
2 4
2 5
2 12
2 11
3 7
3 11
3 6
4 8
4 7
5 9
5 8
6 9
6 10
9 12
10 11
10 12

# Embedding 194 (with cost 7.79443e-15)
(0.273613, -0.215688, 0.122651) (0.195892, -0.195832, -0.278159) (0.180944, 0.097196, 0.368543) (-0.72612, -0.232876, 0.107225) (-0.528218, -0.379681, -0.150761) (-0.343548, -0.319192, -0.374107) (-0.00384037, 0.0584088, -0.520043) (-0.234782, 0.573677, -0.221498) (-0.335161, 0.576004, 0.0714858) (-0.335338, 0.335391, 0.381839) (-0.188025, 0.105356, 0.461727) (-0.227369, 0.38918, -0.496342) (-0.243191, -0.0937099, -0.516705) 


# Original Graph 195 in [150, 200)
13 vertices
0 1
0 2
0 3
0 4
1 4
1 5
1 2
2 6
3 7
3 8
3 9
3 4
4 9
4 8
4 10
4 11
5 12
5 6
6 12
7 11
7 10
8 10
8 9
11 12

# Unit Distance Graph 195
13 vertices
0 4
0 11
0 7
0 10
1 3
1 8
1 10
1 7
2 4
2 10
2 8
3 5
3 12
3 11
3 4
4 7
4 11
4 12
4 6
5 9
5 8
6 8
6 9
9 12

# Embedding 195 (with cost 8.4831e-15)
(-0.21336, -0.328952, -0.236536) (-0.325213, 0.112299, 0.386694) (-0.367966, -0.0402993, -0.178995) (0.177064, -0.397281, -0.311909) (0.206327, -0.087092, 0.638316) (-0.323454, 0.317374, 0.176711) (-0.31532, 0.326176, -0.108072) (0.429202, 0.43552, -0.184608) (0.605448, -0.0305426, 0.0498468) (0.466546, -0.279876, 0.0381726) (0.577955, 0.243591, -0.0220243) (0.179738, 0.581114, -0.105185) (-0.0994184, 0.535779, -0.0817891) 


# Original Graph 196 in [150, 200)
13 vertices
0 1
0 2
0 3
0 4
1 4
1 5
1 6
1 2
2 6
3 7
3 8
3 9
4 9
4 10
4 11
4 12
5 12
5 6
6 12
7 12
7 11
8 10
8 9
10 11

# Unit Distance Graph 196
13 vertices
0 4
0 12
0 7
0 11
1 3
1 8
1 10
1 11
1 7
2 4
2 11
2 10
3 5
3 12
3 4
4 7
4 12
4 6
5 9
5 8
6 10
6 8
6 9
9 12

# Embedding 196 (with cost 8.91905e-15)
(-0.350391, -0.598441, 0.397727) (0.29079, -0.168237, 0.0584989) (-0.287815, -0.323125, 0.380833) (-0.496927, -0.762697, 0.220111) (0.326531, -0.652055, -0.336373) (0.0332564, 0.0407799, -0.0506832) (-0.23946, 0.109403, -0.0204033) (-0.543881, -0.184974, -0.491996) (-0.362116, -0.851631, -0.26813) (-0.339446, -0.885064, 0.0118139) (-0.274364, -0.755794, -0.520619) (-0.383891, -0.506604, -0.597484) (-0.398545, 0.035581, -0.374088) 


# Original Graph 197 in [150, 200)
13 vertices
0 1
0 2
0 3
0 4
1 4
1 5
1 2
2 6
2 7
2 8
2 9
3 9
3 10
3 11
4 12
4 5
5 12
5 6
6 12
6 11
7 11
7 10
8 10
8 9

# Unit Distance Graph 197
13 vertices
0 2
0 7
0 11
0 6
1 3
1 11
1 7
1 10
2 4
2 12
2 6
2 11
2 3
3 6
3 5
4 8
4 10
4 7
5 10
5 8
5 9
6 9
8 12
9 12

# Embedding 197 (with cost 8.49218e-15)
(0.0230211, -0.487951, -0.166272) (0.276708, 0.0682402, 0.0444619) (0.105318, -0.0175372, 0.712328) (-0.386201, -0.674286, 0.140411) (0.0540181, -0.122077, -0.280868) (-0.0310308, 0.201259, -0.187118) (-0.55204, 0.305853, 0.0316679) (-0.636004, -0.040557, 0.438315) (-0.155061, -0.270865, 0.685645) (-0.228798, -0.54199, 0.451998) (-0.515598, -0.316975, 0.517601) (-0.716487, 0.103299, 0.155521) (-0.320949, 0.249741, -0.151882) 


# Original Graph 198 in [150, 200)
13 vertices
0 1
0 2
0 3
0 4
1 4
1 5
1 2
2 6
2 3
3 7
3 8
3 9
4 9
4 8
4 10
5 11
5 6
6 11
7 11
7 12
8 12
8 9
10 12
10 11

# Unit Distance Graph 198
13 vertices
0 7
0 12
0 10
0 11
1 3
1 8
1 12
1 7
2 4
2 10
2 12
2 8
3 5
3 11
3 10
3 4
4 7
4 11
4 6
5 9
5 8
6 8
6 9
9 11

# Embedding 198 (with cost 9.42676e-15)
(0.0739558, 0.120735, -0.527821) (0.464337, 0.0951671, -0.340383) (0.136997, 0.594456, -0.303873) (-0.40446, 0.501142, -0.0568759) (0.0127854, -0.393804, -0.214915) (0.566894, 0.277951, 0.0247052) (0.409624, 0.506448, -0.0358516) (-0.124665, 0.365435, 0.421216) (-0.331843, -0.110154, 0.228775) (-0.321239, -0.175982, -0.0471513) (0.254087, -0.0658177, 0.437969) (0.464811, 0.270513, 0.380363) (-0.156557, -0.010414, 0.436369) 


# Original Graph 199 in [150, 200)
13 vertices
0 1
0 2
0 3
1 4
1 5
2 6
2 7
3 7
3 4
4 8
5 9
5 10
5 11
5 6
6 11
6 12
6 9
7 8
8 9
9 12
9 10
10 12
10 11
11 12

# Unit Distance Graph 199
13 vertices
0 9
0 10
0 12
1 6
1 9
1 12
2 5
2 10
2 9
3 10
3 11
3 12
4 6
4 12
4 11
5 7
5 8
5 9
5 6
6 9
6 8
7 11
7 10
8 11

# Embedding 199 (with cost 9.75063e-15)
(-0.673031, -0.526893, -0.218372) (-0.20598, -0.19605, -0.429944) (-0.695846, -0.791942, 0.0425616) (-0.728896, -0.256968, -0.131705) (-0.564769, -0.0271936, -0.182584) (0.0703731, -0.289609, -0.358149) (-0.455818, -0.957097, 0.168712) (-0.809375, -0.407298, 0.102494) (-0.513674, 0.0154612, 0.394062) (-0.253353, -0.0591633, 0.559509) (0.171718, -0.36074, 0.290344) (0.157725, -0.661497, 0.0924816) (0.0105902, -0.46422, 0.508769) 
