# Original Graph 550 in [550, 600)
14 vertices
0 1
0 2
0 3
1 4
1 5
2 5
2 6
2 7
2 3
3 7
3 6
3 4
4 8
4 9
5 10
5 11
6 11
6 8
6 7
8 11
8 12
9 13
9 10
10 13
11 12
12 13

# Unit Distance Graph
14 vertices
0 8
0 12
0 11
1 6
1 8
1 11
2 4
2 9
2 13
2 12
2 8
3 5
3 11
3 12
3 13
3 10
4 6
4 11
4 5
5 8
5 6
6 10
6 9
7 9
7 10
7 13

# Embedding (with cost 7.30107e-15)
(0.137382, 0.562592, 0.292865) (0.0658429, 0.447663, 0.670065) (0.54744, 0.562064, 0.336306) (-0.0228033, 0.38376, -0.00106955) (-0.311439, 0.0604958, 0.23259) (0.364998, 0.327574, 0.91896) (0.66406, -0.0516693, 0.0433247) (0.540342, 0.292967, 0.014536) (0.348185, -0.413916, 0.248206) (-0.144801, -0.0973382, 0.629548) (0.186343, 0.0455018, 0.916448) (0.609166, -0.318469, 0.326785) (0.318368, -0.391893, 0.529933) (0.14289, -0.252165, 0.752684) 
# Original Graph 551 in [550, 600)
14 vertices
0 1
0 2
0 3
1 3
1 4
1 5
2 5
2 6
3 6
3 7
4 7
4 8
5 9
5 10
5 11
6 11
6 10
6 12
7 8
8 12
8 9
9 12
9 13
10 13
10 11
12 13

# Unit Distance Graph
14 vertices
0 9
0 13
0 12
1 6
1 12
1 13
1 10
2 8
2 9
2 12
3 5
3 10
3 13
3 9
4 6
4 10
4 11
5 7
5 8
5 12
5 6
6 9
6 8
7 11
7 10
8 11

# Embedding (with cost 9.64127e-15)
(-0.408559, 0.317747, 0.560137) (-0.218811, 0.186979, 0.728138) (-0.299099, 0.499779, 0.366757) (-0.686255, -0.0746609, 0.259985) (-0.0326743, -0.261522, 0.61549) (0.0686955, 0.579981, 0.221338) (-0.622161, -0.034443, -0.159714) (-0.277055, -0.322042, 0.479815) (0.128008, -0.40416, 0.388516) (0.287028, -0.286595, 0.17164) (0.121091, 0.285923, -0.207104) (-0.0130121, 0.481945, -0.052994) (-0.0751861, -0.356324, -0.0990224) (0.221533, 0.00687833, -0.151442) 
# Original Graph 552 in [550, 600)
14 vertices
0 1
0 2
0 3
0 4
1 5
1 6
2 6
2 7
2 8
3 8
3 4
4 5
5 9
5 10
6 10
6 11
6 12
6 13
7 13
7 9
7 8
9 13
9 11
10 11
11 12
12 13

# Unit Distance Graph
14 vertices
0 9
0 11
0 12
0 13
1 7
1 9
1 13
2 5
2 10
2 11
2 9
3 6
3 12
3 11
4 6
4 13
4 12
5 7
5 13
5 6
6 9
6 7
6 8
7 10
8 11
8 10

# Embedding (with cost 8.63856e-15)
(-0.301949, 0.74359, -0.534769) (-0.0450846, 0.576738, -0.633673) (-0.537917, 0.514802, -0.702636) (-0.491044, 0.703644, -0.258886) (-0.166382, 0.689746, -0.0899498) (0.0741005, 0.435326, 0.084204) (-0.0198033, 0.025855, -0.823274) (-0.814062, 0.0901126, -0.219102) (-0.748731, 0.464794, -0.29792) (-0.333193, -0.00652616, 0.125799) (0.179247, 0.140137, -0.115013) (0.0433137, -0.140743, -0.220526) (-0.237064, -0.248609, -0.42832) (-0.611587, -0.179281, -0.305785) 
# Original Graph 553 in [550, 600)
14 vertices
0 1
0 2
0 3
0 4
0 5
1 5
1 2
2 6
2 7
2 8
2 3
3 9
3 10
4 10
4 5
5 11
5 6
6 7
7 11
7 8
8 12
9 12
9 13
9 10
11 13
12 13

# Unit Distance Graph
14 vertices
0 7
0 8
0 12
0 13
0 11
1 9
1 13
1 12
2 4
2 5
2 11
2 13
2 9
2 10
3 5
3 6
3 7
3 11
4 8
4 7
5 9
5 12
5 8
6 10
6 9
7 10

# Embedding (with cost 9.58375e-15)
(0.129987, -0.15874, 0.883265) (0.370339, -0.15188, 0.70405) (0.640481, -0.599663, 0.49819) (-0.0509709, -0.76277, 0.846021) (-0.219886, -0.148181, 0.734689) (-0.0350242, 0.130757, 0.397295) (0.403321, -0.238267, 0.125941) (0.307749, -0.48502, -0.0451437) (0.230424, -0.791172, 0.115187) (-0.334265, -0.820845, 0.467365) (-0.334565, -0.56365, 0.717254) (-0.151309, -0.346715, -0.0577658) (-0.160758, -0.844632, 0.216166) (-0.268367, -0.603501, 0.0810785) 
# Original Graph 554 in [550, 600)
14 vertices
0 1
0 2
0 3
0 4
1 5
1 2
2 6
2 7
2 3
3 8
3 9
4 9
4 5
5 9
5 10
5 6
6 11
7 11
7 12
8 12
8 13
8 9
10 13
10 11
11 12
12 13

# Unit Distance Graph
14 vertices
0 10
0 11
0 12
0 13
1 8
1 13
1 12
2 5
2 10
2 13
2 8
2 9
3 5
3 6
3 11
3 10
4 7
4 12
4 11
5 8
5 12
5 7
6 9
6 8
7 9
9 11

